 0.230469
0.0211416
 0.739773
  2.01977
 0.205813
 0.325861
 0.230469
0.0211416
 0.739773
  2.01977
 0.205813
 0.325861
 0.230469
0.0211416
 0.739773
  2.01977
 0.205813
 0.325861
 0.230394
0.0211638
 0.739453
  2.01963
 0.205584
 0.326096
 0.230394
0.0211638
 0.739453
  2.01963
 0.205584
 0.326096
 0.230157
0.0214555
 0.738174
  2.01905
 0.205469
 0.326644
 0.230157
0.0214555
 0.738174
  2.01905
 0.205469
 0.326644
 0.230159
0.0226741
 0.735966
  2.01883
 0.206079
 0.329284
 0.230159
0.0226741
 0.735966
  2.01883
 0.206079
 0.329284
 0.230393
0.0248776
 0.732849
  2.01902
 0.207591
 0.333799
 0.230393
0.0248776
 0.732849
  2.01902
 0.207591
 0.333799
 0.228028
0.0243425
 0.728393
  2.01482
 0.204662
 0.329428
 0.228028
0.0243425
 0.728393
  2.01482
 0.204662
 0.329428
 0.229152
0.0293923
 0.723835
   2.0174
 0.210113
 0.339619
 0.229152
0.0293923
 0.723835
   2.0174
 0.210113
 0.339619
 0.226346
0.0292502
 0.717147
  2.01208
 0.206829
 0.334041
 0.226346
0.0292502
 0.717147
  2.01208
 0.206829
 0.334041
 0.225036
0.0318976
  0.71012
  2.00995
 0.207675
 0.335131
 0.225036
0.0318976
  0.71012
  2.00995
 0.207675
 0.335131
0.223891
0.036312
 0.70372
 2.01107
0.212916
0.341082
0.223891
0.036312
 0.70372
 2.01107
0.212916
0.341082
 0.222192
0.0381844
 0.693483
  2.00557
 0.211066
 0.336977
 0.222192
0.0381844
 0.693483
  2.00557
 0.211066
 0.336977
 0.220338
0.0414075
 0.683761
  2.00255
 0.212727
  0.33588
 0.220338
0.0414075
 0.683761
  2.00255
 0.212727
  0.33588
 0.217849
0.0452853
 0.675452
   2.0023
 0.217495
 0.337685
 0.217849
0.0452853
 0.675452
   2.0023
 0.217495
 0.337685
 0.215738
0.0488331
 0.664493
  1.99932
 0.220557
 0.335605
 0.215738
0.0488331
 0.664493
  1.99932
 0.220557
 0.335605
 0.21475
0.052929
0.649994
 1.99337
0.220721
0.331309
 0.21475
0.052929
0.649994
 1.99337
0.220721
0.331309
 0.211488
0.0566497
 0.639859
  1.99222
 0.226022
 0.329555
 0.211488
0.0566497
 0.639859
  1.99222
 0.226022
 0.329555
 0.210746
0.0617303
 0.623788
   1.9867
 0.227519
 0.325783
 0.210746
0.0617303
 0.623788
   1.9867
 0.227519
 0.325783
 0.207322
0.0656289
 0.612668
  1.98541
 0.233387
 0.322468
 0.207322
0.0656289
 0.612668
  1.98541
 0.233387
 0.322468
 0.206581
0.0712472
 0.595168
  1.97989
 0.236026
 0.317321
 0.206581
0.0712472
 0.595168
  1.97989
 0.236026
 0.317321
 0.204404
0.0757582
 0.580769
  1.97663
 0.240702
 0.310904
 0.204404
0.0757582
 0.580769
  1.97663
 0.240702
 0.310904
 0.201969
0.0800285
  0.56974
  1.97652
 0.248159
 0.305767
 0.201969
0.0800285
  0.56974
  1.97652
 0.248159
 0.305767
 0.200897
0.0852503
 0.552814
  1.97208
 0.252507
 0.297528
 0.200897
0.0852503
 0.552814
  1.97208
 0.252507
 0.297528
 0.200897
0.0852503
 0.552814
  1.97208
 0.252507
 0.297528
 0.199258
0.0900002
 0.539043
  1.97016
   0.2589
 0.289901
 0.197764
0.0948855
 0.528648
  1.97122
 0.268366
 0.283969
 0.197764
0.0948855
 0.528648
  1.97122
 0.268366
 0.283969
0.196601
0.100017
0.512054
 1.96759
0.273995
 0.27369
0.196601
0.100017
0.512054
 1.96759
0.273995
 0.27369
0.195636
0.105299
0.499032
 1.96699
0.281784
0.266433
0.195636
0.105299
0.499032
 1.96699
0.281784
0.266433
0.194599
0.110325
0.489005
 1.96837
0.290755
0.259939
0.194599
0.110325
0.489005
 1.96837
0.290755
0.259939
0.194028
 0.11607
0.473437
 1.96646
0.298242
0.251046
0.194028
 0.11607
0.473437
 1.96646
0.298242
0.251046
0.192855
0.120867
0.463421
 1.96723
0.306809
0.242225
0.192855
0.120867
0.463421
 1.96723
0.306809
0.242225
0.192663
0.126977
0.448276
 1.96618
0.314919
0.234674
0.192663
0.126977
0.448276
 1.96618
0.314919
0.234674
0.192064
0.132462
0.435864
 1.96615
0.323165
0.226456
0.192064
0.132462
0.435864
 1.96615
0.323165
0.226456
0.190772
 0.13696
 0.42592
 1.96617
0.330443
0.215736
0.190772
 0.13696
 0.42592
 1.96617
0.330443
0.215736
0.191008
0.143503
0.411252
 1.96636
0.339858
0.209626
0.191008
0.143503
0.411252
 1.96636
0.339858
0.209626
0.190494
0.149044
0.398912
 1.96654
0.348629
0.200724
0.190494
0.149044
0.398912
 1.96654
0.348629
0.200724
 0.18897
0.153209
0.388888
 1.96575
0.355308
0.187482
 0.18897
0.153209
0.388888
 1.96575
0.355308
0.187482
0.189592
0.159816
0.375053
 1.96744
0.366218
0.182212
0.189592
0.159816
0.375053
 1.96744
0.366218
0.182212
0.189247
0.164725
0.364262
 1.96841
0.374881
0.172797
0.189247
0.164725
0.364262
 1.96841
0.374881
0.172797
0.188985
0.169359
0.354197
  1.9696
0.383624
0.162465
0.188985
0.169359
0.354197
  1.9696
0.383624
0.162465
0.188778
0.173644
0.344916
 1.97097
0.392022
0.152254
0.188778
0.173644
0.344916
 1.97097
0.392022
0.152254
0.188045
0.176906
 0.33703
  1.9715
0.399086
 0.13944
0.188045
0.176906
 0.33703
  1.9715
0.399086
 0.13944
0.188474
0.181198
0.328476
 1.97419
0.408546
0.131925
0.188474
0.181198
0.328476
 1.97419
0.408546
0.131925
0.188355
0.184468
0.321255
 1.97597
0.416773
 0.12173
0.188355
0.184468
0.321255
 1.97597
0.416773
 0.12173
0.188247
 0.18738
 0.31473
 1.97771
0.424626
0.111509
0.188247
 0.18738
 0.31473
 1.97771
0.424626
0.111509
0.188144
0.189929
0.308885
 1.97944
0.432157
0.101531
0.188144
0.189929
0.308885
 1.97944
0.432157
0.101531
  0.18804
 0.192109
 0.303718
  1.98118
 0.439351
0.0918486
  0.18804
 0.192109
 0.303718
  1.98118
 0.439351
0.0918486
 0.187933
 0.193919
 0.299227
  1.98289
 0.446184
0.0824949
 0.187933
 0.193919
 0.299227
  1.98289
 0.446184
0.0824949
 0.187821
 0.195357
 0.295415
  1.98459
 0.452633
0.0735006
 0.187821
 0.195357
 0.295415
  1.98459
 0.452633
0.0735006
 0.188407
 0.197194
 0.292606
  1.98758
 0.459801
0.0676682
 0.188407
 0.197194
 0.292606
  1.98758
 0.459801
0.0676682
 0.189406
 0.199109
 0.290659
  1.99126
 0.467097
0.0637164
 0.189406
 0.199109
 0.290659
  1.99126
 0.467097
0.0637164
0.190154
0.200372
0.289299
 1.99426
0.473296
0.058825
0.190154
0.200372
0.289299
 1.99426
0.473296
0.058825
 0.190658
 0.200998
 0.288532
  1.99659
 0.478486
0.0529497
 0.190658
 0.200998
 0.288532
  1.99659
 0.478486
0.0529497
 0.190995
 0.201141
 0.288209
  1.99847
 0.482847
0.0467457
 0.190995
 0.201141
 0.288209
  1.99847
 0.482847
0.0467457
 0.191391
 0.201252
 0.287869
  2.00031
 0.486702
0.0417074
 0.191391
 0.201252
 0.287869
  2.00031
 0.486702
0.0417074
 0.191837
 0.201325
 0.287521
  2.00212
 0.490111
0.0377011
 0.191837
 0.201325
 0.287521
  2.00212
 0.490111
0.0377011
 0.191837
 0.201325
 0.287521
  2.00212
 0.490111
0.0377011
 0.192333
 0.201354
 0.287169
  2.00385
 0.493168
0.0346194
 0.192874
 0.201332
 0.286821
  2.00556
 0.496139
0.0320289
 0.192874
 0.201332
 0.286821
  2.00556
 0.496139
0.0320289
 0.193442
 0.201249
 0.286496
  2.00696
 0.498583
0.0302524
 0.193442
 0.201249
 0.286496
  2.00696
 0.498583
0.0302524
 0.194035
 0.201099
 0.286201
  2.00814
  0.50077
0.0289259
 0.194035
 0.201099
 0.286201
  2.00814
  0.50077
0.0289259
 0.194644
 0.200873
 0.285946
  2.00906
 0.502751
0.0279187
 0.194644
 0.200873
 0.285946
  2.00906
 0.502751
0.0279187
  0.19526
 0.200564
 0.285742
  2.00978
 0.504628
0.0271288
  0.19526
 0.200564
 0.285742
  2.00978
 0.504628
0.0271288
  0.19589
 0.200154
 0.285599
  2.01018
 0.506048
0.0263876
  0.19589
 0.200154
 0.285599
  2.01018
 0.506048
0.0263876
 0.196466
 0.199697
 0.285523
  2.01028
 0.507691
0.0257669
 0.196466
 0.199697
 0.285523
  2.01028
 0.507691
0.0257669
 0.197106
 0.199082
 0.285512
  2.00986
 0.509047
0.0255166
 0.197106
 0.199082
 0.285512
  2.00986
 0.509047
0.0255166
 0.197688
 0.198376
 0.285601
  2.00915
 0.510331
0.0250935
 0.197688
 0.198376
 0.285601
  2.00915
 0.510331
0.0250935
0.198253
0.197571
0.285766
 2.00823
0.511504
0.024609
0.198253
0.197571
0.285766
 2.00823
0.511504
0.024609
 0.198796
 0.196655
 0.286021
  2.00684
  0.51266
0.0242458
 0.198796
 0.196655
 0.286021
  2.00684
  0.51266
0.0242458
 0.199312
 0.195629
 0.286366
   2.0051
 0.513772
0.0239036
 0.199312
 0.195629
 0.286366
   2.0051
 0.513772
0.0239036
 0.199798
 0.194493
   0.2868
  2.00303
 0.514851
0.0235944
 0.199798
 0.194493
   0.2868
  2.00303
 0.514851
0.0235944
 0.200253
 0.193256
 0.287319
   2.0006
 0.515872
0.0231108
 0.200253
 0.193256
 0.287319
   2.0006
 0.515872
0.0231108
 0.200677
 0.191915
 0.287921
  1.99818
  0.51689
0.0228663
 0.200677
 0.191915
 0.287921
  1.99818
  0.51689
0.0228663
 0.201834
 0.191205
 0.288904
   1.9968
 0.518857
0.0256369
 0.201834
 0.191205
 0.288904
   1.9968
 0.518857
0.0256369
 0.204086
 0.191451
 0.290406
  1.99709
 0.522205
0.0328521
 0.204086
 0.191451
 0.290406
  1.99709
 0.522205
0.0328521
 0.206481
 0.191747
 0.292038
  1.99709
 0.525583
0.0402247
 0.206481
 0.191747
 0.292038
  1.99709
 0.525583
0.0402247
 0.209012
 0.192079
 0.293795
  1.99625
 0.528951
0.0475879
 0.209012
 0.192079
 0.293795
  1.99625
 0.528951
0.0475879
 0.211638
 0.192437
 0.295641
  1.99588
 0.532208
0.0544855
 0.211638
 0.192437
 0.295641
  1.99588
 0.532208
0.0544855
 0.214376
 0.192817
 0.297577
  1.99495
 0.535434
0.0612608
 0.214376
 0.192817
 0.297577
  1.99495
 0.535434
0.0612608
 0.217218
 0.193211
 0.299589
  1.99364
 0.538677
0.0680284
 0.217218
 0.193211
 0.299589
  1.99364
 0.538677
0.0680284
 0.220183
 0.193616
 0.301681
  1.99142
 0.542085
0.0752927
 0.220183
 0.193616
 0.301681
  1.99142
 0.542085
0.0752927
0.223224
0.194019
0.303808
  1.9894
0.545517
0.082338
0.223224
0.194019
0.303808
  1.9894
0.545517
0.082338
 0.226332
 0.194412
 0.305955
  1.98721
  0.54887
0.0892079
 0.226332
 0.194412
 0.305955
  1.98721
  0.54887
0.0892079
 0.229512
  0.19479
 0.308116
  1.98473
 0.552278
0.0961808
 0.229512
  0.19479
 0.308116
  1.98473
 0.552278
0.0961808
0.232775
0.195148
0.310289
 1.98165
0.555842
0.103561
0.232775
0.195148
0.310289
 1.98165
0.555842
0.103561
0.236082
0.195475
0.312439
 1.97867
0.559408
0.110804
0.236082
0.195475
0.312439
 1.97867
0.559408
0.110804
0.239459
0.195769
0.314574
 1.97512
 0.56314
0.118471
0.239459
0.195769
0.314574
 1.97512
 0.56314
0.118471
0.242876
0.196022
 0.31667
 1.97128
0.566941
0.126288
0.242876
0.196022
 0.31667
 1.97128
0.566941
0.126288
0.246262
0.196232
0.318685
 1.96694
0.570683
0.134079
0.246262
0.196232
0.318685
 1.96694
0.570683
0.134079
0.249581
0.196396
0.320594
 1.96237
0.574237
0.141513
0.249581
0.196396
0.320594
 1.96237
0.574237
0.141513
0.252862
0.196511
0.322411
 1.95707
0.577826
0.149191
0.252862
0.196511
0.322411
 1.95707
0.577826
0.149191
0.256088
0.196576
0.324124
 1.95139
0.581365
0.156833
0.256088
0.196576
0.324124
 1.95139
0.581365
0.156833
0.259257
0.196589
 0.32573
 1.94542
0.584854
0.164421
0.259257
0.196589
 0.32573
 1.94542
0.584854
0.164421
0.262372
0.196552
0.327233
 1.93946
  0.5882
0.171669
0.262372
0.196552
0.327233
 1.93946
  0.5882
0.171669
0.265433
0.196466
0.328633
   1.933
0.591618
0.179183
0.265433
0.196466
0.328633
   1.933
0.591618
0.179183
0.268428
0.196334
 0.32993
 1.92662
0.594914
0.186392
0.268428
0.196334
 0.32993
 1.92662
0.594914
0.186392
0.271375
0.196158
0.331139
 1.92007
0.598192
0.193586
0.271375
0.196158
0.331139
 1.92007
0.598192
0.193586
 0.27428
0.195943
0.332266
 1.91336
0.601461
0.200787
 0.27428
0.195943
0.332266
 1.91336
0.601461
0.200787
0.277175
0.195691
0.333333
 1.90625
0.604823
0.208285
0.277175
0.195691
0.333333
 1.90625
0.604823
0.208285
0.280024
0.195411
0.334334
 1.89904
0.608176
0.215767
0.280024
0.195411
0.334334
 1.89904
0.608176
0.215767
0.282833
0.195111
0.335283
 1.89205
0.611414
0.222918
0.282833
0.195111
0.335283
 1.89205
0.611414
0.222918
0.285622
0.194794
0.336199
 1.88499
0.614643
0.230053
0.285622
0.194794
0.336199
 1.88499
0.614643
0.230053
0.288426
0.194463
0.337101
 1.87757
0.617973
 0.23749
0.288426
0.194463
0.337101
 1.87757
0.617973
 0.23749
0.291211
0.194132
0.337992
 1.87011
0.621299
0.244914
0.291211
0.194132
0.337992
 1.87011
0.621299
0.244914
0.293997
0.193805
 0.33889
 1.86263
0.624614
0.252303
0.293997
0.193805
 0.33889
 1.86263
0.624614
0.252303
0.296779
 0.19349
0.339804
 1.85541
0.627819
0.259367
0.296779
 0.19349
0.339804
 1.85541
0.627819
0.259367
0.299575
0.193193
0.340752
 1.84815
0.631021
0.266424
0.299575
0.193193
0.340752
 1.84815
0.631021
0.266424
0.302393
0.192919
0.341744
 1.84084
0.634228
0.273501
0.302393
0.192919
0.341744
 1.84084
0.634228
0.273501
0.305238
0.192674
0.342793
 1.83348
0.637439
0.280595
0.305238
0.192674
0.342793
 1.83348
0.637439
0.280595
0.308114
0.192462
0.343909
 1.82609
0.640654
0.287703
0.308114
0.192462
0.343909
 1.82609
0.640654
0.287703
0.311026
0.192288
0.345098
 1.81866
0.643873
0.294821
0.311026
0.192288
0.345098
 1.81866
0.643873
0.294821
0.314006
0.192153
0.346381
 1.81066
0.647295
0.302524
0.314006
0.192153
0.346381
 1.81066
0.647295
0.302524
0.317013
0.192062
0.347743
 1.80295
 0.65061
0.309898
0.317013
0.192062
0.347743
 1.80295
 0.65061
0.309898
0.320049
0.192017
0.349189
 1.79555
0.653808
0.316922
0.320049
0.192017
0.349189
 1.79555
0.653808
0.316922
0.323143
0.192018
0.350733
 1.78786
0.657103
0.324224
0.323143
0.192018
0.350733
 1.78786
0.657103
0.324224
0.326281
0.192064
0.352367
 1.78016
0.660398
0.331523
0.326281
0.192064
0.352367
 1.78016
0.660398
0.331523
0.329462
0.192155
0.354089
 1.77247
0.663684
0.338796
0.329462
0.192155
0.354089
 1.77247
0.663684
0.338796
0.332667
0.192288
0.355888
 1.76505
0.666862
0.345756
0.332667
0.192288
0.355888
 1.76505
0.666862
0.345756
0.332667
0.192288
0.355888
 1.76505
0.666862
0.345756
0.335926
0.192461
0.357773
 1.75736
 0.67014
0.353005
0.339235
0.192671
0.359738
 1.74937
0.673545
0.360547
0.339235
0.192671
0.359738
 1.74937
0.673545
0.360547
 0.34254
0.192911
0.361748
 1.74202
 0.67681
0.367541
 0.34254
0.192911
0.361748
 1.74202
 0.67681
0.367541
0.345818
0.193178
0.363783
 1.73436
0.679731
0.374267
0.345818
0.193178
0.363783
 1.73436
0.679731
0.374267
0.349041
0.193469
0.365826
 1.72617
0.682659
  0.3812
0.349041
0.193469
0.365826
 1.72617
0.682659
  0.3812
0.349041
0.193469
0.365826
 1.72617
0.682659
  0.3812
0.352201
0.193778
0.367864
 1.71749
0.685493
0.388216
0.355278
0.194099
0.369877
 1.70857
0.688147
0.395028
0.355278
0.194099
0.369877
 1.70857
0.688147
0.395028
0.358235
0.194421
 0.37183
 1.70023
0.690418
0.401035
0.358235
0.194421
 0.37183
 1.70023
0.690418
0.401035
0.361096
0.194742
0.373733
 1.69186
0.692522
0.406842
0.361096
0.194742
0.373733
 1.69186
0.692522
0.406842
0.363856
0.195055
0.375573
 1.68346
0.694487
0.412499
0.363856
0.195055
0.375573
 1.68346
0.694487
0.412499
 0.36651
0.195355
0.377338
 1.67507
0.696318
0.418001
 0.36651
0.195355
0.377338
 1.67507
0.696318
0.418001
0.369053
0.195636
0.379019
 1.66672
 0.69802
0.423343
0.369053
0.195636
0.379019
 1.66672
 0.69802
0.423343
0.369053
0.195636
0.379019
 1.66672
 0.69802
0.423343
0.371478
0.195893
0.380603
 1.65846
0.699597
0.428519
0.373818
0.196124
0.382107
  1.6495
0.701235
0.434131
0.373818
0.196124
0.382107
  1.6495
0.701235
0.434131
0.376019
0.196322
0.383489
 1.64115
0.702698
 0.43929
0.376019
0.196322
0.383489
 1.64115
0.702698
 0.43929
0.378069
0.196481
0.384738
  1.6334
0.703885
0.443826
0.378069
0.196481
0.384738
  1.6334
0.703885
0.443826
0.379989
0.196603
0.385864
 1.62582
0.704948
0.448168
0.379989
0.196603
0.385864
 1.62582
0.704948
0.448168
0.381777
0.196684
0.386864
 1.61862
0.705819
0.452493
0.381777
0.196684
0.386864
 1.61862
0.705819
0.452493
0.383433
0.196725
0.387736
 1.61112
0.706755
0.456356
0.383433
0.196725
0.387736
 1.61112
0.706755
0.456356
0.384964
0.196725
0.388484
 1.60388
0.707555
0.460343
0.384964
0.196725
0.388484
 1.60388
0.707555
0.460343
0.386369
0.196684
0.389108
 1.59673
0.708286
0.464283
0.386369
0.196684
0.389108
 1.59673
0.708286
0.464283
0.386369
0.196684
0.389108
 1.59673
0.708286
0.464283
0.387637
0.196605
0.389605
 1.58996
0.708847
0.467869
0.388788
0.196488
0.389988
 1.58292
0.709334
0.471521
0.388788
0.196488
0.389988
 1.58292
0.709334
0.471521
0.389802
0.196339
0.390254
 1.57664
0.709671
0.474671
0.389802
0.196339
0.390254
 1.57664
0.709671
0.474671
0.390689
0.196161
0.390414
 1.57073
0.709858
0.477496
0.390689
0.196161
0.390414
 1.57073
0.709858
0.477496
 0.39146
0.195958
0.390478
 1.56502
0.709945
0.480141
 0.39146
0.195958
0.390478
 1.56502
0.709945
0.480141
0.392158
0.195757
0.390405
  1.5596
0.709995
0.482746
0.392158
0.195757
0.390405
  1.5596
0.709995
0.482746
0.392681
0.195498
0.390348
 1.55415
0.709867
0.485004
0.392681
0.195498
0.390348
 1.55415
0.709867
0.485004
0.393125
0.195244
0.390193
 1.54905
0.709648
 0.48708
0.393125
0.195244
0.390193
 1.54905
0.709648
 0.48708
0.393462
0.195002
0.389974
 1.54422
0.709448
0.489105
0.393462
0.195002
0.389974
 1.54422
0.709448
0.489105
0.393735
0.194761
 0.38971
 1.53955
 0.70897
0.490783
0.393735
0.194761
 0.38971
 1.53955
 0.70897
0.490783
0.393931
0.194481
0.389413
 1.53505
0.708548
0.492408
0.393931
0.194481
0.389413
 1.53505
0.708548
0.492408
0.394066
0.194177
0.389095
 1.53069
 0.70803
0.493829
0.394066
0.194177
0.389095
 1.53069
 0.70803
0.493829
0.394057
 0.19403
0.388764
 1.52681
0.707224
0.494879
0.394057
 0.19403
0.388764
 1.52681
0.707224
0.494879
0.394014
0.193833
0.388432
 1.52317
0.706556
0.495914
0.394014
0.193833
0.388432
 1.52317
0.706556
0.495914
0.393906
0.193661
0.388106
 1.51958
 0.70556
0.496541
0.393906
0.193661
0.388106
 1.51958
 0.70556
0.496541
0.393758
0.193527
0.387808
 1.51639
 0.70467
0.497083
0.393758
0.193527
0.387808
 1.51639
 0.70467
0.497083
0.393642
0.193466
0.387595
 1.51376
0.704019
0.497486
0.393642
0.193466
0.387595
 1.51376
0.704019
0.497486
0.393559
0.193479
0.387469
  1.5116
0.703572
0.497787
0.393559
0.193479
0.387469
  1.5116
0.703572
0.497787
 0.39352
0.193573
0.387462
 1.50985
0.703301
0.498033
 0.39352
0.193573
0.387462
 1.50985
0.703301
0.498033
0.393516
0.193794
0.387453
 1.50838
 0.70329
0.498223
0.393516
0.193794
0.387453
 1.50838
 0.70329
0.498223
0.393504
0.194021
0.387656
 1.50695
0.703246
0.498138
0.393504
0.194021
0.387656
 1.50695
0.703246
0.498138
0.393577
0.194322
0.387901
 1.50588
0.703251
0.498268
0.393577
0.194322
0.387901
 1.50588
0.703251
0.498268
0.393698
0.194678
0.388234
 1.50527
0.703154
0.498649
0.393698
0.194678
0.388234
 1.50527
0.703154
0.498649
 0.39382
0.195158
0.388658
 1.50447
0.703323
0.498799
 0.39382
0.195158
0.388658
 1.50447
0.703323
0.498799
0.393979
0.195696
0.389161
 1.50374
0.703497
 0.49901
0.393979
0.195696
0.389161
 1.50374
0.703497
 0.49901
0.394165
0.196301
0.389737
 1.50303
0.703693
0.499258
0.394165
0.196301
0.389737
 1.50303
0.703693
0.499258
0.394376
0.196976
0.390385
 1.50231
0.703911
0.499541
0.394376
0.196976
0.390385
 1.50231
0.703911
0.499541
0.394604
0.197706
0.391089
 1.50144
0.704148
0.499871
0.394604
0.197706
0.391089
 1.50144
0.704148
0.499871
0.394845
0.198488
0.391837
 1.50085
0.704291
 0.50039
0.394845
0.198488
0.391837
 1.50085
0.704291
 0.50039
0.395096
0.199323
0.392629
 1.50006
0.704452
0.500952
0.395096
0.199323
0.392629
 1.50006
0.704452
0.500952
0.395351
0.200199
0.393446
 1.49927
 0.70462
0.501532
0.395351
0.200199
0.393446
 1.49927
 0.70462
0.501532
0.395605
0.201115
0.394283
 1.49843
0.704769
0.502189
0.395605
0.201115
0.394283
 1.49843
0.704769
0.502189
0.395853
0.202066
 0.39513
 1.49753
0.704892
0.502933
0.395853
0.202066
 0.39513
 1.49753
0.704892
0.502933
0.396091
0.203048
0.395976
 1.49656
0.704987
0.503764
0.396091
0.203048
0.395976
 1.49656
0.704987
0.503764
0.396316
 0.20406
0.396818
 1.49544
0.705022
0.504754
0.396316
 0.20406
0.396818
 1.49544
0.705022
0.504754
0.396521
0.205088
0.397638
 1.49432
0.705056
 0.50576
0.396521
0.205088
0.397638
 1.49432
0.705056
 0.50576
0.396739
0.206076
0.398429
 1.49321
0.704916
0.506987
0.396739
0.206076
0.398429
 1.49321
0.704916
0.506987
 0.39686
0.207196
0.399198
 1.49183
0.705032
 0.50803
 0.39686
0.207196
0.399198
 1.49183
0.705032
 0.50803
0.397001
0.208253
0.399928
  1.4904
0.704882
0.509438
0.397001
0.208253
0.399928
  1.4904
0.704882
0.509438
0.397102
0.209336
0.400617
 1.48885
0.704727
0.510907
0.397102
0.209336
0.400617
 1.48885
0.704727
0.510907
0.397163
 0.21044
0.401263
  1.4872
0.704571
0.512427
0.397163
 0.21044
0.401263
  1.4872
0.704571
0.512427
0.397181
0.211566
0.401864
 1.48545
0.704415
   0.514
0.397181
0.211566
0.401864
 1.48545
0.704415
   0.514
0.397154
0.212716
 0.40242
 1.48357
0.704254
0.515629
0.397154
0.212716
 0.40242
 1.48357
0.704254
0.515629
0.397151
0.213784
0.402923
 1.48176
0.703834
0.517567
0.397151
0.213784
0.402923
 1.48176
0.703834
0.517567
0.397086
0.214909
0.403386
 1.47977
 0.70349
0.519479
0.397086
0.214909
0.403386
 1.47977
 0.70349
0.519479
0.396991
0.216038
0.403806
  1.4778
0.703164
0.521363
0.396991
0.216038
0.403806
  1.4778
0.703164
0.521363
0.396867
0.217185
0.404194
 1.47561
0.702746
0.523457
0.396867
0.217185
0.404194
 1.47561
0.702746
0.523457
0.396719
0.218347
0.404551
 1.47332
0.702286
 0.52565
0.396719
0.218347
0.404551
 1.47332
0.702286
 0.52565
0.396549
0.219528
0.404886
 1.47093
0.701784
0.527937
0.396549
0.219528
0.404886
 1.47093
0.701784
0.527937
0.396361
0.220731
0.405204
 1.46844
0.701243
 0.53031
0.396361
0.220731
0.405204
 1.46844
0.701243
 0.53031
0.396159
 0.22196
0.405515
 1.46585
0.700661
0.532775
0.396159
 0.22196
0.405515
 1.46585
0.700661
0.532775
0.395948
0.223213
0.405825
 1.46331
0.700093
0.535198
0.395948
0.223213
0.405825
 1.46331
0.700093
0.535198
 0.39573
0.224508
0.406146
 1.46051
0.699424
0.537855
 0.39573
0.224508
0.406146
 1.46051
0.699424
0.537855
0.395512
0.225836
0.406483
 1.45775
 0.69877
0.540471
0.395512
0.225836
0.406483
 1.45775
 0.69877
0.540471
0.395295
0.227221
0.406851
  1.4546
0.697948
0.543472
0.395295
0.227221
0.406851
  1.4546
0.697948
0.543472
0.395086
0.228655
0.407256
 1.45134
0.697082
0.546565
0.395086
0.228655
0.407256
 1.45134
0.697082
0.546565
0.394891
0.230126
  0.4077
 1.44831
0.696318
 0.54942
0.394891
0.230126
  0.4077
 1.44831
0.696318
 0.54942
0.394711
0.231654
0.408196
 1.44519
0.695513
0.552362
0.394711
0.231654
0.408196
 1.44519
0.695513
0.552362
0.394549
0.233241
 0.40875
 1.44194
0.694659
0.555413
0.394549
0.233241
 0.40875
 1.44194
0.694659
0.555413
0.394408
0.234899
0.409371
  1.4384
0.693682
0.558735
0.394408
0.234899
0.409371
  1.4384
0.693682
0.558735
0.394291
0.236623
0.410063
 1.43476
0.692662
0.562152
0.394291
0.236623
0.410063
 1.43476
0.692662
0.562152
0.394201
0.238414
0.410828
 1.43102
0.691603
0.565651
0.394201
0.238414
0.410828
 1.43102
0.691603
0.565651
0.394138
0.240265
0.411666
 1.42736
0.690579
 0.56906
0.394138
0.240265
0.411666
 1.42736
0.690579
 0.56906
0.394103
0.242186
0.412583
 1.42359
0.689511
0.572563
0.394103
0.242186
0.412583
 1.42359
0.689511
0.572563
0.394097
0.244177
0.413578
 1.41971
 0.68839
0.576174
0.394097
0.244177
0.413578
 1.41971
 0.68839
0.576174
 0.39412
0.246227
0.414646
 1.41569
0.687199
0.579904
 0.39412
0.246227
0.414646
 1.41569
0.687199
0.579904
0.394169
0.248328
0.415782
 1.41114
0.685705
0.584171
0.394169
0.248328
0.415782
 1.41114
0.685705
0.584171
0.394245
0.250435
0.416961
 1.40684
0.684236
0.588225
0.394245
0.250435
0.416961
 1.40684
0.684236
0.588225
0.394345
0.252567
0.418188
 1.40244
0.682745
0.592291
0.394345
0.252567
0.418188
 1.40244
0.682745
0.592291
0.394468
0.254722
0.419461
 1.39794
0.681126
0.596514
0.394468
0.254722
0.419461
 1.39794
0.681126
0.596514
0.394609
0.256908
0.420779
 1.39317
 0.67935
0.601017
0.394609
0.256908
0.420779
 1.39317
 0.67935
0.601017
0.394767
 0.25911
 0.42213
 1.38833
0.677519
0.605581
0.394767
 0.25911
 0.42213
 1.38833
0.677519
0.605581
0.394937
0.261326
0.423506
 1.38346
0.675645
0.610186
0.394937
0.261326
0.423506
 1.38346
0.675645
0.610186
0.395116
0.263551
  0.4249
 1.37855
 0.67374
0.614821
0.395116
0.263551
  0.4249
 1.37855
 0.67374
0.614821
  0.3953
 0.26577
0.426298
 1.37381
0.671884
0.619306
  0.3953
 0.26577
0.426298
 1.37381
0.671884
0.619306
0.395485
0.268002
0.427705
 1.36884
0.669916
 0.62401
0.395485
0.268002
0.427705
 1.36884
0.669916
 0.62401
0.395668
0.270219
  0.4291
 1.36404
   0.668
0.628568
0.395668
0.270219
  0.4291
 1.36404
   0.668
0.628568
0.395844
 0.27243
0.430482
 1.35921
 0.66606
0.633155
0.395844
 0.27243
0.430482
 1.35921
 0.66606
0.633155
 0.39601
0.274642
 0.43185
 1.35424
0.663996
0.637971
 0.39601
0.274642
 0.43185
 1.35424
0.663996
0.637971
0.396163
 0.27684
0.433191
 1.34909
0.661954
0.642785
0.396163
 0.27684
0.433191
 1.34909
0.661954
0.642785
0.396301
0.279021
0.434497
 1.34402
0.659885
0.647614
0.396301
0.279021
0.434497
 1.34402
0.659885
0.647614
0.396418
0.281171
0.435759
 1.33915
0.657888
0.652264
0.396418
0.281171
0.435759
 1.33915
0.657888
0.652264
0.396515
0.283309
0.436982
 1.33426
0.655877
0.656933
0.396515
0.283309
0.436982
 1.33426
0.655877
0.656933
0.396588
0.285423
0.438158
 1.32917
0.653767
0.661813
0.396588
0.285423
0.438158
 1.32917
0.653767
0.661813
0.396637
0.287501
0.439277
 1.32433
0.651714
0.666531
0.396637
0.287501
0.439277
 1.32433
0.651714
0.666531
 0.39666
0.289551
0.440344
 1.31951
0.649643
0.671268
 0.39666
0.289551
0.440344
 1.31951
0.649643
0.671268
0.396658
0.291586
0.441363
 1.31419
0.647549
 0.67616
0.396658
0.291586
0.441363
 1.31419
0.647549
 0.67616
 0.39663
0.293583
0.442325
 1.30956
0.645411
0.680953
 0.39663
0.293583
0.442325
 1.30956
0.645411
0.680953
0.396577
0.295563
 0.44324
 1.30409
0.643338
0.685838
0.396577
0.295563
 0.44324
 1.30409
0.643338
0.685838
0.396501
0.297508
0.444101
 1.29913
0.641267
0.690592
0.396501
0.297508
0.444101
 1.29913
0.641267
0.690592
0.396402
0.299429
0.444917
 1.29472
0.639058
0.695439
0.396402
0.299429
0.444917
 1.29472
0.639058
0.695439
0.396284
0.301329
0.445692
  1.2892
0.637101
0.700127
0.396284
0.301329
0.445692
  1.2892
0.637101
0.700127
0.396146
 0.30322
0.446433
 1.28402
0.634929
0.705091
0.396146
 0.30322
0.446433
 1.28402
0.634929
0.705091
0.395994
0.305095
0.447144
 1.27888
0.632742
0.710062
0.395994
0.305095
0.447144
 1.27888
0.632742
0.710062
 0.39583
0.306956
 0.44783
 1.27449
0.630379
0.715143
 0.39583
0.306956
 0.44783
 1.27449
0.630379
0.715143
0.395658
0.308798
0.448495
 1.26877
0.628481
0.719761
0.395658
0.308798
0.448495
 1.26877
0.628481
0.719761
 0.39548
0.310643
0.449152
 1.26514
0.625931
0.724974
 0.39548
0.310643
0.449152
 1.26514
0.625931
0.724974
0.395299
0.312485
0.449805
 1.25838
0.624159
 0.72961
0.395299
0.312485
0.449805
 1.25838
0.624159
 0.72961
0.395121
0.314328
0.450462
  1.2548
0.621597
0.734824
0.395121
0.314328
0.450462
  1.2548
0.621597
0.734824
0.394947
0.316176
0.451128
 1.24978
  0.6194
0.739755
0.394947
0.316176
0.451128
 1.24978
  0.6194
0.739755
0.394782
0.318031
0.451811
  1.2427
0.617732
0.744253
0.394782
0.318031
0.451811
  1.2427
0.617732
0.744253
0.394629
0.319887
0.452514
 1.23882
0.615382
0.749168
0.394629
0.319887
0.452514
 1.23882
0.615382
0.749168
 0.39449
0.321757
0.453246
 1.23412
0.613235
0.753927
 0.39449
0.321757
0.453246
 1.23412
0.613235
0.753927
0.394368
0.323643
0.454011
 1.22782
0.611475
0.758367
0.394368
0.323643
0.454011
 1.22782
0.611475
0.758367
0.394264
0.325557
0.454819
  1.2241
0.608907
0.763595
0.394264
0.325557
0.454819
  1.2241
0.608907
0.763595
0.394181
0.327492
0.455668
 1.21978
0.606485
0.768707
0.394181
0.327492
0.455668
 1.21978
0.606485
0.768707
0.394121
0.329438
0.456558
 1.21242
 0.60498
0.772882
0.394121
0.329438
0.456558
 1.21242
 0.60498
0.772882
0.394084
0.331406
0.457493
 1.20907
0.602544
0.778145
0.394084
0.331406
0.457493
 1.20907
0.602544
0.778145
 0.39407
0.333407
 0.45848
 1.20468
0.600024
0.783095
 0.39407
0.333407
 0.45848
 1.20468
0.600024
0.783095
0.394081
 0.33543
0.459515
 1.19693
0.598433
0.787358
0.394081
 0.33543
0.459515
 1.19693
0.598433
0.787358
0.394115
0.337475
0.460594
  1.1933
0.595813
0.792643
0.394115
0.337475
0.460594
  1.1933
0.595813
0.792643
0.394199
0.339508
0.461704
 1.18852
0.593616
0.797512
0.394199
0.339508
0.461704
 1.18852
0.593616
0.797512
0.394251
0.341604
0.462869
 1.18178
0.591923
0.801675
0.394251
0.341604
0.462869
 1.18178
0.591923
0.801675
 0.39435
0.343717
0.464075
 1.17645
0.589572
0.806776
 0.39435
0.343717
0.464075
 1.17645
0.589572
0.806776
0.394468
0.345834
0.465307
 1.17262
0.586988
0.812063
0.394468
0.345834
0.465307
 1.17262
0.586988
0.812063
0.394602
0.347954
0.466562
 1.16636
0.584991
0.816673
0.394602
0.347954
0.466562
 1.16636
0.584991
0.816673
0.394749
0.350032
0.467812
 1.16141
0.582735
0.821518
0.394749
0.350032
0.467812
 1.16141
0.582735
0.821518
0.394882
0.352118
0.469064
 1.15699
0.580541
0.826686
0.394882
0.352118
0.469064
 1.15699
0.580541
0.826686
0.395075
0.354098
  0.4703
 1.15135
0.577912
0.831638
0.395075
0.354098
  0.4703
 1.15135
0.577912
0.831638
0.395246
0.356069
 0.47152
 1.14637
0.575492
0.836663
0.395246
0.356069
 0.47152
 1.14637
0.575492
0.836663
0.395419
0.357998
0.472717
 1.14144
0.573083
0.841724
0.395419
0.357998
0.472717
 1.14144
0.573083
0.841724
 0.39559
0.359892
0.473892
 1.13637
0.570594
0.846948
 0.39559
0.359892
0.473892
 1.13637
0.570594
0.846948
0.395756
0.361739
0.475032
 1.13133
0.568114
0.852141
0.395756
0.361739
0.475032
 1.13133
0.568114
0.852141
0.395914
0.363535
0.476133
 1.12637
 0.56567
0.857289
0.395914
0.363535
0.476133
 1.12637
 0.56567
0.857289
 0.39606
0.365278
0.477188
  1.1215
0.563266
0.862382
 0.39606
0.365278
0.477188
  1.1215
0.563266
0.862382
0.396191
0.366966
0.478195
 1.11671
0.560914
0.867418
0.396191
0.366966
0.478195
 1.11671
0.560914
0.867418
0.396306
0.368598
0.479148
 1.11202
0.558602
0.872384
0.396306
0.368598
0.479148
 1.11202
0.558602
0.872384
0.396402
0.370171
0.480045
 1.10742
0.556337
0.877279
0.396402
0.370171
0.480045
 1.10742
0.556337
0.877279
0.396479
0.371693
0.480887
 1.10277
0.554057
0.882229
0.396479
0.371693
0.480887
 1.10277
0.554057
0.882229
0.396533
0.373147
0.481664
 1.09838
0.551894
0.886956
0.396533
0.373147
0.481664
 1.09838
0.551894
0.886956
0.396566
0.374532
0.482377
 1.09423
0.549853
0.891468
0.396566
0.374532
0.482377
 1.09423
0.549853
0.891468
0.396576
0.375858
0.483029
 1.09016
0.547853
 0.89591
0.396576
0.375858
0.483029
 1.09016
0.547853
 0.89591
0.396564
 0.37713
0.483623
 1.08605
 0.54583
0.900406
0.396564
 0.37713
0.483623
 1.08605
 0.54583
0.900406
0.396532
0.378343
0.484157
 1.08201
0.543846
0.904817
0.396532
0.378343
0.484157
 1.08201
0.543846
0.904817
0.396479
0.379497
0.484635
 1.07808
0.541909
0.909133
0.396479
0.379497
0.484635
 1.07808
0.541909
0.909133
0.396408
0.380595
0.485059
 1.07425
0.540019
0.913352
0.396408
0.380595
0.485059
 1.07425
0.540019
0.913352
0.396321
0.381643
0.485434
 1.07041
0.538123
 0.91758
0.396321
0.381643
0.485434
 1.07041
0.538123
 0.91758
0.396223
 0.38264
0.485772
  1.0669
0.536392
0.921469
0.396223
 0.38264
0.485772
  1.0669
0.536392
0.921469
0.396111
0.383574
0.486056
 1.06347
0.534687
0.925292
0.396111
0.383574
0.486056
 1.06347
0.534687
0.925292
0.395988
0.384469
0.486307
 1.05993
0.532926
0.929226
0.395988
0.384469
0.486307
 1.05993
0.532926
0.929226
0.395859
0.385313
0.486526
 1.05657
0.531249
0.932965
0.395859
0.385313
0.486526
 1.05657
0.531249
0.932965
0.395728
0.386111
0.486719
 1.05342
0.529664
0.936508
0.395728
0.386111
0.486719
 1.05342
0.529664
0.936508
0.395597
 0.38687
0.486892
 1.05035
0.528117
0.939961
0.395597
 0.38687
0.486892
 1.05035
0.528117
0.939961
0.395467
0.387594
0.487053
 1.04727
0.526569
0.943409
0.395467
0.387594
0.487053
 1.04727
0.526569
0.943409
0.395342
0.388285
0.487204
 1.04429
 0.52506
0.946761
0.395342
0.388285
0.487204
 1.04429
 0.52506
0.946761
0.395226
0.388943
0.487352
 1.04141
0.523594
 0.95001
0.395226
0.388943
0.487352
 1.04141
0.523594
 0.95001
0.395119
0.389572
0.487501
 1.03862
0.522169
0.953157
0.395119
0.389572
0.487501
 1.03862
0.522169
0.953157
0.395023
0.390176
0.487654
 1.03602
0.520835
0.956109
0.395023
0.390176
0.487654
 1.03602
0.520835
0.956109
0.394945
0.390749
0.487817
 1.03349
0.519522
0.958994
0.394945
0.390749
0.487817
 1.03349
0.519522
0.958994
0.394881
0.391303
0.487995
 1.03092
0.518191
 0.96191
0.394881
0.391303
0.487995
 1.03092
0.518191
 0.96191
0.394836
0.391832
0.488187
 1.02851
0.516928
0.964663
0.394836
0.391832
0.488187
 1.02851
0.516928
0.964663
0.394809
0.392336
0.488394
 1.02626
0.515735
0.967257
0.394809
0.392336
0.488394
 1.02626
0.515735
0.967257
0.394801
0.392818
0.488619
 1.02411
0.514582
0.969756
0.394801
0.392818
0.488619
 1.02411
0.514582
0.969756
0.394811
 0.39328
0.488862
 1.02204
0.513465
0.972163
0.394811
 0.39328
0.488862
 1.02204
0.513465
0.972163
0.394841
 0.39372
0.489122
 1.02007
0.512387
 0.97448
0.394841
 0.39372
0.489122
 1.02007
0.512387
 0.97448
0.394888
0.394137
0.489399
 1.01818
0.511347
0.976703
0.394888
0.394137
0.489399
 1.01818
0.511347
0.976703
0.394952
0.394536
0.489692
 1.01635
0.510332
0.978864
0.394952
0.394536
0.489692
 1.01635
0.510332
0.978864
0.395032
0.394909
0.489995
 1.01463
 0.50936
0.980925
0.395032
0.394909
0.489995
 1.01463
 0.50936
0.980925
0.395125
0.395253
0.490305
 1.01303
0.508441
0.982857
0.395125
0.395253
0.490305
 1.01303
0.508441
0.982857
0.395231
0.395571
0.490621
 1.01151
0.507552
0.984715
0.395231
0.395571
0.490621
 1.01151
0.507552
0.984715
0.395348
0.395861
0.490938
 1.01007
0.506698
 0.98649
0.395348
0.395861
0.490938
 1.01007
0.506698
 0.98649
0.395471
0.396115
0.491249
 1.00877
0.505902
0.988128
0.395471
0.396115
0.491249
 1.00877
0.505902
0.988128
0.395599
0.396335
 0.49155
 1.00756
0.505146
0.989667
0.395599
0.396335
 0.49155
 1.00756
0.505146
0.989667
 0.39573
0.396519
0.491838
 1.00645
0.504426
0.991119
 0.39573
0.396519
0.491838
 1.00645
0.504426
0.991119
0.395862
0.396662
0.492106
 1.00544
0.503749
0.992466
0.395862
0.396662
0.492106
 1.00544
0.503749
0.992466
0.395968
0.396774
0.492344
 1.00444
0.503145
0.993601
0.395968
0.396774
0.492344
 1.00444
0.503145
0.993601
0.395979
0.396882
0.492526
 1.00319
0.502698
0.994188
0.395979
0.396882
0.492526
 1.00319
0.502698
0.994188
0.395892
0.396982
 0.49265
 1.00167
0.502357
 0.99425
0.395892
0.396982
 0.49265
 1.00167
0.502357
 0.99425
0.395686
0.397164
0.492669
 1.00001
0.502161
0.993829
0.395686
0.397164
0.492669
 1.00001
0.502161
0.993829
0.395357
0.397213
0.492703
0.997858
0.501889
0.992904
0.395357
0.397213
0.492703
0.997858
0.501889
0.992904
0.394998
0.397246
0.492624
 0.99561
0.501368
 0.99172
0.394998
0.397246
0.492624
 0.99561
0.501368
 0.99172
0.394577
0.397223
 0.49247
0.992845
0.501018
0.990083
0.394577
0.397223
 0.49247
0.992845
0.501018
0.990083
0.393914
0.397318
0.492239
0.990221
 0.50054
0.988108
0.393914
0.397318
0.492239
0.990221
 0.50054
0.988108
0.393198
0.397343
 0.49193
0.987223
0.499937
0.985805
0.393198
0.397343
 0.49193
0.987223
0.499937
0.985805
0.392365
 0.39735
0.491538
0.983826
 0.49904
0.983038
0.392365
 0.39735
0.491538
0.983826
 0.49904
0.983038
0.391431
 0.39734
0.491068
0.980349
0.498142
0.979932
0.391431
 0.39734
0.491068
0.980349
0.498142
0.979932
0.390389
0.397313
0.490519
0.976673
0.497094
0.976983
0.390389
0.397313
0.490519
0.976673
0.497094
0.976983
0.389237
 0.39727
 0.48989
0.972751
 0.49585
0.973425
0.389237
 0.39727
 0.48989
0.972751
 0.49585
0.973425
0.387978
0.397211
0.489184
0.968604
0.494409
0.969638
0.387978
0.397211
0.489184
0.968604
0.494409
0.969638
0.386612
0.397137
0.488403
0.964248
0.492771
0.965883
0.386612
0.397137
0.488403
0.964248
0.492771
0.965883
0.385133
0.397049
0.487545
0.959658
0.490912
0.961643
0.385133
0.397049
0.487545
0.959658
0.490912
0.961643
0.383549
0.396951
0.486617
0.954716
0.488698
0.957077
0.383549
0.396951
0.486617
0.954716
0.488698
0.957077
0.381864
0.396843
0.485623
0.949562
0.486261
0.952295
0.381864
0.396843
0.485623
0.949562
0.486261
0.952295
0.380087
0.396727
0.484574
0.944361
0.483761
0.947425
0.380087
0.396727
0.484574
0.944361
0.483761
0.947425
0.378213
0.396607
0.483467
0.938938
0.481026
0.942055
0.378213
0.396607
0.483467
0.938938
0.481026
0.942055
0.376234
0.396483
0.482302
0.933158
0.477893
0.936629
0.376234
0.396483
0.482302
0.933158
0.477893
0.936629
0.374161
0.396359
0.481088
0.927153
0.474505
0.930691
0.374161
0.396359
0.481088
0.927153
0.474505
0.930691
0.371987
0.396237
0.479825
 0.92078
0.470701
0.924498
0.371987
0.396237
0.479825
 0.92078
0.470701
0.924498
0.369725
0.396119
0.478524
0.914224
0.466667
 0.91811
0.369725
0.396119
0.478524
0.914224
0.466667
 0.91811
0.367388
0.396008
0.477194
0.907709
0.462626
0.911901
0.367388
0.396008
0.477194
0.907709
0.462626
0.911901
0.364969
0.395905
0.475834
0.900993
 0.45834
0.905144
0.364969
0.395905
0.475834
0.900993
 0.45834
0.905144
0.362481
0.395811
0.474455
0.894319
 0.45404
0.898705
0.362481
0.395811
0.474455
0.894319
 0.45404
0.898705
0.362481
0.395811
0.474455
0.894319
 0.45404
0.898705
0.359913
0.395729
0.473052
0.887414
0.449462
0.891741
0.357227
0.395662
0.471606
0.879545
0.444017
0.883936
0.357227
0.395662
0.471606
0.879545
0.444017
0.883936
0.354491
0.395608
0.470157
0.872041
0.438672
0.876468
0.354491
0.395608
0.470157
0.872041
0.438672
0.876468
 0.35166
0.395587
 0.46869
0.864343
0.433105
0.868751
 0.35166
0.395587
 0.46869
0.864343
0.433105
0.868751
0.348804
0.395549
0.467216
0.856828
0.427556
0.861424
0.348804
0.395549
0.467216
0.856828
0.427556
0.861424
0.345857
0.395542
0.465726
0.849029
0.421712
 0.85341
0.345857
0.395542
0.465726
0.849029
0.421712
 0.85341
 0.34281
0.395553
0.464208
  0.8405
0.415009
0.844795
 0.34281
0.395553
0.464208
  0.8405
0.415009
0.844795
 0.33978
0.395579
 0.46272
0.832496
0.408218
 0.83661
 0.33978
0.395579
 0.46272
0.832496
0.408218
 0.83661
0.336802
0.395579
0.461254
0.824065
0.401171
0.828219
0.336802
0.395579
0.461254
0.824065
0.401171
0.828219
0.333755
0.395676
0.459823
0.816489
 0.39414
0.820449
0.333755
0.395676
0.459823
0.816489
 0.39414
0.820449
0.330788
0.395741
0.458425
0.809219
0.387246
0.812979
0.330788
0.395741
0.458425
0.809219
0.387246
0.812979
0.327832
0.395808
0.457042
0.801697
0.379889
0.805056
0.327832
0.395808
0.457042
0.801697
0.379889
0.805056
0.324916
0.395871
0.455684
0.794503
0.372699
0.797608
0.324916
0.395871
0.455684
0.794503
0.372699
0.797608
0.321976
0.395969
0.454342
0.787458
  0.3654
 0.79023
0.321976
0.395969
0.454342
0.787458
  0.3654
 0.79023
0.319006
0.396101
 0.45301
0.780532
0.357986
0.782862
0.319006
0.396101
 0.45301
0.780532
0.357986
0.782862
0.316079
0.396195
0.451678
0.773212
 0.35019
0.775278
0.316079
0.396195
0.451678
0.773212
 0.35019
0.775278
0.316079
0.396195
0.451678
0.773212
 0.35019
0.775278
 0.31313
0.396301
 0.45034
0.765678
0.342047
0.767498
0.310167
0.396405
0.448995
0.758217
0.333858
0.759759
0.310167
0.396405
0.448995
0.758217
0.333858
0.759759
0.307248
0.396503
0.447665
 0.75141
0.326302
 0.75255
0.307248
0.396503
0.447665
 0.75141
0.326302
 0.75255
0.304326
0.396596
0.446328
0.744632
 0.31873
0.745375
0.304326
0.396596
0.446328
0.744632
 0.31873
0.745375
0.301383
0.396683
0.444969
0.737564
0.310807
0.737981
0.301383
0.396683
0.444969
0.737564
0.310807
0.737981
0.298447
0.396761
0.443602
0.730775
0.303135
0.730825
0.298447
0.396761
0.443602
0.730775
0.303135
0.730825
0.295488
 0.39683
0.442207
0.723715
0.295149
0.723472
0.295488
 0.39683
0.442207
0.723715
0.295149
0.723472
0.292534
0.396887
0.440799
0.716935
0.287425
0.716365
0.292534
0.396887
0.440799
0.716935
0.287425
0.716365
0.289572
0.396934
0.439372
0.710142
0.279667
0.709013
0.289572
0.396934
0.439372
0.710142
0.279667
0.709013
0.286595
0.396965
0.437914
0.703345
 0.27189
 0.70195
0.286595
0.396965
0.437914
0.703345
 0.27189
 0.70195
0.283589
0.396984
0.436421
0.696239
0.263773
 0.69431
0.283589
0.396984
0.436421
0.696239
0.263773
 0.69431
0.280571
0.396989
  0.4349
0.689149
0.255657
0.686815
0.280571
0.396989
  0.4349
0.689149
0.255657
0.686815
 0.27754
 0.39698
0.433352
0.682089
0.247559
0.679358
 0.27754
 0.39698
0.433352
0.682089
0.247559
0.679358
0.274497
0.396957
0.431778
0.675051
0.239476
0.671925
0.274497
0.396957
0.431778
0.675051
0.239476
0.671925
0.274497
0.396957
0.431778
0.675051
0.239476
0.671925
0.271427
0.396922
0.430171
0.667757
0.231118
0.664229
0.268331
0.396874
 0.42853
0.660232
0.222452
0.656298
0.268331
0.396874
 0.42853
0.660232
0.222452
0.656298
0.265271
0.396814
0.426895
0.653618
0.214779
0.649284
0.265271
0.396814
0.426895
0.653618
0.214779
0.649284
0.262204
0.396743
0.425243
0.647019
0.207134
 0.64229
0.262204
0.396743
0.425243
0.647019
0.207134
 0.64229
0.259113
0.396664
0.423565
0.640089
0.199154
0.634962
0.259113
0.396664
0.423565
0.640089
0.199154
0.634962
0.256032
0.396578
0.421884
0.633415
0.191434
0.627894
0.256032
0.396578
0.421884
0.633415
0.191434
0.627894
0.252946
0.396486
0.420193
0.626719
0.183695
0.620804
0.252946
0.396486
0.420193
0.626719
0.183695
0.620804
0.252946
0.396486
0.420193
0.626719
0.183695
0.620804
0.249843
0.396393
0.418485
0.619706
 0.17563
0.613392
0.246693
0.396299
0.416747
0.611873
0.166654
0.605149
0.246693
0.396299
0.416747
0.611873
0.166654
0.605149
0.243577
0.396206
0.415029
0.604654
0.158362
0.597522
0.243577
0.396206
0.415029
0.604654
0.158362
0.597522
0.240532
0.396114
0.413353
0.597964
0.150489
0.590454
0.240532
0.396114
0.413353
0.597964
0.150489
0.590454
0.237584
0.396025
0.411734
0.591568
0.142723
0.583724
0.237584
0.396025
0.411734
0.591568
0.142723
0.583724
0.234749
0.395942
0.410185
0.585692
0.135337
0.577563
0.234749
0.395942
0.410185
0.585692
0.135337
0.577563
0.232012
0.395866
0.408697
0.580029
0.128055
0.571656
0.232012
0.395866
0.408697
0.580029
0.128055
0.571656
0.229375
0.395798
0.407273
0.574555
 0.12088
0.565977
0.229375
0.395798
0.407273
0.574555
 0.12088
0.565977
0.226827
0.395741
0.405908
 0.56903
0.113593
 0.56028
0.226827
0.395741
0.405908
 0.56903
0.113593
 0.56028
0.224381
0.395695
0.404612
 0.56372
0.106489
0.554835
0.224381
0.395695
0.404612
 0.56372
0.106489
0.554835
  0.22205
  0.39566
 0.403393
 0.558855
0.0998157
 0.549871
  0.22205
  0.39566
 0.403393
 0.558855
0.0998157
 0.549871
 0.219822
 0.395638
 0.402245
 0.554185
0.0933387
 0.545138
 0.219822
 0.395638
 0.402245
 0.554185
0.0933387
 0.545138
 0.217686
 0.395627
 0.401163
 0.549692
0.0870492
 0.540613
 0.217686
 0.395627
 0.401163
 0.549692
0.0870492
 0.540613
 0.215664
 0.395629
 0.400158
 0.545504
0.0808797
 0.536308
 0.215664
 0.395629
 0.400158
 0.545504
0.0808797
 0.536308
 0.213736
 0.395643
 0.399218
 0.541157
0.0748219
 0.532015
 0.213736
 0.395643
 0.399218
 0.541157
0.0748219
 0.532015
  0.21191
  0.39567
 0.398348
 0.536951
0.0690296
 0.527948
  0.21191
  0.39567
 0.398348
 0.536951
0.0690296
 0.527948
 0.210186
 0.395706
 0.397546
 0.532926
0.0635323
 0.524326
 0.210186
 0.395706
 0.397546
 0.532926
0.0635323
 0.524326
 0.208563
 0.395753
 0.396811
 0.529321
0.0581289
 0.520551
 0.208563
 0.395753
 0.396811
 0.529321
0.0581289
 0.520551
 0.207032
  0.39581
 0.396137
 0.525717
0.0529024
 0.517222
 0.207032
  0.39581
 0.396137
 0.525717
0.0529024
 0.517222
 0.205615
 0.395873
 0.395532
 0.522614
0.0482306
 0.514279
 0.205615
 0.395873
 0.395532
 0.522614
0.0482306
 0.514279
 0.204288
 0.395942
 0.394983
 0.519571
0.0436636
 0.511422
 0.204288
 0.395942
 0.394983
 0.519571
0.0436636
 0.511422
 0.202993
 0.395957
 0.394576
 0.516601
0.0390082
 0.508716
 0.202993
 0.395957
 0.394576
 0.516601
0.0390082
 0.508716
 0.201919
 0.396094
 0.394048
 0.514079
0.0352661
 0.506234
 0.201919
 0.396094
 0.394048
 0.514079
0.0352661
 0.506234
 0.200853
 0.396145
   0.3937
 0.511754
0.0314625
  0.50401
 0.200853
 0.396145
   0.3937
 0.511754
0.0314625
  0.50401
 0.199896
 0.396221
 0.393358
 0.509524
0.0278843
 0.502253
 0.199896
 0.396221
 0.393358
 0.509524
0.0278843
 0.502253
 0.199043
 0.396315
 0.393028
 0.507389
0.0245082
 0.500434
 0.199043
 0.396315
 0.393028
 0.507389
0.0245082
 0.500434
 0.198288
 0.396412
 0.392729
 0.505562
0.0214971
 0.498925
 0.198288
 0.396412
 0.392729
 0.505562
0.0214971
 0.498925
 0.197627
 0.396507
 0.392461
 0.504023
0.0188168
 0.497719
 0.197627
 0.396507
 0.392461
 0.504023
0.0188168
 0.497719
 0.196987
 0.396532
 0.392323
 0.502679
0.0161339
 0.496794
 0.196987
 0.396532
 0.392323
 0.502679
0.0161339
 0.496794
 0.196505
  0.39663
 0.392095
 0.501465
0.0138917
 0.495934
 0.196505
  0.39663
 0.392095
 0.501465
0.0138917
 0.495934
  0.19602
 0.396633
 0.392026
 0.500457
0.0115924
 0.495381
  0.19602
 0.396633
 0.392026
 0.500457
0.0115924
 0.495381
   0.19566
  0.396669
  0.391918
  0.499661
0.00968152
   0.49501
   0.19566
  0.396669
  0.391918
  0.499661
0.00968152
   0.49501
  0.195419
  0.396735
  0.391775
  0.499108
0.00819211
  0.494852
  0.195419
  0.396735
  0.391775
  0.499108
0.00819211
  0.494852
  0.195181
  0.396711
  0.391778
  0.498759
0.00664691
  0.494995
  0.195181
  0.396711
  0.391778
  0.498759
0.00664691
  0.494995
  0.195098
  0.396752
  0.391688
  0.498612
0.00558919
  0.495272
  0.195098
  0.396752
  0.391688
  0.498612
0.00558919
  0.495272
  0.195048
  0.396735
  0.391731
  0.498637
0.00458653
  0.495816
  0.195048
  0.396735
  0.391731
  0.498637
0.00458653
  0.495816
  0.195009
  0.396617
  0.391732
  0.498641
0.00387754
  0.496396
  0.195009
  0.396617
  0.391732
  0.498641
0.00387754
  0.496396
 0.195011
 0.396425
 0.391422
 0.497624
0.0044927
 0.496077
 0.195011
 0.396425
 0.391422
 0.497624
0.0044927
 0.496077
  0.195041
  0.395944
  0.390988
  0.495585
0.00610805
   0.49527
  0.195041
  0.395944
  0.390988
  0.495585
0.00610805
   0.49527
  0.195027
  0.395304
  0.390335
  0.492537
0.00860177
  0.493561
  0.195027
  0.395304
  0.390335
  0.492537
0.00860177
  0.493561
 0.195004
 0.394468
 0.389479
 0.488334
0.0120342
 0.490872
 0.195004
 0.394468
 0.389479
 0.488334
0.0120342
 0.490872
 0.194973
 0.393445
 0.388429
 0.483267
0.0161777
 0.487466
 0.194973
 0.393445
 0.388429
 0.483267
0.0161777
 0.487466
 0.194937
 0.392238
  0.38719
  0.47743
0.0209298
 0.483408
 0.194937
 0.392238
  0.38719
  0.47743
0.0209298
 0.483408
 0.194894
 0.390843
  0.38576
 0.470619
0.0263594
 0.478474
 0.194894
 0.390843
  0.38576
 0.470619
0.0263594
 0.478474
 0.194847
 0.389246
 0.384125
 0.462271
0.0327446
 0.472075
 0.194847
 0.389246
 0.384125
 0.462271
0.0327446
 0.472075
 0.194799
  0.38748
  0.38232
 0.453517
0.0393939
 0.465322
 0.194799
  0.38748
  0.38232
 0.453517
0.0393939
 0.465322
 0.194749
 0.385529
 0.380332
 0.443813
0.0465987
 0.457651
 0.194749
 0.385529
 0.380332
 0.443813
0.0465987
 0.457651
 0.194699
 0.383395
 0.378164
 0.433107
0.0543483
 0.448997
 0.194699
 0.383395
 0.378164
 0.433107
0.0543483
 0.448997
 0.194699
 0.383395
 0.378164
 0.433107
0.0543483
 0.448997
 0.194651
  0.38108
 0.375819
 0.423005
0.0618528
 0.439438
0.194606
0.378562
0.373276
0.411663
0.070152
  0.4282
0.194606
0.378562
0.373276
0.411663
0.070152
  0.4282
0.194565
0.375889
0.370584
0.393654
0.081245
0.416221
0.194565
0.375889
0.370584
0.393654
0.081245
0.416221
  0.19453
 0.373024
 0.367708
 0.383684
0.0888596
 0.403489
  0.19453
 0.373024
 0.367708
 0.383684
0.0888596
 0.403489
0.194501
0.369982
0.364664
0.361702
0.101486
0.388698
0.194501
0.369982
0.364664
0.361702
0.101486
0.388698
 0.19448
0.366888
0.361574
0.351602
0.108956
0.375004
 0.19448
0.366888
0.361574
0.351602
0.108956
0.375004
0.194468
0.363804
0.358503
0.329105
0.120923
0.359615
0.194468
0.363804
0.358503
0.329105
0.120923
0.359615
0.194464
0.360731
 0.35545
0.319775
0.127672
0.345505
0.194464
0.360731
 0.35545
0.319775
0.127672
0.345505
0.194469
0.357656
0.352402
0.304973
 0.13637
0.330014
0.194469
0.357656
0.352402
0.304973
 0.13637
0.330014
0.194483
0.354593
0.349373
0.278753
 0.14854
0.312714
0.194483
0.354593
0.349373
0.278753
 0.14854
0.312714
0.194506
0.351541
0.346365
0.270253
0.154364
0.298556
0.194506
0.351541
0.346365
0.270253
0.154364
0.298556
0.194537
0.348502
0.343377
0.246981
0.165315
0.281104
0.194537
0.348502
0.343377
0.246981
0.165315
0.281104
0.194576
0.345474
0.340407
0.230536
0.173734
0.264789
0.194576
0.345474
0.340407
0.230536
0.173734
0.264789
 0.19462
0.342457
0.337455
0.221753
0.178488
0.251095
 0.19462
0.342457
0.337455
0.221753
0.178488
0.251095
 0.19467
0.339464
0.334535
0.199486
0.189701
 0.23271
 0.19467
0.339464
0.334535
0.199486
0.189701
 0.23271
0.194724
0.336481
0.331628
0.183456
0.197667
 0.21665
0.194724
0.336481
0.331628
0.183456
0.197667
 0.21665
0.194724
0.336481
0.331628
0.183456
0.197667
 0.21665
 0.19478
0.333489
0.328719
0.173634
0.202147
0.203844
0.194837
 0.33046
0.325777
0.154722
0.213532
 0.18273
0.194837
 0.33046
0.325777
0.154722
0.213532
 0.18273
0.194893
0.327496
  0.3229
0.134542
0.222098
0.165529
0.194893
0.327496
  0.3229
0.134542
0.222098
0.165529
0.194948
0.324539
0.320026
0.118634
0.229877
0.149495
0.194948
0.324539
0.320026
0.118634
0.229877
0.149495
0.195001
0.321556
0.317124
0.113596
0.236716
 0.13496
0.195001
0.321556
0.317124
0.113596
0.236716
 0.13496
 0.195052
 0.318607
 0.314247
0.0893106
 0.243965
  0.11956
 0.195052
 0.318607
 0.314247
0.0893106
 0.243965
  0.11956
 0.195104
 0.315827
 0.311529
0.0727035
 0.251813
 0.103238
 0.195104
 0.315827
 0.311529
0.0727035
 0.251813
 0.103238
 0.195156
 0.313228
 0.308985
0.0564789
 0.260425
0.0847297
 0.195156
 0.313228
 0.308985
0.0564789
 0.260425
0.0847297
 0.195208
 0.310784
 0.306589
0.0453848
 0.266066
0.0726996
 0.195208
 0.310784
 0.306589
0.0453848
 0.266066
0.0726996
 0.195257
 0.308542
 0.304389
0.0337433
 0.272387
0.0588659
 0.195257
 0.308542
 0.304389
0.0337433
 0.272387
0.0588659
 0.195304
 0.306466
 0.302349
0.0239168
  0.27769
0.0475444
 0.195304
 0.306466
 0.302349
0.0239168
  0.27769
0.0475444
 0.195346
 0.304565
 0.300478
0.0152509
 0.282452
0.0374852
 0.195346
 0.304565
 0.300478
0.0152509
 0.282452
0.0374852
  0.195383
  0.302838
  0.298777
0.00769542
  0.286705
 0.0285445
  0.195383
  0.302838
  0.298777
0.00769542
  0.286705
 0.0285445
  0.195413
  0.301293
  0.297251
0.00154952
  0.290294
 0.0210054
  0.195413
  0.301293
  0.297251
0.00154952
  0.290294
 0.0210054
   0.195436
    0.29992
   0.295891
-0.00373085
    0.29343
  0.0144505
   0.195436
    0.29992
   0.295891
-0.00373085
    0.29343
  0.0144505
   0.195452
   0.298719
   0.294696
-0.00794279
   0.296128
 0.00886946
   0.195452
   0.298719
   0.294696
-0.00794279
   0.296128
 0.00886946
   0.19546
  0.297691
  0.293667
-0.0112203
  0.298383
0.00424391
   0.19546
  0.297691
  0.293667
-0.0112203
  0.298383
0.00424391
   0.195461
   0.296836
   0.292803
 -0.0135197
   0.300193
0.000580155
   0.195461
   0.296836
   0.292803
 -0.0135197
   0.300193
0.000580155
   0.195454
   0.296147
   0.292098
 -0.0151699
   0.301705
-0.00255293
   0.195454
   0.296147
   0.292098
 -0.0151699
   0.301705
-0.00255293
   0.195441
   0.295639
   0.291567
 -0.0155289
   0.302586
-0.00416551
   0.195441
   0.295639
   0.291567
 -0.0155289
   0.302586
-0.00416551
   0.195421
   0.295304
   0.291202
 -0.0150284
   0.303026
-0.00509974
   0.195421
   0.295304
   0.291202
 -0.0150284
   0.303026
-0.00509974
   0.195388
   0.295152
   0.291005
 -0.0135084
   0.303045
-0.00498492
   0.195388
   0.295152
   0.291005
 -0.0135084
   0.303045
-0.00498492
   0.195368
   0.295117
   0.290939
  -0.011314
   0.302505
-0.00418172
   0.195368
   0.295117
   0.290939
  -0.011314
   0.302505
-0.00418172
   0.195358
   0.295086
   0.290864
-0.00922336
   0.302199
-0.00330127
   0.195358
   0.295086
   0.290864
-0.00922336
   0.302199
-0.00330127
   0.195364
   0.295052
   0.290781
 -0.0072196
   0.302056
-0.00238194
   0.195364
   0.295052
   0.290781
 -0.0072196
   0.302056
-0.00238194
   0.195389
   0.295016
   0.290695
-0.00529483
   0.302056
-0.00129971
   0.195389
   0.295016
   0.290695
-0.00529483
   0.302056
-0.00129971
    0.195487
    0.295029
    0.290615
 -0.00351002
    0.302309
-0.000287677
    0.195487
    0.295029
    0.290615
 -0.00351002
    0.302309
-0.000287677
   0.195497
   0.294941
   0.290519
-0.00158818
   0.302578
0.000805645
   0.195497
   0.294941
   0.290519
-0.00158818
   0.302578
0.000805645
    0.19562
   0.294938
   0.290439
0.000308688
   0.302866
 0.00202284
    0.19562
   0.294938
   0.290439
0.000308688
   0.302866
 0.00202284
  0.195692
  0.294871
  0.290353
0.00227706
  0.303334
0.00347205
  0.195692
  0.294871
  0.290353
0.00227706
  0.303334
0.00347205
  0.195832
  0.294848
  0.290282
0.00423554
  0.303975
0.00490528
  0.195832
  0.294848
  0.290282
0.00423554
  0.303975
0.00490528
  0.195981
  0.294814
  0.290216
0.00639503
  0.304485
 0.0065208
  0.195981
  0.294814
  0.290216
0.00639503
  0.304485
 0.0065208
  0.196136
  0.294767
  0.290159
0.00856884
  0.305219
0.00828707
  0.196136
  0.294767
  0.290159
0.00856884
  0.305219
0.00828707
 0.196376
  0.29478
 0.290122
0.0108032
 0.306206
0.0101097
 0.196376
  0.29478
 0.290122
0.0108032
 0.306206
0.0101097
 0.196614
 0.294773
 0.290094
0.0131349
 0.307183
0.0120628
 0.196614
 0.294773
 0.290094
0.0131349
 0.307183
0.0120628
 0.196877
 0.294772
 0.290081
 0.015486
 0.308215
0.0140812
 0.196877
 0.294772
 0.290081
 0.015486
 0.308215
0.0140812
 0.197167
 0.294779
 0.290082
0.0179652
 0.309333
 0.016238
 0.197167
 0.294779
 0.290082
0.0179652
 0.309333
 0.016238
 0.197486
 0.294794
 0.290098
0.0205705
 0.310537
 0.018524
 0.197486
 0.294794
 0.290098
0.0205705
 0.310537
 0.018524
 0.197833
 0.294816
  0.29013
0.0233895
 0.311857
0.0210381
 0.197833
 0.294816
  0.29013
0.0233895
 0.311857
0.0210381
 0.198208
 0.294845
 0.290176
0.0263286
 0.313257
0.0236878
 0.198208
 0.294845
 0.290176
0.0263286
 0.313257
0.0236878
 0.198609
 0.294882
 0.290236
0.0293052
  0.31446
0.0263116
 0.198609
 0.294882
 0.290236
0.0293052
  0.31446
0.0263116
 0.199036
 0.294925
 0.290309
0.0324116
 0.315978
0.0291494
 0.199036
 0.294925
 0.290309
0.0324116
 0.315978
0.0291494
  0.19949
 0.294973
 0.290393
0.0356603
 0.317571
0.0321336
  0.19949
 0.294973
 0.290393
0.0356603
 0.317571
0.0321336
 0.199971
 0.295028
 0.290489
 0.039163
 0.319271
0.0353631
 0.199971
 0.295028
 0.290489
 0.039163
 0.319271
0.0353631
  0.20048
 0.295087
 0.290593
0.0429214
 0.321072
 0.038844
  0.20048
 0.295087
 0.290593
0.0429214
 0.321072
 0.038844
 0.201007
 0.295149
 0.290704
0.0465647
 0.322842
0.0422255
 0.201007
 0.295149
 0.290704
0.0465647
 0.322842
0.0422255
 0.201557
 0.295213
  0.29082
0.0503369
 0.324663
0.0457318
 0.201557
 0.295213
  0.29082
0.0503369
 0.324663
0.0457318
 0.202134
  0.29528
  0.29094
0.0545279
 0.326829
0.0497024
 0.202134
  0.29528
  0.29094
0.0545279
 0.326829
0.0497024
 0.202727
 0.295347
  0.29106
0.0585848
 0.328736
0.0534735
 0.202727
 0.295347
  0.29106
0.0585848
 0.328736
0.0534735
 0.203339
 0.295413
 0.291178
0.0627817
 0.330896
0.0574573
 0.203339
 0.295413
 0.291178
0.0627817
 0.330896
0.0574573
 0.203339
 0.295413
 0.291178
0.0627817
 0.330896
0.0574573
 0.203975
 0.295478
 0.291295
0.0674241
 0.333203
0.0618533
 0.204636
 0.295542
 0.291407
0.0724074
 0.335652
0.0665723
 0.204636
 0.295542
 0.291407
0.0724074
 0.335652
0.0665723
 0.205301
 0.295601
  0.29151
0.0769871
 0.337891
0.0709063
 0.205301
 0.295601
  0.29151
0.0769871
 0.337891
0.0709063
 0.205985
 0.295655
 0.291605
0.0818527
 0.340279
 0.075528
 0.205985
 0.295655
 0.291605
0.0818527
 0.340279
 0.075528
 0.206684
 0.295705
  0.29169
0.0868807
 0.342743
 0.080311
 0.206684
 0.295705
  0.29169
0.0868807
 0.342743
 0.080311
 0.207397
 0.295749
 0.291763
0.0920567
 0.345277
0.0852441
 0.207397
 0.295749
 0.291763
0.0920567
 0.345277
0.0852441
 0.208121
 0.295786
 0.291823
0.0972077
 0.347778
0.0901493
 0.208121
 0.295786
 0.291823
0.0972077
 0.347778
0.0901493
 0.208858
 0.295816
  0.29187
 0.102513
 0.350353
0.0952101
 0.208858
 0.295816
  0.29187
 0.102513
 0.350353
0.0952101
0.209612
 0.29584
0.291903
 0.10818
0.353112
0.100633
0.209612
 0.29584
0.291903
 0.10818
0.353112
0.100633
0.210379
0.295857
0.291921
0.114004
 0.35594
0.106213
0.210379
0.295857
0.291921
0.114004
 0.35594
0.106213
0.211155
0.295866
0.291925
0.119773
0.358719
0.111736
0.211155
0.295866
0.291925
0.119773
0.358719
0.111736
0.211944
0.295868
0.291915
0.125696
0.361566
0.117413
0.211944
0.295868
0.291915
0.125696
0.361566
0.117413
 0.21275
0.295863
0.291892
0.131787
0.364488
0.123256
 0.21275
0.295863
0.291892
0.131787
0.364488
0.123256
 0.21357
0.295852
0.291855
0.138264
0.367603
0.129485
 0.21357
0.295852
0.291855
0.138264
0.367603
0.129485
0.214401
0.295835
0.291807
0.144672
0.370659
0.135645
0.214401
0.295835
0.291807
0.144672
0.370659
0.135645
0.215254
0.295813
0.291748
0.151455
  0.3739
0.142179
0.215254
0.295813
0.291748
0.151455
  0.3739
0.142179
0.216115
0.295787
 0.29168
0.158162
0.377077
0.148634
0.216115
0.295787
 0.29168
0.158162
0.377077
0.148634
0.216992
0.295756
0.291606
0.165019
0.380315
0.155236
0.216992
0.295756
0.291606
0.165019
0.380315
0.155236
0.217891
0.295723
0.291525
0.172287
0.383757
0.162249
0.217891
0.295723
0.291525
0.172287
0.383757
0.162249
0.218803
0.295688
 0.29144
0.179461
0.387121
0.169164
0.218803
0.295688
 0.29144
0.179461
0.387121
0.169164
0.219744
0.295652
0.291352
0.187289
0.390821
0.176734
0.219744
0.295652
0.291352
0.187289
0.390821
0.176734
0.220705
0.295616
0.291264
0.195259
0.394569
0.184445
0.220705
0.295616
0.291264
0.195259
0.394569
0.184445
0.221672
0.295581
 0.29118
0.202756
0.398047
0.191683
0.221672
0.295581
 0.29118
0.202756
0.398047
0.191683
0.222646
0.295546
0.291098
0.210183
0.401528
0.198883
0.222646
0.295546
0.291098
0.210183
0.401528
0.198883
0.223622
0.295515
0.291023
0.217845
0.405175
 0.20635
0.223622
0.295515
0.291023
0.217845
0.405175
 0.20635
0.224601
0.295487
0.290954
0.225468
 0.40883
0.213801
0.224601
0.295487
0.290954
0.225468
 0.40883
0.213801
0.225579
0.295463
0.290894
0.232774
0.412336
0.220954
0.225579
0.295463
0.290894
0.232774
0.412336
0.220954
0.226566
0.295443
0.290844
0.240051
0.415851
0.228094
0.226566
0.295443
0.290844
0.240051
0.415851
0.228094
0.227554
0.295428
0.290805
0.247327
0.419383
0.235245
0.227554
0.295428
0.290805
0.247327
0.419383
0.235245
0.228547
0.295419
0.290777
0.254603
0.422931
0.242408
0.228547
0.295419
0.290777
0.254603
0.422931
0.242408
0.229551
0.295416
0.290761
0.262142
0.426635
0.249845
0.229551
0.295416
0.290761
0.262142
0.426635
0.249845
0.230561
 0.29542
0.290758
0.269663
0.430337
0.257271
0.230561
 0.29542
0.290758
0.269663
0.430337
0.257271
0.231572
0.295428
0.290767
0.276886
0.433885
0.264399
0.231572
0.295428
0.290767
0.276886
0.433885
0.264399
0.232589
0.295443
0.290789
0.284094
0.437434
0.271517
0.232589
0.295443
0.290789
0.284094
0.437434
0.271517
0.233616
0.295464
0.290822
0.291575
0.441138
0.278913
0.233616
0.295464
0.290822
0.291575
0.441138
0.278913
0.234655
 0.29549
0.290866
0.299049
 0.44484
0.286304
0.234655
 0.29549
0.290866
0.299049
 0.44484
0.286304
0.235692
0.295521
0.290921
0.306494
 0.44853
0.293667
0.235692
0.295521
0.290921
0.306494
 0.44853
0.293667
0.236729
0.295557
0.290985
 0.31365
0.452066
0.300738
0.236729
0.295557
0.290985
 0.31365
0.452066
0.300738
 0.23777
0.295596
0.291057
0.320804
0.455605
0.307807
 0.23777
0.295596
0.291057
0.320804
0.455605
0.307807
0.238819
0.295639
0.291136
 0.32824
0.459301
0.315161
0.238819
0.295639
0.291136
 0.32824
0.459301
0.315161
 0.23987
0.295684
0.291219
0.335675
0.462995
0.322514
 0.23987
0.295684
0.291219
0.335675
0.462995
0.322514
0.240923
 0.29573
0.291306
0.343089
0.466679
0.329844
0.240923
 0.29573
0.291306
0.343089
0.466679
0.329844
0.241971
0.295777
0.291395
0.350218
 0.47021
0.336888
0.241971
0.295777
0.291395
0.350218
 0.47021
0.336888
 0.24303
0.295825
0.291485
0.357876
 0.47403
0.344461
 0.24303
0.295825
0.291485
0.357876
 0.47403
0.344461
0.244026
0.295825
0.291661
0.365037
0.477336
0.351586
0.244026
0.295825
0.291661
0.365037
0.477336
0.351586
0.245128
0.295916
0.291656
0.372354
0.481231
0.358759
0.245128
0.295916
0.291656
0.372354
0.481231
0.358759
0.245128
0.295916
0.291656
0.372354
0.481231
0.358759
0.246182
0.295959
0.291735
0.380147
0.485073
0.366288
0.247232
0.295998
0.291809
0.387639
0.488829
0.373864
0.247232
0.295998
0.291809
0.387639
0.488829
0.373864
 0.24822
 0.29599
0.291958
0.394678
0.492091
0.380883
 0.24822
 0.29599
0.291958
0.394678
0.492091
0.380883
0.249298
0.296064
0.291932
0.401498
0.495767
0.387722
0.249298
0.296064
0.291932
0.401498
0.495767
0.387722
0.250273
0.296043
0.292071
0.408785
0.499074
0.394755
0.250273
0.296043
0.292071
0.408785
0.499074
0.394755
0.251351
0.296111
0.292016
0.416109
0.502975
 0.40192
0.251351
0.296111
0.292016
0.416109
0.502975
 0.40192
0.252372
0.296127
0.292042
0.423473
0.506651
0.409187
0.252372
0.296127
0.292042
0.423473
0.506651
0.409187
0.253386
0.296136
0.292058
0.430829
0.510301
0.416446
0.253386
0.296136
0.292058
0.430829
0.510301
0.416446
 0.25439
 0.29614
0.292062
0.437912
0.513802
 0.42343
 0.25439
 0.29614
0.292062
0.437912
0.513802
 0.42343
0.255393
0.296138
0.292056
0.445266
0.517452
0.430685
0.255393
0.296138
0.292056
0.445266
0.517452
0.430685
 0.25639
 0.29613
0.292038
0.452631
0.521109
0.437947
 0.25639
 0.29613
0.292038
0.452631
0.521109
0.437947
0.257377
0.296118
0.292011
0.459723
0.524617
0.444934
0.257377
0.296118
0.292011
0.459723
0.524617
0.444934
0.258364
  0.2961
0.291974
0.467085
0.528273
0.452191
0.258364
  0.2961
0.291974
0.467085
0.528273
0.452191
0.259342
0.296078
0.291929
0.474195
0.531792
0.459191
0.259342
0.296078
0.291929
0.474195
0.531792
0.459191
0.260321
0.296053
0.291875
0.481572
0.535459
0.466459
0.260321
0.296053
0.291875
0.481572
0.535459
0.466459
0.261302
0.296024
0.291815
 0.48922
0.539272
0.473997
0.261302
0.296024
0.291815
 0.48922
0.539272
0.473997
0.262275
0.295993
0.291751
0.496574
0.542921
0.481237
0.262275
0.295993
0.291751
0.496574
0.542921
0.481237
0.263246
 0.29596
0.291683
0.503896
0.546553
0.488443
0.263246
 0.29596
0.291683
0.503896
0.546553
0.488443
0.264211
0.295926
0.291614
0.510948
0.550039
0.495377
0.264211
0.295926
0.291614
0.510948
0.550039
0.495377
0.264211
0.295926
0.291614
0.510948
0.550039
0.495377
0.265181
0.295891
0.291543
0.518276
0.553677
0.502585
0.266155
0.295857
0.291474
0.525908
0.557444
0.510098
0.266155
0.295857
0.291474
0.525908
0.557444
0.510098
0.267122
0.295824
0.291407
0.532961
0.560932
0.517029
0.267122
0.295824
0.291407
0.532961
0.560932
0.517029
0.268094
0.295793
0.291344
0.540005
 0.56442
0.523948
0.268094
0.295793
0.291344
0.540005
 0.56442
0.523948
0.269065
0.295764
0.291287
0.547083
0.567928
0.530901
0.269065
0.295764
0.291287
0.547083
0.567928
0.530901
0.269065
0.295764
0.291287
0.547083
0.567928
0.530901
0.270039
0.295739
0.291236
0.554193
0.571454
0.537886
0.270978
0.295671
0.291282
0.561896
0.575029
 0.54549
0.270978
0.295671
0.291282
0.561896
0.575029
 0.54549
0.272007
  0.2957
0.291154
0.569185
0.578946
0.552638
0.272007
  0.2957
0.291154
0.569185
0.578946
0.552638
0.272945
0.295656
0.291189
0.576493
 0.58261
0.559896
0.272945
0.295656
0.291189
0.576493
 0.58261
0.559896
0.273927
0.295679
0.291108
0.583223
0.586411
0.566589
0.273927
0.295679
0.291108
0.583223
0.586411
0.566589
0.274843
0.295662
0.291128
0.589475
0.589828
0.572863
0.274843
0.295662
0.291128
0.589475
0.589828
0.572863
0.275751
0.295658
0.291143
0.595518
0.593268
0.578959
0.275751
0.295658
0.291143
0.595518
0.593268
0.578959
0.275751
0.295658
0.291143
0.595518
0.593268
0.578959
0.276656
0.295665
0.291153
0.601382
0.596744
0.584902
0.277563
0.295682
0.291165
0.607976
0.600737
0.591616
0.277563
0.295682
0.291165
0.607976
0.600737
0.591616
0.278446
0.295713
0.291166
0.613436
0.604205
0.597196
0.278446
0.295713
0.291166
0.613436
0.604205
0.597196
0.279324
0.295754
0.291165
0.618884
0.607754
0.602781
0.279324
0.295754
0.291165
0.618884
0.607754
0.602781
0.280139
0.295753
0.291262
0.624191
0.611038
0.608261
0.280139
0.295753
0.291262
0.624191
0.611038
0.608261
0.280956
 0.29578
0.291318
0.629096
0.614276
0.613345
0.280956
 0.29578
0.291318
0.629096
0.614276
0.613345
0.281765
0.295809
 0.29138
0.634045
0.617599
0.618488
0.281765
0.295809
 0.29138
0.634045
0.617599
0.618488
0.282548
0.295841
0.291446
0.638638
 0.62077
 0.62329
0.282548
0.295841
0.291446
0.638638
 0.62077
 0.62329
0.283312
0.295874
0.291516
0.642899
0.624004
0.627846
0.283312
0.295874
0.291516
0.642899
0.624004
0.627846
0.284061
0.295909
0.291587
 0.64758
0.627082
0.632678
0.284061
0.295909
0.291587
 0.64758
0.627082
0.632678
 0.28479
0.295943
 0.29166
0.651896
0.630232
0.637244
 0.28479
0.295943
 0.29166
0.651896
0.630232
0.637244
0.285495
0.295977
0.291731
0.655905
0.633193
0.641494
0.285495
0.295977
0.291731
0.655905
0.633193
0.641494
0.286233
0.295958
0.291801
0.659637
0.636063
0.645636
0.286233
0.295958
0.291801
0.659637
0.636063
0.645636
0.286839
0.296042
0.291867
0.663431
0.638995
0.649542
0.286839
0.296042
0.291867
0.663431
0.638995
0.649542
0.287485
0.296072
 0.29193
0.667311
0.642004
0.653692
0.287485
0.296072
 0.29193
0.667311
0.642004
0.653692
0.288165
0.296043
0.291986
0.670815
0.644934
 0.65768
0.288165
0.296043
0.291986
0.670815
0.644934
 0.65768
0.288703
0.296123
0.292036
0.674374
0.647694
0.661328
0.288703
0.296123
0.292036
0.674374
0.647694
0.661328
0.289284
 0.29613
0.292079
0.677371
0.650296
0.664658
0.289284
 0.29613
0.292079
0.677371
0.650296
0.664658
0.289878
0.296159
0.292055
0.680326
0.653058
0.667974
0.289878
0.296159
0.292055
0.680326
0.653058
0.667974
0.290382
0.296131
0.292141
0.683187
0.655467
0.671189
0.290382
0.296131
0.292141
0.683187
0.655467
0.671189
0.290889
0.296165
0.292118
0.685808
0.657972
0.674091
0.290889
0.296165
0.292118
0.685808
0.657972
0.674091
0.291326
0.296162
0.292167
0.688319
0.660228
0.676879
0.291326
0.296162
0.292167
0.688319
0.660228
0.676879
0.291763
0.296189
0.292147
0.690699
0.662572
0.679523
0.291763
0.296189
0.292147
0.690699
0.662572
0.679523
0.292164
0.296212
0.292129
0.692957
0.664836
0.682041
0.292164
0.296212
0.292129
0.692957
0.664836
0.682041
0.292542
0.296223
0.292111
 0.69517
0.667074
0.684542
0.292542
0.296223
0.292111
 0.69517
0.667074
0.684542
 0.29296
0.296154
0.292095
0.696876
 0.66916
0.686793
 0.29296
0.296154
0.292095
0.696876
 0.66916
0.686793
0.293276
0.296152
0.292081
0.698696
0.671159
0.688903
0.293276
0.296152
0.292081
0.698696
0.671159
0.688903
0.293617
0.296092
0.292068
0.700212
0.673081
 0.69088
0.293617
0.296092
0.292068
0.700212
0.673081
 0.69088
0.293867
0.296092
0.292056
0.701993
0.675026
  0.6929
0.293867
0.296092
0.292056
0.701993
0.675026
  0.6929
0.294171
0.296006
0.292045
0.703162
0.676793
0.694593
0.294171
0.296006
0.292045
0.703162
0.676793
0.694593
0.294481
0.296026
0.291895
0.704297
 0.67882
0.696106
0.294481
0.296026
0.291895
0.704297
 0.67882
0.696106
0.294698
0.295975
0.291887
0.705324
0.680423
0.697515
0.294698
0.295975
0.291887
0.705324
0.680423
0.697515
0.294895
0.295921
0.291879
0.706349
0.682016
0.698926
0.294895
0.295921
0.291879
0.706349
0.682016
0.698926
0.295108
0.295975
0.291726
0.707065
0.683848
0.699931
0.295108
0.295975
0.291726
0.707065
0.683848
0.699931
0.295198
0.295886
0.291726
0.707636
0.685031
0.700873
0.295198
0.295886
0.291726
0.707636
0.685031
0.700873
0.295391
0.295887
0.291715
 0.70807
0.686523
 0.70172
0.295391
0.295887
0.291715
 0.70807
0.686523
 0.70172
0.295556
0.295859
0.291576
0.708434
0.688004
0.702527
0.295556
0.295859
0.291576
0.708434
0.688004
0.702527
 0.29573
0.295827
0.291568
0.708677
0.689349
0.703258
 0.29573
0.295827
0.291568
0.708677
0.689349
0.703258
0.295839
0.295718
0.291568
 0.70881
0.690385
0.703922
0.295839
0.295718
0.291568
 0.70881
0.690385
0.703922
0.295857
0.295702
0.291566
0.708597
0.691343
0.704019
0.295857
0.295702
0.291566
0.708597
0.691343
0.704019
0.296035
 0.29579
0.291435
0.708271
 0.69283
0.704084
0.296035
 0.29579
0.291435
0.708271
 0.69283
0.704084
0.296069
0.295758
0.291433
0.707845
0.693704
0.704072
0.296069
0.295758
0.291433
0.707845
0.693704
0.704072
0.296094
0.295735
0.291431
0.707297
0.694516
0.703943
0.296094
0.295735
0.291431
0.707297
0.694516
0.703943
0.296108
0.295722
0.291429
 0.70661
0.695291
0.703677
0.296108
0.295722
0.291429
 0.70661
0.695291
0.703677
0.296113
 0.29572
0.291426
0.705763
0.696017
0.703253
0.296113
 0.29572
0.291426
0.705763
0.696017
0.703253
 0.29618
0.295793
0.291415
0.704645
0.696914
0.702696
 0.29618
0.295793
0.291415
0.704645
0.696914
0.702696
0.296178
0.295799
0.291412
0.704041
0.697448
0.702269
0.296178
0.295799
0.291412
0.704041
0.697448
0.702269
0.296135
0.295765
0.291488
0.703261
0.697673
0.701901
0.296135
0.295765
0.291488
0.703261
0.697673
0.701901
0.296212
0.295848
0.291476
0.702838
0.698305
 0.70158
0.296212
0.295848
0.291476
0.702838
0.698305
 0.70158
0.296163
0.295808
0.291567
0.702422
0.698258
0.701429
0.296163
0.295808
0.291567
0.702422
0.698258
0.701429
0.296246
0.295896
0.291554
0.701985
0.698893
0.701092
0.296246
0.295896
0.291554
0.701985
0.698893
0.701092
0.296186
0.295845
0.291666
0.701585
0.698779
0.700939
0.296186
0.295845
0.291666
0.701585
0.698779
0.700939
0.296286
 0.29595
0.291651
0.701396
0.699295
0.700755
0.296286
 0.29595
0.291651
0.701396
0.699295
0.700755
 0.29622
0.295893
0.291777
0.701012
0.699135
0.700606
 0.29622
0.295893
0.291777
0.701012
0.699135
0.700606
0.296295
0.295973
0.291828
0.700833
0.699514
0.700432
0.296295
0.295973
0.291828
0.700833
0.699514
0.700432
 0.29626
0.295946
0.291891
0.700742
0.699316
0.700461
 0.29626
0.295946
0.291891
0.700742
0.699316
0.700461
 0.29637
0.296059
0.291875
0.700579
0.699851
0.700281
 0.29637
0.296059
0.291875
0.700579
0.699851
0.700281
0.296304
0.296003
0.291999
0.700529
0.699478
0.700337
0.296304
0.296003
0.291999
0.700529
0.699478
0.700337
0.296404
0.296106
0.291985
0.700359
0.699974
0.700156
0.296404
0.296106
0.291985
0.700359
0.699974
0.700156
0.296345
0.296056
0.292095
0.700372
0.699597
0.700251
0.296345
0.296056
0.292095
0.700372
0.699597
0.700251
0.296428
0.296142
0.292082
0.700422
0.699905
0.700209
0.296428
0.296142
0.292082
0.700422
0.699905
0.700209
0.296381
0.296103
 0.29217
 0.70006
0.699824
0.700063
0.296381
0.296103
 0.29217
 0.70006
0.699824
0.700063
 0.29644
0.296166
 0.29216
0.700328
0.699931
0.700157
 0.29644
0.296166
 0.29216
0.700328
0.699931
0.700157
0.296439
 0.29617
0.292156
0.699963
 0.70007
0.700001
0.296439
 0.29617
0.292156
0.699963
 0.70007
0.700001
0.296396
0.296134
0.292237
 0.70029
0.699754
0.700145
0.296396
0.296134
0.292237
 0.70029
0.699754
0.700145
0.296395
0.296138
0.292234
0.699931
0.699895
0.699998
0.296395
0.296138
0.292234
0.699931
0.699895
0.699998
0.296394
0.296143
 0.29223
0.700253
0.699823
0.700121
0.296394
0.296143
 0.29223
0.700253
0.699823
0.700121
0.296393
0.296147
0.292227
0.699902
 0.69997
0.699987
0.296393
0.296147
0.292227
0.699902
 0.69997
0.699987
0.296393
0.296151
0.292224
0.700222
0.699918
0.700099
0.296393
0.296151
0.292224
0.700222
0.699918
0.700099
0.296392
0.296155
 0.29222
0.699871
0.700066
0.699966
0.296392
0.296155
 0.29222
0.699871
0.700066
0.699966
0.296392
0.296159
0.292217
0.700195
0.700015
0.700078
0.296392
0.296159
0.292217
0.700195
0.700015
0.700078
0.296303
0.296077
0.292223
 0.69987
0.699857
0.699974
0.296303
0.296077
0.292223
 0.69987
0.699857
0.699974
0.296363
0.296138
0.292102
0.700181
0.700103
0.700065
0.296363
0.296138
0.292102
0.700181
0.700103
0.700065
0.296274
0.296056
0.292108
0.699863
0.699947
 0.69997
0.296274
0.296056
0.292108
0.699863
0.699947
 0.69997
0.296274
 0.29606
0.292105
0.700183
0.699919
0.700073
0.296274
 0.29606
0.292105
0.700183
0.699919
0.700073
 0.29624
0.296031
0.291977
0.699856
0.700045
0.699964
 0.29624
0.296031
0.291977
0.699856
0.700045
0.699964
0.296241
0.296034
0.291973
0.700171
0.700035
0.700059
0.296241
0.296034
0.291973
0.700171
0.700035
0.700059
0.296134
0.295935
0.291981
0.699858
0.699817
0.699969
0.296134
0.295935
0.291981
0.699858
0.699817
0.699969
0.296209
0.296009
0.291831
0.700161
0.700154
0.700047
0.296209
0.296009
0.291831
0.700161
0.700154
0.700047
0.296107
0.295915
0.291839
0.699849
0.699952
0.699959
0.296107
0.295915
0.291839
0.699849
0.699952
0.699959
0.296107
0.295918
0.291835
0.700171
 0.69992
0.700063
0.296107
0.295918
0.291835
0.700171
 0.69992
0.700063
0.296082
0.295896
0.291713
0.699842
0.700064
0.699948
0.296082
0.295896
0.291713
0.699842
0.700064
0.699948
0.296082
0.295896
0.291713
0.699842
0.700064
0.699948
0.296082
  0.2959
0.291708
0.700165
0.700032
0.700053
0.296011
0.295834
0.291713
0.699843
0.699928
0.699946
0.296011
0.295834
0.291713
0.699843
0.699928
0.699946
0.296011
0.295838
0.291708
0.700197
0.699866
0.700073
0.296011
0.295838
0.291708
0.700197
0.699866
0.700073
0.296012
0.295841
0.291704
0.699853
0.700014
0.699947
0.296012
0.295841
0.291704
0.699853
0.700014
0.699947
0.296005
0.295837
0.291596
0.700189
0.699998
0.700063
0.296005
0.295837
0.291596
0.700189
0.699998
0.700063
0.296006
0.295841
0.291592
0.699836
0.700138
0.699922
0.296006
0.295841
0.291592
0.699836
0.700138
0.699922
0.296006
0.295845
0.291587
0.700181
0.700026
 0.70006
0.296006
0.295845
0.291587
0.700181
0.700026
 0.70006
0.296007
0.295849
0.291583
0.700116
0.700022
0.700055
0.296007
0.295849
0.291583
0.700116
0.700022
0.700055
0.296007
0.295852
0.291579
0.699965
0.700018
0.700034
0.296007
0.295852
0.291579
0.699965
0.700018
0.700034
0.296008
0.295856
0.291574
0.700155
0.700022
0.700047
0.296008
0.295856
0.291574
0.700155
0.700022
0.700047
0.295958
0.295812
0.291669
0.700027
0.699768
0.700046
0.295958
0.295812
0.291669
0.700027
0.699768
0.700046
0.296046
  0.2959
0.291655
0.700127
0.700076
 0.70003
0.296046
  0.2959
0.291655
0.700127
0.700076
 0.70003
0.296022
0.295881
0.291732
 0.70007
0.699928
 0.70003
0.296022
0.295881
0.291732
 0.70007
0.699928
 0.70003
 0.29601
0.295873
0.291751
0.699944
0.699845
0.700021
 0.29601
0.295873
0.291751
0.699944
0.699845
0.700021
0.296074
0.295937
 0.29181
0.700103
 0.70001
0.700022
0.296074
0.295937
 0.29181
0.700103
 0.70001
0.700022
0.296074
0.295937
 0.29181
0.700103
 0.70001
0.700022
0.296075
0.295941
0.291805
0.699975
0.699988
 0.70001
0.296111
 0.29598
0.291898
0.700084
 0.70002
0.700016
0.296111
 0.29598
0.291898
0.700084
 0.70002
0.700016
0.296112
0.295984
0.291893
0.699964
0.699986
0.700006
0.296112
0.295984
0.291893
0.699964
0.699986
0.700006
0.296149
0.296023
0.291987
0.700075
0.700019
0.700012
0.296149
0.296023
0.291987
0.700075
0.700019
0.700012
 0.29615
0.296027
0.291982
0.699954
0.699988
0.700002
 0.29615
0.296027
0.291982
0.699954
0.699988
0.700002
0.296185
0.296064
 0.29207
 0.70007
0.700018
 0.70001
0.296185
0.296064
 0.29207
 0.70007
0.700018
 0.70001
0.296186
0.296067
0.292065
0.699945
0.699992
0.699999
0.296186
0.296067
0.292065
0.699945
0.699992
0.699999
0.296214
0.296098
0.292141
0.700067
0.700017
0.700008
0.296214
0.296098
0.292141
0.700067
0.700017
0.700008
0.296215
0.296102
0.292136
0.699935
0.699999
0.699996
0.296215
0.296102
0.292136
0.699935
0.699999
0.699996
0.296181
0.296072
0.292201
0.700081
0.699829
0.700022
0.296181
0.296072
0.292201
0.700081
0.699829
0.700022
0.296256
0.296145
0.292187
 0.69991
0.700085
0.699987
0.296256
0.296145
0.292187
 0.69991
0.700085
0.699987
0.296256
0.296145
0.292187
 0.69991
0.700085
0.699987
0.296257
0.296149
0.292182
0.700064
0.700101
0.700002
0.296259
0.296153
0.292177
0.699923
0.700093
0.699988
0.296259
0.296153
0.292177
0.699923
0.700093
0.699988
0.296225
0.296124
 0.29224
0.700084
0.699939
0.700013
0.296225
0.296124
 0.29224
0.700084
0.699939
0.700013
0.296227
0.296127
0.292235
0.699732
0.700077
0.699871
0.296227
0.296127
0.292235
0.699732
0.700077
0.699871
0.296229
0.296131
0.292229
0.700093
0.699985
0.700018
0.296229
0.296131
0.292229
0.700093
0.699985
0.700018
0.296231
0.296134
0.292224
0.699748
0.700127
0.699886
0.296231
0.296134
0.292224
0.699748
0.700127
0.699886
0.296233
0.296137
0.292218
0.700108
0.700044
0.700027
0.296233
0.296137
0.292218
0.700108
0.700044
0.700027
0.296169
0.296078
 0.29222
0.699782
0.699957
0.699912
0.296169
0.296078
 0.29222
0.699782
0.699957
0.699912
0.296171
0.296081
0.292215
0.700133
0.699894
0.700046
0.296171
0.296081
0.292215
0.700133
0.699894
0.700046
0.296163
0.296074
0.292103
0.699805
0.700081
 0.69993
0.296163
0.296074
0.292103
0.699805
0.700081
 0.69993
0.296155
0.296067
0.292082
0.700142
 0.70002
0.700045
0.296155
0.296067
0.292082
0.700142
 0.70002
0.700045
0.296097
0.296014
0.292083
0.699817
0.699959
0.699935
0.296097
0.296014
0.292083
0.699817
0.699959
0.699935
  0.2961
0.296017
0.292077
0.700149
 0.69992
0.700053
  0.2961
0.296017
0.292077
0.700149
 0.69992
0.700053
0.296082
   0.296
0.291955
0.699825
0.700082
 0.69994
0.296082
   0.296
0.291955
0.699825
0.700082
 0.69994
0.296085
0.296003
0.291949
0.700149
0.700052
0.700047
0.296085
0.296003
0.291949
0.700149
0.700052
0.700047
0.296005
0.295929
0.291952
0.699829
0.699914
 0.69994
0.296005
0.295929
0.291952
0.699829
0.699914
 0.69994
0.296062
0.295982
0.291841
 0.70015
0.700123
0.700045
0.296062
0.295982
0.291841
 0.70015
0.700123
0.700045
0.295989
0.295915
0.291843
 0.69983
0.700011
0.699938
0.295989
0.295915
0.291843
 0.69983
0.700011
0.699938
0.295992
0.295918
0.291837
 0.70016
0.699954
0.700056
0.295992
0.295918
0.291837
 0.70016
0.699954
0.700056
0.295934
0.295864
0.291838
0.699835
0.699889
0.699944
0.295934
0.295864
0.291838
0.699835
0.699889
0.699944
0.295936
0.295867
0.291832
0.700167
 0.69984
0.700064
0.295936
0.295867
0.291832
0.700167
 0.69984
0.700064
0.295996
0.295924
0.291714
0.699818
0.700253
0.699927
0.295996
0.295924
0.291714
0.699818
0.700253
0.699927
0.295942
0.295874
0.291714
0.700168
0.699987
0.700059
0.295942
0.295874
0.291714
0.700168
0.699987
0.700059
0.295945
0.295877
0.291708
0.700021
0.699989
0.700043
0.295945
0.295877
0.291708
0.700021
0.699989
0.700043
0.295947
0.295881
0.291702
0.699962
 0.70014
0.699926
0.295947
0.295881
0.291702
0.699962
 0.70014
0.699926
 0.29595
0.295885
0.291696
0.700009
0.700016
0.700037
 0.29595
0.295885
0.291696
0.700009
0.700016
0.700037
 0.29595
0.295885
0.291696
0.700009
0.700016
0.700037
0.295952
0.295888
0.291689
0.700156
0.700021
0.700053
0.295955
0.295892
0.291683
 0.70001
0.700017
0.700034
0.295955
0.295892
0.291683
 0.70001
0.700017
0.700034
0.295919
0.295861
0.291751
0.700155
0.699842
0.700052
0.295919
0.295861
0.291751
0.700155
0.699842
0.700052
0.295921
0.295865
0.291745
0.700007
0.699841
0.700034
0.295921
0.295865
0.291745
0.700007
0.699841
0.700034
0.295977
0.295918
0.291797
0.700119
0.699998
0.700031
0.295977
0.295918
0.291797
0.700119
0.699998
0.700031
0.295979
0.295922
 0.29179
0.699978
 0.69999
0.700015
0.295979
0.295922
 0.29179
0.699978
 0.69999
0.700015
0.296004
0.295948
0.291858
0.700102
0.700011
0.700023
0.296004
0.295948
0.291858
0.700102
0.700011
0.700023
0.296007
0.295953
0.291851
0.699975
0.699989
 0.70001
0.296007
0.295953
0.291851
0.699975
0.699989
 0.70001
0.296036
0.295982
0.291927
 0.70009
0.700011
0.700017
0.296036
0.295982
0.291927
 0.70009
0.700011
0.700017
0.296038
0.295986
 0.29192
0.699965
0.699988
0.700006
0.296038
0.295986
 0.29192
0.699965
0.699988
0.700006
0.296068
0.296016
0.291997
 0.70008
0.700012
0.700013
0.296068
0.296016
0.291997
 0.70008
0.700012
0.700013
0.296071
0.296021
0.291991
0.699955
0.699989
0.700002
0.296071
0.296021
0.291991
0.699955
0.699989
0.700002
0.296099
0.296049
0.292064
0.700074
0.700012
0.700011
0.296099
0.296049
0.292064
0.700074
0.700012
0.700011
0.296101
0.296053
0.292057
0.699946
0.699993
0.699999
0.296101
0.296053
0.292057
0.699946
0.699993
0.699999
0.296125
0.296077
0.292122
 0.70007
0.700012
0.700009
0.296125
0.296077
0.292122
 0.70007
0.700012
0.700009
0.296128
0.296081
0.292115
0.699937
0.699999
0.699997
0.296128
0.296081
0.292115
0.699937
0.699999
0.699997
0.296131
0.296085
0.292108
0.700079
0.700003
0.700011
0.296131
0.296085
0.292108
0.700079
0.700003
0.700011
0.296152
0.296107
0.292184
0.699924
0.700004
0.699993
0.296152
0.296107
0.292184
0.699924
0.700004
0.699993
0.296155
0.296111
0.292177
0.700069
0.700018
0.700007
0.296155
0.296111
0.292177
0.700069
0.700018
0.700007
0.296158
0.296115
 0.29217
0.699923
 0.70002
0.699993
0.296158
0.296115
 0.29217
0.699923
 0.70002
0.699993
0.296162
0.296119
0.292163
0.700072
0.700042
0.700007
0.296162
0.296119
0.292163
0.700072
0.700042
0.700007
0.296165
0.296122
0.292156
0.699722
0.700178
0.699864
0.296165
0.296122
0.292156
0.699722
0.700178
0.699864
0.296169
0.296126
0.292148
0.700084
0.700071
0.700014
0.296169
0.296126
0.292148
0.700084
0.700071
0.700014
0.296172
 0.29613
0.292141
0.699941
0.700076
0.700006
0.296172
 0.29613
0.292141
0.699941
0.700076
0.700006
0.296176
0.296133
0.292134
0.699902
0.700231
0.699897
0.296176
0.296133
0.292134
0.699902
0.700231
0.699897
 0.29618
0.296137
0.292126
0.699939
0.700121
0.700006
 0.29618
0.296137
0.292126
0.699939
0.700121
0.700006
0.296122
0.296084
0.292126
0.699922
0.700066
0.699911
0.296122
0.296084
0.292126
0.699922
0.700066
0.699911
0.296126
0.296087
0.292118
0.699957
0.699965
0.700024
0.296126
0.296087
0.292118
0.699957
0.699965
0.700024
0.296071
0.296037
0.292117
0.699974
 0.69993
0.699945
0.296071
0.296037
0.292117
0.699974
 0.69993
0.699945
0.296075
0.296041
 0.29211
0.699958
 0.69987
0.700033
0.296075
0.296041
 0.29211
0.699958
 0.69987
0.700033
0.296013
0.295983
0.292109
0.700008
0.699815
0.699967
0.296013
0.295983
0.292109
0.700008
0.699815
0.699967
0.296056
0.296022
0.291995
0.700056
0.699991
0.700041
0.296056
0.296022
0.291995
0.700056
0.699991
0.700041
0.296061
0.296025
0.291987
0.699986
0.700155
0.699951
0.296061
0.296025
0.291987
0.699986
0.700155
0.699951
 0.29598
0.295951
0.291989
0.699987
0.699806
0.700043
 0.29598
0.295951
0.291989
0.699987
0.699806
0.700043
0.295967
0.295939
0.291983
0.699986
0.699914
0.699955
0.295967
0.295939
0.291983
0.699986
0.699914
0.699955
0.295972
0.295942
0.291975
0.699957
0.699867
0.700036
0.295972
0.295942
0.291975
0.699957
0.699867
0.700036
0.295966
0.295936
0.291853
0.700001
0.700081
0.699957
0.295966
0.295936
0.291853
0.700001
0.700081
0.699957
0.295971
 0.29594
0.291845
0.699979
0.700019
0.700036
0.295971
 0.29594
0.291845
0.699979
0.700019
0.700036
0.295975
0.295943
0.291837
0.699964
0.700178
0.699933
0.295975
0.295943
0.291837
0.699964
0.700178
0.699933
0.295916
 0.29589
0.291836
0.700011
0.699863
0.700047
0.295916
 0.29589
0.291836
0.700011
0.699863
0.700047
0.295921
0.295894
0.291828
0.699977
0.700021
0.699942
0.295921
0.295894
0.291828
0.699977
0.700021
0.699942
0.295925
0.295898
 0.29182
0.700087
0.699932
0.700053
0.295925
0.295898
 0.29182
0.700087
0.699932
0.700053
0.295929
0.295902
0.291812
0.699966
0.700083
0.699939
0.295929
0.295902
0.291812
0.699966
0.700083
0.699939
0.295933
0.295906
0.291804
0.700005
0.699972
0.700045
0.295933
0.295906
0.291804
0.700005
0.699972
0.700045
0.295936
 0.29591
0.291795
0.700152
0.699992
0.700061
0.295936
 0.29591
0.291795
0.700152
0.699992
0.700061
 0.29594
0.295914
0.291787
0.699977
0.700066
0.699982
 0.29594
0.295914
0.291787
0.699977
0.700066
0.699982
0.295944
0.295919
0.291779
0.699936
0.699998
0.700031
0.295944
0.295919
0.291779
0.699936
0.699998
0.700031
0.295948
0.295923
0.291771
0.700148
 0.70001
0.700051
0.295948
0.295923
0.291771
0.700148
 0.70001
0.700051
0.295948
0.295923
0.291771
0.700148
 0.70001
0.700051
0.295909
0.295889
0.291845
0.700011
0.699805
0.700039
0.295981
0.295956
0.291829
0.700112
0.700044
0.700034
0.295981
0.295956
0.291829
0.700112
0.700044
0.700034
0.295981
0.295956
0.291829
0.700112
0.700044
0.700034
0.295948
0.295928
0.291891
0.699973
0.699873
0.700023
0.295952
0.295933
0.291883
0.700104
0.699871
0.700033
0.295952
0.295933
0.291883
0.700104
0.699871
0.700033
0.296001
0.295979
0.291943
0.699937
0.699977
0.700008
0.296001
0.295979
0.291943
0.699937
0.699977
0.700008
0.296005
0.295984
0.291934
0.700087
0.699989
0.700022
0.296005
0.295984
0.291934
0.700087
0.699989
0.700022
0.295967
0.295951
0.292006
 0.69996
0.699783
0.700014
0.295967
0.295951
0.292006
 0.69996
0.699783
0.700014
0.296063
 0.29604
0.291987
0.700071
0.700112
0.700011
0.296063
 0.29604
0.291987
0.700071
0.700112
0.700011
0.296026
0.296008
0.292056
0.699941
0.699918
0.700004
0.296026
0.296008
0.292056
0.699941
0.699918
0.700004
0.296026
0.296008
0.292056
0.699941
0.699918
0.700004
 0.29603
0.296013
0.292047
0.700087
0.699921
0.700018
0.296078
0.296059
0.292101
0.699925
0.700026
0.699996
0.296078
0.296059
0.292101
0.699925
0.700026
0.699996
0.296082
0.296063
0.292092
0.700084
 0.70004
0.700011
0.296082
0.296063
0.292092
0.700084
 0.70004
0.700011
0.296086
0.296068
0.292083
0.699951
 0.70003
0.699999
0.296086
0.296068
0.292083
0.699951
 0.70003
0.699999
0.296086
0.296068
0.292083
0.699951
 0.70003
0.699999
0.296046
0.296033
 0.29216
0.700093
0.699838
0.700018
 0.29612
  0.2961
0.292143
0.699932
0.700069
0.699992
 0.29612
  0.2961
0.292143
0.699932
0.700069
0.699992
0.296124
0.296105
0.292134
0.699887
0.700223
0.699882
0.296124
0.296105
0.292134
0.699887
0.700223
0.699882
0.296129
0.296109
0.292125
0.699956
0.700088
0.700002
0.296129
0.296109
0.292125
0.699956
0.700088
0.700002
0.296133
0.296113
0.292117
0.700106
0.700098
0.700024
0.296133
0.296113
0.292117
0.700106
0.700098
0.700024
0.296102
0.296086
0.292175
 0.69996
0.699941
0.700011
0.296102
0.296086
0.292175
 0.69996
0.699941
0.700011
0.296107
0.296091
0.292166
 0.69991
0.700098
0.699902
0.296107
0.296091
0.292166
 0.69991
0.700098
0.699902
0.296112
0.296095
0.292157
0.699942
0.699999
 0.70001
0.296112
0.296095
0.292157
0.699942
0.699999
 0.70001
0.296117
0.296099
0.292148
0.699921
0.700159
0.699911
0.296117
0.296099
0.292148
0.699921
0.700159
0.699911
0.296122
0.296103
0.292139
0.699953
0.700059
0.700018
0.296122
0.296103
0.292139
0.699953
0.700059
0.700018
0.296056
0.296043
0.292138
 0.69995
0.699981
0.699927
0.296056
0.296043
0.292138
 0.69995
0.699981
0.699927
0.296061
0.296047
0.292128
0.699972
0.699892
0.700032
0.296061
0.296047
0.292128
0.699972
0.699892
0.700032
0.296066
0.296051
0.292119
0.699976
 0.70006
0.699946
0.296066
0.296051
0.292119
0.699976
 0.70006
0.699946
0.295994
0.295986
0.292118
0.699987
0.699738
0.700042
0.295994
0.295986
0.292118
0.699987
0.699738
0.700042
0.295999
 0.29599
0.292109
0.699999
0.699909
0.699959
0.295999
 0.29599
0.292109
0.699999
0.699909
0.699959
0.296068
0.296049
0.291979
0.699957
 0.70016
0.700029
0.296068
0.296049
0.291979
0.699957
 0.70016
0.700029
 0.29599
0.295978
0.291979
0.699992
0.700045
0.699948
 0.29599
0.295978
0.291979
0.699992
0.700045
0.699948
0.295996
0.295982
0.291969
     0.7
0.699959
 0.70004
0.295996
0.295982
0.291969
     0.7
0.699959
 0.70004
0.296001
0.295986
 0.29196
 0.70007
0.700067
0.700002
0.296001
0.295986
 0.29196
 0.70007
0.700067
0.700002
0.295931
0.295924
0.291958
0.700003
0.699797
0.700043
0.295931
0.295924
0.291958
0.700003
0.699797
0.700043
0.295926
0.295918
 0.29195
0.700083
0.699869
0.700009
0.295926
0.295918
 0.29195
0.700083
0.699869
0.700009
0.295931
0.295922
 0.29194
0.699969
0.699874
0.700031
0.295931
0.295922
 0.29194
0.699969
0.699874
0.700031
0.295936
0.295926
0.291931
0.699974
0.700041
0.699941
0.295936
0.295926
0.291931
0.699974
0.700041
0.699941
0.295941
0.295931
0.291921
0.699971
0.699968
0.700028
0.295941
0.295931
0.291921
0.699971
0.699968
0.700028
0.295883
0.295879
0.291918
0.699969
0.699916
0.699934
0.295883
0.295879
0.291918
0.699969
0.699916
0.699934
0.295888
0.295883
0.291908
     0.7
0.699819
 0.70004
0.295888
0.295883
0.291908
     0.7
0.699819
 0.70004
0.295894
0.295888
0.291899
0.700077
0.699923
0.700004
0.295894
0.295888
0.291899
0.700077
0.699923
0.700004
0.295899
0.295893
0.291889
0.699998
0.699896
0.700039
0.295899
0.295893
0.291889
0.699998
0.699896
0.700039
0.295904
0.295897
0.291879
0.699966
0.700055
0.699932
0.295904
0.295897
0.291879
0.700241
0.699878
 0.70011
0.295904
0.295897
0.291879
0.700241
0.699878
 0.70011
0.295914
0.295907
0.291859
0.700124
0.699979
0.700038
0.295914
0.295907
0.291859
0.700124
0.699979
0.700038
0.295918
0.295912
0.291849
0.699982
 0.69998
0.700022
0.295918
0.295912
0.291849
0.699982
 0.69998
0.700022
0.295988
0.295974
0.291832
0.700097
0.700215
0.700024
0.295988
0.295974
0.291832
0.700097
0.700215
0.700024
0.295988
0.295974
0.291832
0.700097
0.700215
0.700024
0.295988
0.295974
0.291832
0.700097
0.700215
0.700024
0.295947
0.295941
0.291907
0.699926
0.699949
0.700008
0.295947
0.295941
0.291907
0.699926
0.699949
0.700008
0.296013
0.296001
0.291903
0.700079
0.700141
0.700016
0.296013
0.296001
0.291903
0.700079
0.700141
0.700016
0.295981
0.295974
0.291962
0.699962
0.699948
0.700006
0.295981
0.295974
0.291962
0.699962
0.699948
0.700006
0.295986
0.295979
0.291952
 0.70009
0.699966
0.700019
0.295986
0.295979
0.291952
 0.70009
0.699966
0.700019
0.296028
0.296018
0.292005
0.699931
0.700041
0.699998
0.296028
0.296018
0.292005
0.699931
0.700041
0.699998
0.296032
0.296023
0.291994
0.700078
0.700048
0.700013
0.296032
0.296023
0.291994
0.700078
0.700048
0.700013
0.296001
0.295998
0.292052
0.699951
0.699874
0.700003
