 0.230469
0.0211418
 0.739773
  2.01974
 0.205524
 0.326041
0.230442
0.021162
0.739634
 2.01974
 0.20559
0.325967
0.230382
0.021243
0.739257
 2.01972
0.205789
0.325747
 0.230288
0.0213849
 0.738644
   2.0197
  0.20612
  0.32538
 0.230162
0.0215882
 0.737795
  2.01967
 0.206584
 0.324867
 0.230003
0.0218533
  0.73671
  2.01963
  0.20718
 0.324207
 0.229813
0.0221809
 0.735391
  2.01958
 0.207909
   0.3234
 0.229591
0.0225716
  0.73384
  2.01952
  0.20877
 0.322446
 0.229339
0.0230262
 0.732058
  2.01946
 0.209764
 0.321346
 0.229058
0.0235455
 0.730046
  2.01938
 0.210891
 0.320099
 0.228748
0.0241303
 0.727806
   2.0193
 0.212149
 0.318705
  0.22841
0.0247817
 0.725341
   2.0192
 0.213541
 0.317164
 0.228046
0.0255007
 0.722652
   2.0191
 0.215065
 0.315477
 0.227656
0.0262885
 0.719742
  2.01899
 0.216721
 0.313643
0.227242
0.027146
0.716612
 2.01887
 0.21851
0.311662
 0.226805
0.0280746
 0.713266
  2.01874
 0.220432
 0.309535
 0.226346
0.0290755
 0.709705
   2.0186
 0.222486
 0.307261
0.225866
 0.03015
0.705932
 2.01846
0.224672
 0.30484
 0.225367
0.0312993
 0.701951
   2.0183
 0.226991
 0.302272
  0.22485
0.0325248
 0.697763
  2.01814
 0.229443
 0.299558
 0.224316
0.0338279
 0.693371
  2.01797
 0.232027
 0.296697
 0.223767
0.0352098
 0.688778
  2.01778
 0.234743
 0.293689
 0.223204
0.0366719
 0.683987
  2.01759
 0.237592
 0.290535
 0.222628
0.0382156
 0.678999
  2.01739
 0.240574
 0.287234
 0.222041
0.0398422
 0.673819
  2.01718
 0.243688
 0.283786
0.221444
0.041553
0.668448
 2.01697
0.246934
0.280191
 0.220838
0.0433493
  0.66289
  2.01674
 0.250314
  0.27645
 0.220225
0.0452324
 0.657146
   2.0165
 0.253825
 0.272562
 0.219606
0.0472034
 0.651219
  2.01626
 0.257469
 0.268527
 0.218981
0.0492636
 0.645112
  2.01601
 0.261246
 0.264346
0.218353
0.051414
0.638826
 2.01574
0.265155
0.260017
 0.217721
0.0536558
 0.632364
  2.01547
 0.269197
 0.255542
 0.217088
0.0559899
 0.625728
  2.01519
 0.273371
 0.250921
 0.216454
0.0584173
 0.618919
   2.0149
 0.277678
 0.246153
0.215823
0.060921
0.611984
 2.01461
0.282088
 0.24127
 0.215206
0.0634437
 0.605067
  2.01431
 0.286505
 0.236379
 0.214604
0.0659816
 0.598181
  2.01402
 0.290922
 0.231489
 0.214018
0.0685353
 0.591326
  2.01372
 0.295339
 0.226598
 0.213448
0.0711055
 0.584504
  2.01342
 0.299756
 0.221708
 0.212895
0.0736926
 0.577716
  2.01313
 0.304173
 0.216817
  0.21236
0.0762971
 0.570962
  2.01283
  0.30859
 0.211926
 0.211842
0.0789191
 0.564244
  2.01254
 0.313007
 0.207036
0.211342
0.081559
0.557561
 2.01224
0.317425
0.202145
  0.21086
0.0842168
 0.550915
  2.01194
 0.321842
 0.197255
 0.210396
0.0868927
 0.544304
  2.01165
 0.326259
 0.192364
  0.20995
0.0895864
 0.537729
  2.01135
 0.330676
 0.187473
0.209521
0.092298
 0.53119
 2.01106
0.335093
0.182583
 0.209111
0.0950271
 0.524686
  2.01076
  0.33951
 0.177692
 0.208717
0.0977735
 0.518217
  2.01046
 0.343927
 0.172802
 0.20834
0.100537
0.511781
 2.01017
0.348345
0.167911
 0.20798
0.103316
0.505377
 2.00987
0.352762
 0.16302
0.207636
0.106112
0.499006
 2.00957
0.357179
 0.15813
0.207306
0.108922
0.492664
 2.00928
0.361596
0.153239
0.206991
0.111747
0.486352
 2.00898
0.366013
0.148349
 0.20669
0.114586
0.480067
 2.00869
 0.37043
0.143458
0.206401
0.117437
0.473807
 2.00839
0.374847
0.138567
0.206125
  0.1203
0.467572
 2.00809
0.379265
0.133677
0.205859
0.123175
0.461358
  2.0078
0.383682
0.128786
0.205603
0.126059
0.455164
  2.0075
0.388099
0.123896
0.205356
0.128952
0.448987
 2.00721
0.392516
0.119005
0.205117
0.131853
0.442827
 2.00691
0.396933
0.114114
0.204885
 0.13476
0.436679
 2.00661
 0.40135
0.109224
0.204658
0.137673
0.430543
 2.00632
0.405767
0.104333
 0.204435
  0.14059
 0.424415
  2.00602
 0.410185
0.0994425
0.204216
0.143511
0.418293
 2.00573
0.414602
0.094552
 0.203998
 0.146433
 0.412176
  2.00543
 0.419019
0.0896613
 0.203781
 0.149356
 0.406059
  2.00513
 0.423436
0.0847707
 0.203564
 0.152274
 0.399953
  2.00484
 0.427846
0.0798883
 0.203357
 0.155128
 0.393997
  2.00455
 0.432153
0.0751199
  0.20316
 0.157898
 0.388233
  2.00427
 0.436327
0.0704983
 0.202973
 0.160584
  0.38266
    2.004
 0.440368
0.0660234
 0.202794
 0.163184
 0.377273
  2.00374
 0.444278
0.0616952
 0.202623
 0.165697
 0.372072
  2.00348
 0.448054
0.0575137
0.202458
0.168123
0.367055
 2.00324
0.451698
0.053479
 0.202299
  0.17046
 0.362218
    2.003
  0.45521
0.0495909
 0.202144
 0.172707
 0.357561
  2.00278
 0.458589
0.0458496
0.201992
0.174863
0.353081
 2.00256
0.461836
0.042255
 0.201843
 0.176928
 0.348777
  2.00235
  0.46495
0.0388071
0.201695
  0.1789
0.344646
 2.00215
0.467931
0.035506
 0.201549
 0.180779
 0.340688
  2.00196
  0.47078
0.0323515
 0.201403
 0.182564
 0.336902
  2.00178
 0.473497
0.0293438
 0.201257
 0.184254
 0.333285
   2.0016
 0.476081
0.0264828
  0.20111
  0.18585
 0.329837
  2.00144
 0.478533
0.0237685
 0.200962
  0.18735
 0.326557
  2.00128
 0.480852
0.0212009
 0.200812
 0.188754
 0.323445
  2.00114
 0.483038
0.0187801
  0.20066
 0.190063
 0.320498
    2.001
 0.485092
0.0165059
 0.200506
 0.191274
 0.317718
  2.00087
 0.487013
0.0143785
 0.200349
  0.19239
 0.315104
  2.00075
 0.488802
0.0123978
 0.200191
 0.193408
 0.312656
  2.00064
 0.490459
0.0105638
  0.200029
   0.19433
  0.310373
   2.00054
  0.491983
0.00887654
0.199866
0.195156
0.308256
 2.00044
0.493374
0.007336
    0.1997
  0.195885
  0.306305
   2.00036
  0.494633
0.00594217
  0.199533
  0.196519
  0.304522
   2.00028
  0.495759
0.00469505
  0.199364
  0.197056
  0.302905
   2.00022
  0.496753
0.00359466
  0.199194
  0.197499
  0.301457
   2.00016
  0.497615
0.00264098
  0.199024
  0.197846
  0.300178
   2.00011
  0.498344
0.00183402
  0.198853
  0.198099
   0.29907
   2.00007
   0.49894
0.00117378
  0.198683
  0.198259
  0.298133
   2.00004
  0.499404
0.00066026
   0.198514
   0.198326
   0.297369
    2.00002
   0.499735
0.000293455
   0.198347
     0.1983
   0.296779
          2
   0.499934
7.33686e-05
   0.198183
   0.198183
   0.296366
          2
        0.5
3.15355e-13
   0.198027
   0.198015
   0.296036
    1.99997
   0.500011
2.81216e-05
   0.197884
   0.197839
     0.2957
    1.99989
   0.500045
0.000112493
   0.197755
   0.197654
   0.295358
    1.99975
   0.500101
0.000253114
   0.197641
   0.197461
   0.295012
    1.99955
    0.50018
0.000449986
   0.197544
   0.197263
   0.294666
     1.9993
   0.500281
0.000703107
  0.197463
  0.197058
  0.294319
   1.99899
  0.500405
0.00101248
 0.197401
  0.19685
 0.293976
  1.99862
 0.500551
0.0013781
  0.197359
  0.196639
  0.293637
    1.9982
   0.50072
0.00179997
  0.197336
  0.196425
  0.293306
   1.99772
  0.500911
0.00227809
  0.197335
   0.19621
  0.292983
   1.99719
  0.501125
0.00281246
  0.197357
  0.195996
  0.292672
    1.9966
  0.501361
0.00340308
  0.197402
  0.195782
  0.292374
   1.99595
   0.50162
0.00404995
  0.197472
  0.195571
  0.292092
   1.99525
  0.501901
0.00475307
  0.197567
  0.195362
  0.291827
   1.99449
  0.502205
0.00551244
   0.19769
  0.195158
  0.291582
   1.99367
  0.502531
0.00632806
   0.19784
   0.19496
  0.291359
    1.9928
   0.50288
0.00719993
  0.198018
  0.194767
   0.29116
   1.99187
  0.503251
0.00812805
  0.198226
  0.194582
  0.290985
   1.99089
  0.503645
0.00911242
0.198465
0.194404
0.290839
 1.98985
0.504061
0.010153
 0.198735
 0.194236
 0.290721
  1.98875
   0.5045
0.0112499
0.199038
0.194077
0.290634
  1.9876
0.504961
0.012403
 0.199373
 0.193928
 0.290579
  1.98639
 0.505445
0.0136124
0.199742
0.193791
0.290557
 1.98512
0.505951
0.014878
 0.200145
 0.193665
  0.29057
   1.9838
  0.50648
0.0161999
0.200583
0.193552
0.290619
 1.98242
0.507031
0.017578
 0.201056
 0.193451
 0.290705
  1.98099
 0.507605
0.0190124
0.201565
0.193364
0.290828
  1.9795
0.508201
0.020503
  0.20211
  0.19329
  0.29099
  1.97795
  0.50882
0.0220499
0.202692
 0.19323
0.291192
 1.97635
0.509461
0.023653
  0.20331
 0.193185
 0.291432
  1.97469
 0.510125
0.0253124
0.203965
0.193154
0.291713
 1.97297
0.510811
0.027028
 0.204657
 0.193137
 0.292033
   1.9712
  0.51152
0.0287998
0.205385
0.193134
0.292394
 1.96937
0.512251
0.030628
 0.206151
 0.193146
 0.292794
  1.96749
 0.513005
0.0325123
 0.206953
 0.193172
 0.293235
  1.96555
 0.513781
0.0344529
 0.207792
 0.193212
 0.293714
  1.96355
  0.51458
0.0364498
 0.208667
 0.193266
 0.294232
   1.9615
 0.515401
0.0385029
 0.209578
 0.193333
 0.294788
  1.95939
 0.516245
0.0406123
 0.210524
 0.193413
 0.295382
  1.95722
 0.517111
0.0427779
 0.211506
 0.193506
 0.296012
    1.955
    0.518
0.0449998
 0.212522
 0.193611
 0.296677
  1.95272
 0.518911
0.0472779
 0.213572
 0.193727
 0.297376
  1.95039
 0.519845
0.0496123
 0.214655
 0.193854
 0.298108
    1.948
 0.520801
0.0520029
 0.215771
 0.193991
 0.298871
  1.94555
  0.52178
0.0544497
 0.216918
 0.194137
 0.299665
  1.94305
 0.522781
0.0569529
 0.218097
 0.194292
 0.300487
  1.94049
 0.523805
0.0595122
 0.219306
 0.194455
 0.301335
  1.93787
 0.524851
0.0621278
 0.220544
 0.194624
 0.302209
   1.9352
  0.52592
0.0647997
 0.221811
   0.1948
 0.303106
  1.93247
 0.527011
0.0675278
 0.223106
 0.194981
 0.304024
  1.92969
 0.528125
0.0703122
 0.224427
 0.195166
 0.304962
  1.92685
 0.529261
0.0731528
 0.225774
 0.195354
 0.305918
  1.92395
  0.53042
0.0760497
 0.227146
 0.195545
  0.30689
    1.921
 0.531601
0.0790028
 0.228541
 0.195737
 0.307876
  1.91799
 0.532805
0.0820122
  0.22996
 0.195929
 0.308873
  1.91492
 0.534031
0.0850778
   0.2314
  0.19612
 0.309881
   1.9118
  0.53528
0.0881996
 0.232862
  0.19631
 0.310896
  1.90862
 0.536551
0.0913778
 0.234343
 0.196498
 0.311918
  1.90539
 0.537845
0.0946121
 0.235843
 0.196682
 0.312945
   1.9021
 0.539161
0.0979027
0.237362
0.196862
0.313974
 1.89875
  0.5405
 0.10125
0.238898
0.197036
0.315003
 1.89535
0.541861
0.104653
 0.24045
0.197205
0.316032
 1.89189
0.543245
0.108112
0.242018
0.197367
0.317059
 1.88837
0.544651
0.111628
  0.2436
0.197521
0.318081
  1.8848
 0.54608
  0.1152
0.245197
0.197666
0.319098
 1.88117
0.547531
0.118828
0.246808
0.197803
0.320108
 1.87749
0.549005
0.122512
 0.24843
 0.19793
0.321109
 1.87375
  0.5505
 0.12625
0.250046
0.198046
0.322093
    1.87
   0.552
    0.13
0.251652
0.198152
0.323054
 1.86625
  0.5535
 0.13375
0.253246
0.198247
0.323993
  1.8625
   0.555
  0.1375
0.254829
0.198329
0.324909
 1.85875
  0.5565
 0.14125
0.2564
0.1984
0.3258
 1.855
 0.558
 0.145
0.257958
0.198458
0.326667
 1.85125
  0.5595
 0.14875
0.259504
0.198504
0.327508
  1.8475
   0.561
  0.1525
0.261037
0.198537
0.328325
 1.84375
  0.5625
 0.15625
0.262557
0.198557
0.329115
    1.84
   0.564
    0.16
0.264065
0.198565
0.329879
 1.83625
  0.5655
 0.16375
0.265559
0.198559
0.330618
  1.8325
   0.567
0.167499
0.267041
0.198541
0.331332
 1.82875
  0.5685
0.171249
 0.26851
 0.19851
 0.33202
   1.825
    0.57
0.174999
0.269966
0.198467
0.332683
 1.82125
  0.5715
0.178749
0.271411
0.198411
0.333322
  1.8175
   0.573
0.182499
0.272844
0.198344
0.333938
 1.81375
  0.5745
0.186249
0.274265
0.198265
0.334531
    1.81
   0.576
0.189999
0.275676
0.198176
0.335101
 1.80625
  0.5775
0.193749
0.277076
0.198076
0.335651
  1.8025
   0.579
0.197499
0.278466
0.197966
0.336182
 1.79875
  0.5805
0.201249
0.279847
0.197847
0.336693
   1.795
   0.582
0.204999
0.281219
0.197719
0.337188
 1.79125
  0.5835
0.208749
0.282583
0.197583
0.337666
  1.7875
   0.585
0.212499
 0.28394
 0.19744
0.338131
 1.78375
  0.5865
0.216249
0.285291
0.197291
0.338582
    1.78
   0.588
0.219999
0.286635
0.197136
0.339021
 1.77625
  0.5895
0.223749
0.287975
0.196976
0.339451
  1.7725
   0.591
0.227499
0.289311
0.196811
0.339873
 1.76875
  0.5925
0.231249
0.290644
0.196644
0.340288
   1.765
   0.594
0.234999
0.291974
0.196474
0.340699
 1.76125
  0.5955
0.238749
0.293303
0.196303
0.341106
  1.7575
   0.597
0.242499
0.294631
0.196131
0.341512
 1.75375
  0.5985
0.246249
0.295959
0.195959
0.341919
    1.75
     0.6
0.249999
0.297288
0.195789
0.342327
 1.74625
  0.6015
0.253749
 0.29862
 0.19562
 0.34274
  1.7425
   0.603
0.257499
0.299954
0.195454
0.343158
 1.73875
  0.6045
0.261249
0.301291
0.195291
0.343583
   1.735
   0.606
0.264999
0.302633
0.195133
0.344016
 1.73125
  0.6075
0.268749
 0.30398
 0.19498
0.344461
  1.7275
   0.609
0.272499
0.305333
0.194833
0.344916
 1.72375
  0.6105
0.276249
0.306692
0.194693
0.345385
    1.72
   0.612
0.279999
0.308059
0.194559
0.345868
 1.71625
  0.6135
0.283749
0.309434
0.194434
0.346368
  1.7125
   0.615
0.287499
0.310817
0.194317
0.346884
 1.70875
  0.6165
0.291249
0.312209
0.194209
0.347418
   1.705
   0.618
0.294999
 0.31361
 0.19411
0.347971
 1.70125
  0.6195
0.298749
0.315022
0.194022
0.348544
  1.6975
   0.621
0.302499
0.316443
0.193944
0.349137
 1.69375
  0.6225
0.306249
0.317876
0.193876
0.349752
    1.69
   0.624
0.309999
0.319319
 0.19382
0.350389
 1.68625
  0.6255
0.313749
0.320774
0.193774
0.351048
  1.6825
   0.627
0.317499
 0.32224
 0.19374
 0.35173
 1.67875
  0.6285
0.321249
0.323717
0.193717
0.352435
   1.675
    0.63
0.324999
0.325206
0.193706
0.353163
 1.67125
  0.6315
0.328749
0.326707
0.193707
0.353914
  1.6675
   0.633
0.332499
0.328219
0.193719
0.354688
 1.66375
  0.6345
0.336249
0.329742
0.193742
0.355484
    1.66
   0.636
0.339999
0.331276
0.193777
0.356303
 1.65625
  0.6375
0.343749
0.332822
0.193822
0.357144
  1.6525
   0.639
0.347499
0.334378
0.193878
0.358006
 1.64875
  0.6405
0.351249
0.335944
0.193944
0.358889
   1.645
   0.642
0.354999
0.337521
0.194021
0.359791
 1.64125
  0.6435
0.358749
0.339106
0.194107
0.360713
  1.6375
   0.645
0.362499
0.340701
0.194202
0.361653
 1.63375
  0.6465
0.366249
0.342305
0.194305
 0.36261
    1.63
   0.648
0.369999
0.343916
0.194416
0.363582
 1.62625
  0.6495
0.373749
 0.34553
0.194535
0.364567
 1.62251
0.650995
0.377487
0.347129
 0.19466
0.365555
 1.61883
0.652469
0.381171
0.348712
0.194792
0.366544
  1.6152
 0.65392
0.384799
0.350277
0.194929
0.367532
 1.61163
0.655348
0.388371
0.351825
0.195071
0.368518
 1.60811
0.656755
0.391887
0.353355
0.195216
0.369501
 1.60465
0.658139
0.395346
0.354865
0.195365
0.370479
 1.60125
  0.6595
0.398749
0.356354
0.195516
0.371451
  1.5979
0.660838
0.402096
0.357823
0.195669
0.372415
 1.59461
0.662155
0.405387
0.359271
0.195822
0.373369
 1.59138
0.663449
0.408621
0.360696
0.195976
0.374312
  1.5882
 0.66472
0.411799
0.362098
0.196129
0.375243
 1.58508
0.665969
0.414921
0.363476
0.196281
 0.37616
 1.58201
0.667195
0.417987
0.364829
0.196431
0.377061
   1.579
0.668398
0.420996
0.366157
0.196577
0.377945
 1.57605
 0.66958
0.423949
0.367459
0.196721
 0.37881
 1.57315
0.670739
0.426846
0.368734
0.196859
0.379656
 1.57031
0.671875
0.429687
0.369982
0.196993
 0.38048
 1.56753
0.672989
0.432471
0.371201
0.197121
0.381282
  1.5648
 0.67408
0.435199
0.372392
0.197243
 0.38206
 1.56213
0.675149
0.437871
0.373553
0.197358
0.382814
 1.55951
0.676195
0.440487
0.374684
0.197466
0.383541
 1.55695
0.677219
0.443046
0.375785
0.197566
0.384241
 1.55445
 0.67822
 0.44555
0.376856
0.197657
0.384914
   1.552
0.679199
0.447996
0.377895
 0.19774
0.385557
 1.54961
0.680155
0.450387
0.378902
0.197814
0.386171
 1.54728
0.681089
0.452721
0.379878
0.197878
0.386755
   1.545
   0.682
   0.455
0.380821
0.197932
0.387309
 1.54278
0.682889
0.457221
0.381732
0.197977
0.387831
 1.54061
0.683755
0.459387
 0.38261
0.198011
0.388322
  1.5385
0.684599
0.461496
0.383455
0.198035
0.388781
 1.53645
 0.68542
 0.46355
0.384268
0.198049
0.389208
 1.53445
0.686219
0.465546
0.385048
0.198053
0.389603
 1.53251
0.686995
0.467487
0.385795
0.198046
0.389967
 1.53063
0.687749
0.469371
0.386509
0.198029
0.390299
  1.5288
 0.68848
  0.4712
0.387191
0.198003
0.390599
 1.52703
0.689189
0.472971
0.387841
0.197966
0.390869
 1.52531
0.689875
0.474687
0.388458
0.197919
0.391108
 1.52365
0.690539
0.476347
0.389043
0.197863
0.391317
 1.52205
 0.69118
 0.47795
0.389597
0.197799
0.391497
  1.5205
0.691799
0.479497
 0.39012
0.197725
0.391648
 1.51901
0.692395
0.480987
0.390612
0.197643
0.391771
 1.51758
0.692969
0.482422
0.391074
0.197554
0.391867
  1.5162
 0.69352
  0.4838
0.391505
0.197457
0.391938
 1.51488
0.694049
0.485122
0.391908
0.197353
0.391984
 1.51361
0.694555
0.486387
0.392282
0.197243
0.392006
  1.5124
0.695039
0.487597
0.392627
0.197127
0.392005
 1.51125
  0.6955
 0.48875
0.392945
0.197007
0.391983
 1.51015
0.695939
0.489847
0.393237
0.196882
0.391941
 1.50911
0.696355
0.490887
0.393501
0.196753
 0.39188
 1.50813
0.696749
0.491872
0.393741
0.196621
0.391802
  1.5072
 0.69712
  0.4928
0.393955
0.196486
0.391707
 1.50633
0.697469
0.493672
0.394145
 0.19635
0.391598
 1.50551
0.697795
0.494487
0.394311
0.196213
0.391475
 1.50475
0.698099
0.495247
0.394455
0.196075
 0.39134
 1.50405
 0.69838
 0.49595
0.394576
0.195938
0.391195
  1.5034
0.698639
0.496597
0.394676
0.195801
 0.39104
 1.50281
0.698875
0.497187
0.394755
0.195667
0.390878
 1.50228
0.699089
0.497722
0.394814
0.195534
0.390709
  1.5018
 0.69928
  0.4982
0.394854
0.195405
0.390534
 1.50138
0.699449
0.498622
0.394874
0.195279
0.390356
 1.50101
0.699595
0.498987
0.394877
0.195158
0.390175
  1.5007
0.699719
0.499297
0.394861
0.195041
0.389992
 1.50045
 0.69982
 0.49955
0.394829
 0.19493
0.389809
 1.50025
0.699899
0.499747
0.394779
0.194824
0.389626
 1.50011
0.699955
0.499887
0.394714
0.194725
0.389445
 1.50003
0.699989
0.499972
0.394633
0.194633
0.389267
     1.5
     0.7
     0.5
0.394549
0.194553
0.389099
 1.49999
0.699995
0.500013
0.394471
0.194491
0.388953
 1.49995
 0.69998
 0.50005
0.394402
0.194447
0.388827
 1.49989
0.699955
0.500112
0.394341
0.194421
0.388723
  1.4998
 0.69992
  0.5002
0.394289
0.194414
0.388641
 1.49969
0.699875
0.500312
0.394246
0.194426
0.388582
 1.49955
 0.69982
 0.50045
0.394212
0.194456
0.388545
 1.49939
0.699755
0.500612
0.394186
0.194506
0.388532
  1.4992
 0.69968
  0.5008
 0.39417
0.194575
0.388543
 1.49899
0.699595
0.501012
0.394163
0.194663
0.388577
 1.49875
  0.6995
 0.50125
0.394166
0.194771
0.388634
 1.49849
0.699395
0.501512
0.394177
0.194897
0.388714
  1.4982
 0.69928
  0.5018
0.394198
0.195043
0.388818
 1.49789
0.699155
0.502112
0.394227
0.195207
0.388945
 1.49755
 0.69902
 0.50245
0.394266
 0.19539
0.389093
 1.49719
0.698875
0.502812
0.394312
0.195592
0.389264
  1.4968
 0.69872
  0.5032
0.394367
0.195812
0.389457
 1.49639
0.698555
0.503612
0.39443
0.19605
0.38967
1.49595
0.69838
0.50405
  0.3945
0.196305
0.389903
 1.49549
0.698195
0.504512
0.394578
0.196578
0.390155
   1.495
   0.698
   0.505
0.394662
0.196867
0.390426
 1.49449
0.697795
0.505512
0.394752
0.197172
0.390715
 1.49395
 0.69758
 0.50605
0.394849
0.197494
 0.39102
 1.49339
0.697355
0.506612
0.39495
0.19783
0.39134
 1.4928
0.69712
 0.5072
0.395056
0.198181
0.391675
 1.49219
0.696875
0.507812
0.395167
0.198547
0.392024
 1.49155
 0.69662
 0.50845
0.395281
0.198926
0.392384
 1.49089
0.696355
0.509112
0.395398
0.199318
0.392756
  1.4902
 0.69608
  0.5098
0.395518
0.199722
0.393138
 1.48949
0.695795
0.510512
0.395639
0.200139
0.393528
 1.48875
  0.6955
 0.51125
0.395761
0.200566
0.393925
 1.48799
0.695195
0.512012
0.395885
0.201004
0.394329
  1.4872
 0.69488
  0.5128
0.396008
0.201453
0.394738
 1.48639
0.694555
0.513612
0.39613
0.20191
0.39515
1.48555
0.69422
0.51445
0.396251
0.202376
0.395565
 1.48469
0.693875
0.515312
 0.39637
 0.20285
0.395981
  1.4838
 0.69352
  0.5162
0.396487
0.203332
0.396397
 1.48289
0.693155
0.517112
0.396601
0.203821
0.396812
 1.48195
 0.69278
 0.51805
0.396711
0.204316
0.397225
 1.48099
0.692395
0.519012
0.396818
0.204817
0.397635
    1.48
   0.692
    0.52
0.396919
0.205324
0.398041
 1.47899
0.691595
0.521012
0.397016
0.205835
0.398441
 1.47795
 0.69118
 0.52205
0.397106
0.206351
0.398835
 1.47689
0.690755
0.523112
0.397191
0.206871
0.399222
  1.4758
 0.69032
  0.5242
 0.39727
0.207395
0.399602
 1.47469
0.689875
0.525312
0.397342
0.207921
0.399973
 1.47355
 0.68942
 0.52645
0.397406
0.208451
0.400335
 1.47239
0.688955
0.527612
0.397464
0.208983
0.400687
  1.4712
 0.68848
  0.5288
0.397513
0.209518
0.401029
 1.46999
0.687995
0.530012
0.397555
0.210055
 0.40136
 1.46875
  0.6875
 0.53125
0.397589
0.210594
0.401681
 1.46749
0.686995
0.532512
0.397615
0.211135
 0.40199
  1.4662
 0.68648
  0.5338
0.397633
0.211677
0.402287
 1.46489
0.685955
0.535112
0.397642
0.212222
0.402574
 1.46355
 0.68542
 0.53645
0.397643
0.212768
0.402848
 1.46219
0.684875
0.537812
0.397636
0.213316
0.403112
  1.4608
 0.68432
  0.5392
0.397621
0.213865
0.403364
 1.45939
0.683755
0.540612
0.397597
0.214417
0.403605
 1.45795
 0.68318
 0.54205
0.397566
0.214971
0.403835
 1.45649
0.682595
0.543512
0.397527
0.215527
0.404055
   1.455
   0.682
   0.545
0.397481
0.216086
0.404265
 1.45349
0.681395
0.546512
0.397428
0.216647
0.404465
 1.45195
 0.68078
 0.54805
0.397367
0.217212
0.404657
 1.45039
0.680155
0.549612
  0.3973
 0.21778
0.404841
  1.4488
 0.67952
0.551199
0.397227
0.218352
0.405017
 1.44719
0.678875
0.552812
0.397149
0.218928
0.405187
 1.44555
 0.67822
0.554449
0.397065
0.219509
0.405351
 1.44389
0.677555
0.556112
0.396975
0.220095
0.405511
  1.4422
 0.67688
0.557799
0.396882
0.220687
0.405666
 1.44049
0.676195
0.559512
0.396785
0.221284
0.405819
 1.43875
  0.6755
0.561249
0.396684
0.221888
 0.40597
 1.43699
0.674795
0.563012
 0.39658
  0.2225
 0.40612
  1.4352
 0.67408
0.564799
0.396474
0.223119
 0.40627
 1.43339
0.673355
0.566612
0.396366
0.223746
0.406421
 1.43155
 0.67262
0.568449
0.396257
0.224381
0.406575
 1.42969
0.671875
0.570312
0.396147
0.225026
0.406733
  1.4278
 0.67112
0.572199
0.396036
0.225681
0.406895
 1.42589
0.670355
0.574112
0.395926
0.226346
0.407063
 1.42395
 0.66958
0.576049
0.395818
0.227022
0.407237
 1.42199
0.668795
0.578012
 0.39571
 0.22771
 0.40742
    1.42
   0.668
0.579999
0.395605
0.228409
0.407612
 1.41799
0.667195
0.582012
0.395502
0.229121
0.407813
 1.41595
 0.66638
0.584049
0.395402
0.229846
0.408026
 1.41389
0.665555
0.586112
0.395305
0.230585
 0.40825
  1.4118
 0.66472
0.588199
0.395213
0.231337
0.408488
 1.40969
0.663875
0.590312
0.395125
0.232104
0.408739
 1.40755
 0.66302
0.592449
0.395041
0.232886
0.409005
 1.40539
0.662155
0.594612
0.394963
0.233683
0.409286
  1.4032
 0.66128
0.596799
0.394891
0.234495
0.409584
 1.40099
0.660395
0.599012
0.394824
0.235324
0.409898
 1.39875
  0.6595
0.601249
0.394764
0.236168
 0.41023
 1.39649
0.658595
0.603512
 0.39471
 0.23703
 0.41058
  1.3942
 0.65768
0.605799
0.394663
0.237907
0.410948
 1.39189
0.656755
0.608112
0.394622
0.238802
0.411335
 1.38955
 0.65582
0.610449
0.394589
0.239714
0.411741
 1.38719
0.654875
0.612812
0.394563
0.240643
0.412166
  1.3848
 0.65392
0.615199
0.394545
0.241589
0.412612
 1.38239
0.652955
0.617612
0.394533
0.242553
0.413077
 1.37995
 0.65198
0.620049
 0.39453
0.243534
0.413561
 1.37749
0.650995
0.622512
0.394533
0.244533
0.414066
   1.375
    0.65
0.624999
0.394544
0.245543
0.414587
  1.3725
   0.649
0.627499
0.394562
0.246562
0.415124
    1.37
   0.648
0.629999
0.394587
0.247587
0.415674
  1.3675
   0.647
0.632499
0.394619
0.248619
0.416238
   1.365
   0.646
0.634999
0.394658
0.249658
0.416816
  1.3625
   0.645
0.637499
0.394703
0.250703
0.417406
    1.36
   0.644
    0.64
0.394755
0.251755
 0.41801
  1.3575
   0.643
  0.6425
0.394812
0.252812
0.418625
   1.355
   0.642
   0.645
0.394876
0.253875
0.419251
  1.3525
   0.641
  0.6475
0.394944
0.254944
0.419888
    1.35
    0.64
    0.65
0.395018
0.256017
0.420535
  1.3475
   0.639
  0.6525
0.395096
0.257096
0.421191
   1.345
   0.638
   0.655
0.395178
0.258178
0.421855
  1.3425
   0.637
  0.6575
0.395264
0.259264
0.422527
    1.34
   0.636
    0.66
0.395353
0.260353
0.423205
  1.3375
   0.635
  0.6625
0.395444
0.261445
0.423889
   1.335
   0.634
   0.665
0.395539
0.262539
0.424577
  1.3325
   0.633
  0.6675
0.395635
0.263635
0.425269
    1.33
   0.632
    0.67
0.395732
0.264732
0.425964
  1.3275
   0.631
  0.6725
 0.39583
 0.26583
0.426661
   1.325
    0.63
   0.675
0.395929
0.266929
0.427358
  1.3225
   0.629
  0.6775
0.396027
0.268028
0.428055
    1.32
   0.628
    0.68
0.396125
0.269125
 0.42875
  1.3175
   0.627
  0.6825
0.396222
0.270222
0.429444
   1.315
   0.626
0.685001
0.396317
0.271317
0.430134
  1.3125
   0.625
0.687501
 0.39641
 0.27241
 0.43082
    1.31
   0.624
0.690001
0.396501
0.273501
0.431501
  1.3075
   0.623
0.692501
0.396588
0.274588
0.432177
   1.305
   0.622
0.695001
0.396672
0.275673
0.432845
  1.3025
   0.621
0.697501
0.396753
0.276753
0.433506
     1.3
    0.62
0.700001
0.396829
0.277829
0.434158
  1.2975
   0.619
0.702501
0.396901
0.278901
0.434802
   1.295
   0.618
0.705001
0.396968
0.279968
0.435436
  1.2925
   0.617
0.707501
0.397029
 0.28103
0.436059
    1.29
   0.616
0.710001
0.397086
0.282086
0.436671
  1.2875
   0.615
0.712501
0.397136
0.283137
0.437272
   1.285
0.613999
0.715001
0.397181
0.284181
0.437862
  1.2825
0.612999
0.717501
0.397219
 0.28522
0.438439
    1.28
0.611999
0.720001
0.397251
0.286252
0.439003
  1.2775
0.610999
0.722501
0.397277
0.287278
0.439555
   1.275
0.609999
0.725001
0.397296
0.288297
0.440093
  1.2725
0.608999
0.727502
0.397309
 0.28931
0.440618
    1.27
0.607999
0.730002
0.397315
0.290316
0.441131
  1.2675
0.606999
0.732502
0.397315
0.291315
0.441629
   1.265
0.605999
0.735002
0.397307
0.292308
0.442115
  1.2625
0.604999
0.737502
0.397294
0.293295
0.442588
    1.26
0.603999
0.740002
0.397274
0.294275
0.443048
  1.2575
0.602999
0.742502
0.397248
0.295248
0.443495
   1.255
0.601999
0.745002
0.397215
0.296216
0.443931
  1.2525
0.600999
0.747502
0.397177
0.297178
0.444354
    1.25
0.599999
0.750002
0.397133
0.298134
0.444766
  1.2475
0.598999
0.752502
0.397083
0.299084
0.445167
   1.245
0.597999
0.755002
0.397029
 0.30003
0.445558
  1.2425
0.596999
0.757502
0.396969
 0.30097
0.445939
    1.24
0.595999
0.760002
0.396905
0.301906
0.446311
  1.2375
0.594999
0.762502
0.396837
0.302838
0.446675
   1.235
0.593999
0.765002
0.396765
0.303766
 0.44703
  1.2325
0.592999
0.767502
0.396689
 0.30469
0.447379
    1.23
0.591999
0.770002
0.396611
0.305612
0.447722
  1.2275
0.590999
0.772503
0.396529
0.306531
 0.44806
   1.225
0.589999
0.775003
0.396446
0.307447
0.448393
  1.2225
0.588999
0.777503
0.396361
0.308362
0.448722
    1.22
0.587999
0.780003
0.396274
0.309275
0.449048
  1.2175
0.586999
0.782503
0.396186
0.310187
0.449373
   1.215
0.585999
0.785003
0.396098
0.311099
0.449697
  1.2125
0.584999
0.787503
 0.39601
0.312011
0.450021
    1.21
0.583999
0.790003
0.395922
0.312923
0.450345
  1.2075
0.582999
0.792503
0.395835
0.313836
0.450671
   1.205
0.581999
0.795003
 0.39575
0.314751
   0.451
  1.2025
0.580999
0.797503
0.395665
0.315667
0.451332
     1.2
0.579999
0.800003
0.395584
0.316585
0.451668
  1.1975
0.578999
0.802503
0.395504
0.317505
0.452009
   1.195
0.577999
0.805003
0.395428
0.318429
0.452356
  1.1925
0.576999
0.807503
0.395354
0.319356
0.452709
    1.19
0.575999
0.810003
0.395285
0.320286
 0.45307
  1.1875
0.574999
0.812503
0.395219
 0.32122
0.453438
   1.185
0.573999
0.815004
0.395157
0.322159
0.453815
  1.1825
0.572999
0.817504
  0.3951
0.323102
0.454201
    1.18
0.571999
0.820004
0.395048
0.324049
0.454596
  1.1775
0.570999
0.822504
0.395001
0.325002
0.455002
   1.175
0.569999
0.825004
0.394959
 0.32596
0.455418
  1.1725
0.568998
0.827504
0.394922
0.326924
0.455845
    1.17
0.567998
0.830004
0.394891
0.327893
0.456283
  1.1675
0.566998
0.832504
0.394866
0.328867
0.456732
   1.165
0.565998
0.835004
0.394846
0.329848
0.457193
  1.1625
0.564998
0.837504
0.394833
0.330834
0.457666
    1.16
0.563998
0.840004
0.394825
0.331826
 0.45815
  1.1575
0.562998
0.842504
0.394823
0.332825
0.458647
   1.155
0.561998
0.845004
0.394827
0.333829
0.459155
  1.1525
0.560998
0.847504
0.394837
0.334839
0.459675
    1.15
0.559998
0.850004
0.394853
0.335854
0.460206
  1.1475
0.558998
0.852504
0.394874
0.336876
0.460749
   1.145
0.557998
0.855004
0.394901
0.337903
0.461303
  1.1425
0.556998
0.857504
0.394933
0.338935
0.461867
    1.14
0.555998
0.860005
 0.39497
0.339972
0.462442
  1.1375
0.554998
0.862505
0.395013
0.341015
0.463027
   1.135
0.553998
0.865005
 0.39506
0.342062
0.463621
  1.1325
0.552998
0.867505
0.395111
0.343113
0.464224
    1.13
0.551998
0.870005
0.395167
0.344169
0.464835
  1.1275
0.550998
0.872505
0.395227
0.345229
0.465455
   1.125
0.549998
0.875005
 0.39529
0.346287
0.466078
 1.12251
0.549003
0.877492
0.395356
0.347338
0.466704
 1.12005
0.548018
0.879955
0.395426
0.348383
 0.46733
 1.11761
0.547043
0.882392
0.395498
0.349419
0.467956
  1.1152
0.546078
0.884805
0.395572
0.350448
0.468581
 1.11281
0.545123
0.887192
0.395647
0.351469
0.469205
 1.11045
0.544178
0.889555
0.395724
0.352481
0.469827
 1.10811
0.543243
0.891892
0.395803
0.353484
0.470446
  1.1058
0.542318
0.894205
0.395881
0.354478
0.471061
 1.10351
0.541403
0.896492
 0.39596
0.355462
0.471671
 1.10125
0.540498
0.898755
0.396039
0.356436
0.472276
 1.09901
0.539603
0.900992
0.396117
0.357399
0.472875
  1.0968
0.538718
0.903205
0.396194
0.358351
0.473467
 1.09461
0.537843
0.905392
 0.39627
0.359292
0.474051
 1.09245
0.536978
0.907555
0.396344
0.360221
0.474627
 1.09031
0.536123
0.909692
0.396416
0.361138
0.475193
  1.0882
0.535278
0.911805
0.396486
0.362043
 0.47575
 1.08611
0.534443
0.913892
0.396552
0.362934
0.476296
 1.08405
0.533618
0.915955
0.396616
0.363813
0.476831
 1.08201
0.532803
0.917992
0.396676
0.364678
0.477354
    1.08
0.531998
0.920005
0.396733
 0.36553
0.477864
 1.07801
0.531203
0.921992
0.396786
0.366368
0.478362
 1.07605
0.530418
0.923955
0.396834
0.367191
0.478847
 1.07411
0.529643
0.925892
0.396878
   0.368
0.479317
  1.0722
0.528878
0.927805
0.396918
0.368794
0.479774
 1.07031
0.528123
0.929692
0.396952
0.369574
0.480215
 1.06845
0.527378
0.931555
0.396982
0.370339
0.480642
 1.06661
0.526643
0.933392
0.397007
0.371089
0.481054
  1.0648
0.525918
0.935205
0.397026
0.371823
0.481451
 1.06301
0.525203
0.936992
 0.39704
0.372542
0.481832
 1.06125
0.524498
0.938755
0.397049
0.373246
0.482197
 1.05951
0.523803
0.940492
0.397053
0.373935
0.482547
  1.0578
0.523118
0.942205
0.397052
0.374608
0.482881
 1.05611
0.522443
0.943892
0.397045
0.375266
  0.4832
 1.05445
0.521778
0.945554
0.397033
0.375909
0.483504
 1.05281
0.521123
0.947192
0.397016
0.376537
0.483792
  1.0512
0.520478
0.948804
0.396993
 0.37715
0.484065
 1.04961
0.519843
0.950392
0.396966
0.377748
0.484324
 1.04805
0.519218
0.951954
0.396935
0.378332
0.484568
 1.04651
0.518603
0.953492
0.396899
  0.3789
0.484798
   1.045
0.517998
0.955004
0.396858
0.379455
0.485015
 1.04351
0.517403
0.956492
0.396814
0.379995
0.485218
 1.04205
0.516818
0.957954
0.396765
0.380522
0.485409
 1.04061
0.516243
0.959392
0.396713
0.381035
0.485587
  1.0392
0.515678
0.960804
0.396658
0.381534
0.485754
 1.03781
0.515123
0.962192
0.396599
0.382021
 0.48591
 1.03645
0.514578
0.963554
0.396538
0.382495
0.486055
 1.03511
0.514043
0.964891
0.396475
0.382957
0.486191
  1.0338
0.513518
0.966204
 0.39641
0.383406
0.486317
 1.03251
0.513003
0.967491
0.396342
0.383844
0.486435
 1.03125
0.512498
0.968754
0.396274
 0.38427
0.486546
 1.03001
0.512003
0.969991
0.396204
0.384686
0.486649
  1.0288
0.511518
0.971204
0.396134
 0.38509
0.486746
 1.02761
0.511043
0.972391
0.396063
0.385485
0.486837
 1.02645
0.510579
0.973554
0.395993
0.385869
0.486924
 1.02531
0.510124
0.974691
0.395923
0.386244
0.487006
  1.0242
0.509679
0.975804
0.395853
 0.38661
0.487084
 1.02311
0.509244
0.976891
0.395785
0.386966
 0.48716
 1.02205
0.508819
0.977953
0.395718
0.387314
0.487234
 1.02101
0.508404
0.978991
0.395653
0.387654
0.487306
    1.02
0.507999
0.980003
 0.39559
0.387986
0.487377
 1.01901
0.507604
0.980991
0.395529
 0.38831
0.487448
 1.01805
0.507219
0.981953
0.395471
0.388627
 0.48752
 1.01711
0.506844
0.982891
0.395416
0.388937
0.487592
  1.0162
0.506479
0.983803
0.395364
 0.38924
0.487665
 1.01531
0.506124
 0.98469
0.395315
0.389536
0.487741
 1.01445
0.505779
0.985553
 0.39527
0.389826
0.487819
 1.01361
0.505444
 0.98639
0.395229
 0.39011
0.487899
  1.0128
0.505119
0.987203
0.395192
0.390388
0.487983
 1.01201
0.504804
 0.98799
 0.39516
0.390661
 0.48807
 1.01125
0.504499
0.988753
0.395131
0.390927
0.488161
 1.01051
0.504204
 0.98949
0.395107
0.391188
0.488255
  1.0098
0.503919
0.990203
0.395088
0.391444
0.488354
 1.00911
0.503644
 0.99089
0.395074
0.391695
0.488458
 1.00845
0.503379
0.991552
0.395064
 0.39194
0.488565
 1.00781
0.503124
 0.99219
0.395059
0.392179
0.488678
  1.0072
0.502879
0.992802
0.395058
0.392414
0.488794
 1.00661
0.502644
 0.99339
0.395062
0.392643
0.488915
 1.00605
0.502419
0.993952
0.395071
0.392867
 0.48904
 1.00551
0.502204
0.994489
0.395085
0.393086
 0.48917
   1.005
0.501999
0.995002
0.395103
0.393299
0.489304
 1.00451
0.501804
0.995489
0.395125
0.393506
0.489441
 1.00405
0.501619
0.995952
0.395152
0.393708
0.489582
 1.00361
0.501444
0.996389
0.395183
0.393903
0.489726
  1.0032
0.501279
0.996802
0.395218
0.394093
0.489873
 1.00281
0.501124
0.997189
0.395256
0.394277
0.490022
 1.00245
0.500979
0.997551
0.395298
0.394454
0.490174
 1.00211
0.500844
0.997889
0.395343
0.394624
0.490327
  1.0018
 0.50072
0.998201
0.395392
0.394787
0.490481
 1.00151
0.500605
0.998489
0.395443
0.394943
0.490636
 1.00125
  0.5005
0.998751
0.395497
0.395092
0.490791
 1.00101
0.500405
0.998988
0.395553
0.395233
0.490945
  1.0008
 0.50032
0.999201
 0.39561
0.395366
0.491098
 1.00061
0.500245
0.999388
 0.39567
 0.39549
 0.49125
 1.00045
 0.50018
0.999551
0.395731
0.395606
0.491399
 1.00031
0.500125
0.999688
0.395793
0.395713
0.491546
  1.0002
 0.50008
  0.9998
0.395856
0.395811
0.491689
 1.00011
0.500045
0.999888
0.395919
0.395899
0.491827
 1.00005
 0.50002
 0.99995
0.395982
0.395977
0.491961
 1.00001
0.500005
0.999988
0.396045
0.396045
0.492089
       1
     0.5
       1
0.396096
0.396107
0.492209
0.999972
0.499972
0.999972
0.396124
0.396169
0.492315
0.999887
0.499887
0.999887
0.396128
0.396229
0.492407
0.999746
0.499746
0.999746
0.396108
0.396288
0.492486
0.999549
0.499549
0.999549
0.396064
0.396345
 0.49255
0.999296
0.499296
0.999296
0.395995
0.396401
0.492598
0.998986
0.498986
0.998986
0.395902
0.396453
0.492631
 0.99862
 0.49862
 0.99862
0.395783
0.396504
0.492647
0.998198
0.498198
0.998198
0.395639
0.396552
0.492647
 0.99772
 0.49772
 0.99772
 0.39547
0.396596
0.492629
0.997185
0.497185
0.997185
0.395275
0.396638
0.492594
0.996594
0.496594
0.996594
0.395054
0.396676
0.492541
0.995947
0.495947
0.995947
0.394808
 0.39671
0.492469
0.995244
0.495244
0.995244
0.394534
0.396741
0.492379
0.994484
0.494484
0.994484
0.394235
0.396768
0.492269
0.993668
0.493668
0.993668
0.393909
0.396791
0.492141
0.992796
0.492796
0.992796
0.393557
 0.39681
0.491993
0.991867
0.491867
0.991867
0.393177
0.396824
0.491825
0.990883
0.490883
0.990883
0.392772
0.396835
0.491638
0.989842
0.489842
0.989842
0.392339
0.396841
0.491431
0.988745
0.488745
0.988745
 0.39188
0.396843
0.491204
0.987591
0.487591
0.987591
0.391394
0.396841
0.490958
0.986382
0.486382
0.986382
0.390881
0.396835
0.490692
0.985116
0.485116
0.985116
0.390341
0.396824
0.490407
0.983794
0.483794
0.983794
0.389775
0.396809
0.490102
0.982415
0.482415
0.982415
0.389183
0.396791
0.489778
 0.98098
 0.48098
 0.98098
0.388564
0.396768
0.489435
 0.97949
 0.47949
 0.97949
0.387919
0.396742
0.489073
0.977942
0.477942
0.977942
0.387248
0.396713
0.488693
0.976339
0.476339
0.976339
0.386551
0.396679
0.488295
0.974679
0.474679
0.974679
0.385828
0.396643
0.487879
0.972963
0.472963
0.972963
 0.38508
0.396604
0.487446
0.971191
0.471191
0.971191
0.384307
0.396561
0.486995
0.969363
0.469363
0.969363
0.383508
0.396517
0.486529
0.967478
0.467478
0.967478
0.382684
0.396469
0.486046
0.965537
0.465537
0.965537
0.381836
 0.39642
0.485548
 0.96354
 0.46354
 0.96354
0.380964
0.396369
0.485035
0.961486
0.461486
0.961486
0.380067
0.396316
0.484508
0.959377
0.459377
0.959377
0.379146
0.396262
0.483967
0.957211
0.457211
0.957211
0.378202
0.396207
0.483412
0.954988
0.454988
0.954988
0.377235
0.396151
0.482845
 0.95271
 0.45271
 0.95271
0.376245
0.396095
0.482265
0.950375
0.450375
0.950375
0.375232
0.396038
0.481674
0.947984
0.447984
0.947984
0.374197
0.395982
0.481071
0.945537
0.445537
0.945537
0.373139
0.395926
0.480459
0.943034
0.443034
0.943034
 0.37206
0.395871
0.479836
0.940474
0.440474
0.940474
0.370959
0.395816
0.479204
0.937858
0.437858
0.937858
0.369837
0.395763
0.478563
0.935186
0.435186
0.935186
0.368694
0.395711
0.477913
0.932457
0.432457
0.932457
 0.36753
0.395661
0.477256
0.929672
0.429672
0.929672
0.366345
0.395613
0.476591
0.926831
0.426831
0.926831
 0.36514
0.395567
 0.47592
0.923934
0.423934
0.923934
0.363915
0.395523
0.475242
0.920981
0.420981
0.920981
 0.36267
0.395482
0.474558
0.917971
0.417971
0.917971
0.361406
0.395444
0.473868
0.914905
0.414905
0.914905
0.360121
0.395408
0.473173
0.911783
0.411783
0.911783
0.358818
0.395376
0.472474
0.908604
0.408604
0.908604
0.357495
0.395348
0.471769
0.905369
0.405369
0.905369
0.356153
0.395322
 0.47106
0.902078
0.402078
0.902078
0.354793
  0.3953
0.470347
0.898731
0.398731
0.898731
0.353413
0.395282
0.469629
0.895328
0.395328
0.895328
0.352014
0.395267
0.468908
0.891868
0.391868
0.891868
0.350597
0.395256
0.468183
0.888352
0.388352
0.888352
0.349161
0.395249
0.467454
0.884779
0.384779
0.884779
0.347706
0.395246
0.466722
0.881151
0.381151
0.881151
0.346233
0.395246
0.465986
0.877466
0.377466
0.877466
0.344742
0.395251
0.465247
0.873728
0.373728
0.873728
 0.34325
0.395259
0.464513
0.869978
0.369978
0.869978
0.341762
 0.39527
0.463786
0.866228
0.366228
0.866228
0.340277
0.395285
0.463067
0.862478
0.362478
0.862478
0.338795
0.395304
0.462354
0.858728
0.358728
0.858728
0.337317
0.395326
0.461648
0.854978
0.354978
0.854978
0.335843
0.395352
0.460949
0.851228
0.351228
0.851228
0.334371
 0.39538
0.460256
0.847478
0.347478
0.847478
0.332903
0.395412
0.459569
0.843728
0.343728
0.843728
0.331437
0.395446
0.458887
0.839978
0.339978
0.839978
0.329974
0.395483
0.458211
0.836227
0.336227
0.836227
0.328513
0.395522
0.457539
0.832477
0.332477
0.832477
0.327054
0.395563
0.456872
0.828727
0.328727
0.828727
0.325597
0.395607
0.456209
0.824977
0.324977
0.824977
0.324143
0.395652
0.455549
0.821227
0.321227
0.821227
0.322689
0.395698
0.454892
0.817477
0.317477
0.817477
0.321237
0.395746
0.454238
0.813727
0.313727
0.813727
0.319786
0.395795
0.453586
0.809977
0.309977
0.809977
0.318336
0.395845
0.452935
0.806227
0.306227
0.806227
0.316886
0.395895
0.452286
0.802477
0.302477
0.802477
0.315436
0.395946
0.451637
0.798727
0.298727
0.798727
0.313987
0.395996
0.450988
0.794977
0.294977
0.794977
0.312537
0.396047
0.450339
0.791226
0.291226
0.791226
0.311087
0.396097
0.449688
0.787476
0.287476
0.787476
0.309636
0.396146
0.449037
0.783726
0.283726
0.783726
0.308184
0.396194
0.448383
0.779976
0.279976
0.779976
0.306731
0.396241
0.447727
0.776226
0.276226
0.776226
0.305277
0.396286
0.447068
0.772476
0.272476
0.772476
 0.30382
 0.39633
0.446405
0.768726
0.268726
0.768726
0.302362
0.396372
0.445739
0.764976
0.264976
0.764976
0.300902
0.396412
0.445069
0.761226
0.261226
0.761226
 0.29944
0.396449
0.444394
0.757476
0.257476
0.757476
0.297975
0.396485
0.443714
0.753726
0.253726
0.753726
0.296507
0.396517
 0.44303
0.749976
0.249976
0.749976
0.295037
0.396547
0.442339
0.746225
0.246225
0.746225
0.293564
0.396574
0.441643
0.742475
0.242475
0.742475
0.292088
0.396598
0.440941
0.738725
0.238725
0.738725
0.290609
0.396619
0.440233
0.734975
0.234975
0.734975
0.289127
0.396636
0.439518
0.731225
0.231225
0.731225
0.287641
0.396651
0.438797
0.727475
0.227475
0.727475
0.286152
0.396662
0.438069
0.723725
0.223725
0.723725
 0.28466
 0.39667
0.437334
0.719975
0.219975
0.719975
0.283164
0.396674
0.436593
0.716225
0.216225
0.716225
0.281665
0.396675
0.435845
0.712475
0.212475
0.712475
0.280162
0.396672
 0.43509
0.708725
0.208725
0.708725
0.278656
0.396667
0.434328
0.704974
0.204974
0.704974
0.277147
0.396657
 0.43356
0.701224
0.201224
0.701224
0.275635
0.396645
0.432785
0.697474
0.197474
0.697474
0.274119
 0.39663
0.432004
0.693724
0.193724
0.693724
0.272601
0.396611
0.431217
0.689974
0.189974
0.689974
0.271079
0.396589
0.430423
0.686224
0.186224
0.686224
0.269554
0.396565
0.429625
0.682474
0.182474
0.682474
0.268027
0.396538
 0.42882
0.678724
0.178724
0.678724
0.266498
0.396508
0.428011
0.674974
0.174974
0.674974
0.264966
0.396476
0.427197
0.671224
0.171224
0.671224
0.263431
0.396442
0.426378
0.667474
0.167474
0.667474
0.261895
0.396406
0.425556
0.663724
0.163724
0.663724
0.260357
0.396367
 0.42473
0.659973
0.159973
0.659973
0.258817
0.396328
  0.4239
0.656223
0.156223
0.656223
0.257276
0.396286
0.423067
0.652473
0.152473
0.652473
0.255733
0.396244
0.422232
0.648723
0.148723
0.648723
 0.25419
  0.3962
0.421396
0.644973
0.144973
0.644973
0.252645
0.396156
0.420557
0.641223
0.141223
0.641223
0.251101
0.396111
0.419717
0.637473
0.137473
0.637473
0.249555
0.396066
0.418877
0.633723
0.133723
0.633723
 0.24801
0.396021
0.418037
0.629973
0.129973
0.629973
0.246465
0.395976
0.417196
0.626223
0.126223
0.626223
0.244925
0.395931
0.416359
0.622485
0.122485
0.622485
0.243407
0.395887
0.415534
0.618801
0.118801
0.618801
0.241913
0.395843
0.414722
0.615174
0.115174
0.615174
0.240442
0.395801
0.413922
0.611602
0.111602
0.611602
0.238994
 0.39576
0.413137
0.608087
0.108087
0.608087
0.237571
 0.39572
0.412365
0.604628
0.104628
0.604628
0.236172
0.395682
0.411608
0.601225
0.101225
0.601225
 0.234797
 0.395645
 0.410866
 0.597878
0.0978783
 0.597878
 0.233446
 0.395611
 0.410139
 0.594588
0.0945881
 0.594588
 0.23212
0.395578
0.409428
0.591354
0.091354
0.591354
 0.230819
 0.395548
 0.408732
 0.588176
0.0881763
 0.588176
 0.229543
 0.395521
 0.408052
 0.585055
0.0850547
 0.585055
 0.228291
 0.395496
 0.407389
 0.581989
0.0819895
 0.581989
 0.227065
 0.395473
 0.406742
  0.57898
0.0789804
  0.57898
 0.225864
 0.395453
 0.406112
 0.576028
0.0760277
 0.576028
 0.224689
 0.395436
 0.405499
 0.573131
0.0731312
 0.573131
 0.223539
 0.395422
 0.404903
 0.570291
0.0702909
 0.570291
 0.222414
 0.395411
 0.404324
 0.567507
0.0675069
 0.567507
 0.221315
 0.395403
 0.403762
 0.564779
0.0647791
 0.564779
 0.220241
 0.395398
 0.403218
 0.562108
0.0621076
 0.562108
 0.219193
 0.395396
 0.402691
 0.559492
0.0594924
 0.559492
 0.218171
 0.395397
 0.402181
 0.556933
0.0569334
 0.556933
 0.217174
 0.395401
 0.401689
 0.554431
0.0544307
 0.554431
 0.216202
 0.395408
 0.401213
 0.551984
0.0519842
 0.551984
 0.215256
 0.395418
 0.400755
 0.549594
0.0495939
 0.549594
 0.214335
 0.395431
 0.400314
  0.54726
0.0472599
  0.54726
 0.213439
 0.395447
  0.39989
 0.544982
0.0449822
 0.544982
 0.212569
 0.395465
 0.399482
 0.542761
0.0427607
 0.542761
 0.211724
 0.395486
  0.39909
 0.540596
0.0405955
 0.540596
 0.210904
 0.395509
 0.398715
 0.538487
0.0384865
 0.538487
 0.210108
 0.395535
 0.398356
 0.536434
0.0364338
 0.536434
 0.209337
 0.395563
 0.398013
 0.534437
0.0344373
 0.534437
 0.208591
 0.395592
 0.397684
 0.532497
0.0324971
 0.532497
 0.207869
 0.395624
 0.397371
 0.530613
0.0306132
 0.530613
 0.207172
 0.395658
 0.397073
 0.528785
0.0287854
 0.528785
0.206498
0.395693
0.396788
0.527014
0.027014
0.527014
 0.205849
 0.395729
 0.396518
 0.525299
0.0252988
 0.525299
 0.205223
 0.395767
 0.396262
  0.52364
0.0236398
  0.52364
  0.20462
 0.395805
 0.396018
 0.522037
0.0220371
 0.522037
 0.204041
 0.395845
 0.395788
 0.520491
0.0204907
 0.520491
 0.203485
 0.395885
 0.395569
    0.519
0.0190005
    0.519
 0.202952
 0.395925
 0.395363
 0.517567
0.0175665
 0.517567
 0.202441
 0.395965
 0.395169
 0.516189
0.0161888
 0.516189
 0.201953
 0.396006
 0.394985
 0.514867
0.0148674
 0.514867
 0.201487
 0.396046
 0.394813
 0.513602
0.0136022
 0.513602
 0.201043
 0.396086
  0.39465
 0.512393
0.0123933
 0.512393
 0.200621
 0.396125
 0.394498
 0.511241
0.0112406
 0.511241
 0.200221
 0.396163
 0.394355
 0.510144
0.0101442
 0.510144
  0.199842
  0.396201
  0.394222
  0.509104
0.00910399
  0.509104
  0.199485
  0.396237
  0.394098
   0.50812
0.00812006
   0.50812
  0.199149
  0.396272
  0.393982
  0.507192
0.00719239
  0.507192
  0.198833
  0.396305
  0.393874
  0.506321
0.00632097
  0.506321
  0.198539
  0.396336
  0.393774
  0.505506
0.00550581
  0.505506
  0.198265
  0.396366
  0.393681
  0.504747
0.00474689
  0.504747
  0.198011
  0.396394
  0.393596
  0.504044
0.00404423
  0.504044
  0.197779
  0.396419
  0.393518
  0.503398
0.00339782
  0.503398
  0.197566
  0.396443
  0.393447
  0.502808
0.00280767
  0.502808
  0.197373
  0.396464
  0.393383
  0.502274
0.00227377
  0.502274
  0.197201
  0.396483
  0.393324
  0.501796
0.00179611
  0.501796
  0.197049
  0.396499
  0.393272
  0.501375
0.00137472
  0.501375
  0.196916
  0.396512
  0.393226
   0.50101
0.00100957
   0.50101
   0.196803
   0.396523
   0.393186
   0.500701
0.000700678
   0.500701
   0.196711
   0.396531
   0.393152
   0.500448
0.000448038
   0.500448
  0.196638
  0.396537
  0.393124
  0.500252
0.00025165
  0.500252
   0.196584
    0.39654
   0.393102
   0.500112
0.000111515
   0.500112
   0.196551
    0.39654
   0.393085
   0.500028
2.76323e-05
   0.500028
   0.196537
   0.396537
   0.393075
        0.5
5.19613e-09
        0.5
   0.196532
   0.396509
   0.393041
   0.499885
6.86928e-05
   0.499885
   0.196524
   0.396434
   0.392958
   0.499546
0.000272387
   0.499546
   0.196514
    0.39631
   0.392824
   0.498982
0.000611086
   0.498982
  0.196501
  0.396139
   0.39264
  0.498192
0.00108479
  0.498192
 0.196485
 0.395921
 0.392406
 0.497177
0.0016935
 0.497177
  0.196468
  0.395655
  0.392123
  0.495938
0.00243722
  0.495938
  0.196448
  0.395342
   0.39179
  0.494473
0.00331595
  0.494473
  0.196426
  0.394982
  0.391408
  0.492784
0.00432968
  0.492784
  0.196401
  0.394575
  0.390977
  0.490869
0.00547842
  0.490869
  0.196375
  0.394121
  0.390497
   0.48873
0.00676216
   0.48873
  0.196348
  0.393621
  0.389968
  0.486365
0.00818091
  0.486365
  0.196318
  0.393073
  0.389391
  0.483776
0.00973466
  0.483776
 0.196287
  0.39248
 0.388767
 0.480961
0.0114234
 0.480961
 0.196255
 0.391839
 0.388095
 0.477921
0.0132472
 0.477921
0.196222
0.391153
0.387375
0.474657
0.015206
0.474657
 0.196188
 0.390421
 0.386609
 0.471167
0.0172997
 0.471167
 0.196153
 0.389643
 0.385796
 0.467452
0.0195285
 0.467452
 0.196117
  0.38882
 0.384937
 0.463513
0.0218923
 0.463513
 0.196081
 0.387951
 0.384032
 0.459348
0.0243911
 0.459348
 0.196045
 0.387037
 0.383082
 0.454958
0.0270249
 0.454958
 0.196009
 0.386078
 0.382087
 0.450344
0.0297937
 0.450344
 0.195973
 0.385074
 0.381047
 0.445504
0.0326976
 0.445504
 0.195937
 0.384025
 0.379962
 0.440439
0.0357364
 0.440439
 0.195902
 0.382932
 0.378834
  0.43515
0.0389102
  0.43515
 0.195867
 0.381794
 0.377661
 0.429635
0.0422191
 0.429635
 0.195833
 0.380612
 0.376446
 0.423895
0.0456629
 0.423895
 0.195801
 0.379387
 0.375187
  0.41793
0.0492417
  0.41793
 0.195769
 0.378117
 0.373886
 0.411741
0.0529556
 0.411741
 0.195739
 0.376804
 0.372543
 0.405326
0.0568045
 0.405326
  0.19571
 0.375447
 0.371157
 0.398686
0.0607883
 0.398686
 0.195683
 0.374047
  0.36973
 0.391821
0.0649072
 0.391821
 0.195657
 0.372604
 0.368261
 0.384732
0.0691611
 0.384732
0.195634
0.371117
 0.36675
0.377417
 0.07355
0.377417
0.195612
0.369597
0.365209
0.369928
0.078043
0.369928
 0.195592
 0.368078
  0.36367
 0.362428
0.0825431
 0.362428
 0.195575
  0.36656
 0.362135
 0.354928
0.0870432
 0.354928
 0.195559
 0.365045
 0.360604
 0.347428
0.0915433
 0.347428
 0.195546
 0.363532
 0.359078
 0.339928
0.0960434
 0.339928
0.195535
0.362021
0.357556
0.332428
0.100543
0.332428
0.195527
0.360513
 0.35604
0.324927
0.105044
0.324927
0.195521
0.359007
0.354528
0.317427
0.109544
0.317427
0.195518
0.357503
0.353021
0.309927
0.114044
0.309927
0.195517
0.356002
0.351519
0.302427
0.118544
0.302427
0.195518
0.354503
0.350021
0.294927
0.123044
0.294927
0.195522
0.353007
0.348529
0.287426
0.127544
0.287426
0.195528
0.351513
0.347041
0.279926
0.132044
0.279926
0.195536
0.350022
0.345558
0.272426
0.136544
0.272426
0.195547
0.348532
0.344079
0.264926
0.141044
0.264926
 0.19556
0.347045
0.342605
0.257426
0.145545
0.257426
0.195575
 0.34556
0.341135
0.249926
0.150045
0.249926
0.195592
0.344077
0.339669
0.242425
0.154545
0.242425
0.195611
0.342596
0.338208
0.234925
0.159045
0.234925
0.195632
0.341117
0.336749
0.227425
0.163545
0.227425
0.195655
 0.33964
0.335295
0.219925
0.168045
0.219925
0.195679
0.338164
0.333843
0.212425
0.172545
0.212425
0.195705
 0.33669
0.332395
0.204925
0.177045
0.204925
0.195732
0.335217
0.330949
0.197424
0.181545
0.197424
 0.19576
0.333745
0.329505
0.189924
0.186045
0.189924
 0.19579
0.332274
0.328064
0.182424
0.190546
0.182424
 0.19582
0.330805
0.326625
0.174924
0.195046
0.174924
0.195851
0.329336
0.325187
0.167424
0.199546
0.167424
0.195883
0.327867
 0.32375
0.159924
0.204046
0.159924
0.195915
0.326399
0.322314
0.152423
0.208546
0.152423
0.195947
0.324932
0.320878
0.144923
0.213046
0.144923
0.195979
0.323464
0.319443
0.137423
0.217546
0.137423
0.196012
0.321996
0.318008
0.129923
0.222046
0.129923
0.196044
0.320531
0.316575
0.122436
0.226538
0.122436
0.196076
0.319101
0.315176
0.115126
0.230925
0.115126
0.196107
0.317715
0.313822
 0.10804
0.235176
 0.10804
0.196137
0.316373
0.312511
 0.10118
0.239292
 0.10118
 0.196167
 0.315076
 0.311243
0.0945447
 0.243273
0.0945447
 0.196196
 0.313823
 0.310018
0.0881344
 0.247119
0.0881344
 0.196223
 0.312613
 0.308836
0.0819491
 0.250831
0.0819491
  0.19625
 0.311447
 0.307697
0.0759888
 0.254407
0.0759888
 0.196275
 0.310325
   0.3066
0.0702535
 0.257848
0.0702535
 0.196298
 0.309247
 0.305545
0.0647432
 0.261154
0.0647432
 0.19632
0.308211
0.304531
0.059458
0.264325
0.059458
  0.19634
  0.30722
 0.303559
0.0543977
 0.267361
0.0543977
 0.196358
 0.306271
 0.302629
0.0495625
 0.270263
0.0495625
 0.196375
 0.305365
  0.30174
0.0449523
 0.273029
0.0449523
 0.196389
 0.304503
 0.300892
0.0405671
  0.27566
0.0405671
 0.196402
 0.303683
 0.300085
0.0364069
 0.278156
0.0364069
 0.196412
 0.302906
 0.299319
0.0324717
 0.280517
0.0324717
  0.19642
 0.302173
 0.298593
0.0287615
 0.282743
0.0287615
 0.196427
 0.301482
 0.297908
0.0252763
 0.284834
0.0252763
 0.196431
 0.300834
 0.297264
0.0220162
  0.28679
0.0220162
0.196432
0.300229
0.296661
0.018981
0.288611
0.018981
 0.196432
 0.299666
 0.296098
0.0161709
 0.290297
0.0161709
 0.196429
 0.299147
 0.295576
0.0135858
 0.291849
0.0135858
 0.196425
  0.29867
 0.295095
0.0112256
 0.293265
0.0112256
  0.196418
  0.298236
  0.294654
0.00909053
  0.294546
0.00909053
  0.196409
  0.297845
  0.294255
0.00718043
  0.295692
0.00718043
  0.196398
  0.297498
  0.293896
0.00549534
  0.296703
0.00549534
  0.196386
  0.297193
  0.293578
0.00403526
  0.297579
0.00403526
 0.196371
 0.296931
 0.293302
0.0028002
  0.29832
0.0028002
  0.196355
  0.296713
  0.293067
0.00179014
  0.298926
0.00179014
  0.196337
  0.296538
  0.292874
0.00100509
  0.299397
0.00100509
   0.196317
   0.296406
   0.292723
0.000445056
   0.299733
0.000445056
  0.196296
  0.296318
  0.292614
0.00011003
  0.299934
0.00011003
   0.196273
   0.296273
   0.292546
2.14168e-09
        0.3
2.14168e-09
   0.196252
   0.296249
   0.292499
1.78901e-05
    0.30001
1.78901e-05
   0.196235
   0.296225
   0.292449
7.07798e-05
    0.30004
7.07798e-05
   0.196221
   0.296199
   0.292397
0.000158671
   0.300091
0.000158671
   0.196212
   0.296172
   0.292344
0.000281564
   0.300161
0.000281564
   0.196207
   0.296144
   0.292289
0.000439458
   0.300251
0.000439458
   0.196207
   0.296116
   0.292232
0.000632354
   0.300361
0.000632354
   0.196211
   0.296088
   0.292175
0.000860252
   0.300492
0.000860252
  0.196219
  0.296059
  0.292118
0.00112315
  0.300642
0.00112315
  0.196233
   0.29603
   0.29206
0.00142105
  0.300812
0.00142105
  0.196251
  0.296001
  0.292002
0.00175395
  0.301002
0.00175395
  0.196275
  0.295972
  0.291944
0.00212186
  0.301212
0.00212186
  0.196304
  0.295943
  0.291887
0.00252476
  0.301443
0.00252476
  0.196339
  0.295915
  0.291831
0.00296267
  0.301693
0.00296267
  0.196379
  0.295888
  0.291776
0.00343558
  0.301963
0.00343558
  0.196424
  0.295861
  0.291722
0.00394349
  0.302253
0.00394349
 0.196476
 0.295835
  0.29167
0.0044864
 0.302564
0.0044864
  0.196533
   0.29581
   0.29162
0.00506432
  0.302894
0.00506432
  0.196597
  0.295786
  0.291572
0.00567723
  0.303244
0.00567723
  0.196667
  0.295763
  0.291526
0.00632515
  0.303614
0.00632515
  0.196743
  0.295741
  0.291483
0.00700807
  0.304005
0.00700807
  0.196825
  0.295721
  0.291443
0.00772599
  0.304415
0.00772599
  0.196914
  0.295703
  0.291405
0.00847891
  0.304845
0.00847891
   0.19701
  0.295686
  0.291371
0.00926683
  0.305295
0.00926683
 0.197112
  0.29567
 0.291341
0.0100898
 0.305766
0.0100898
 0.197221
 0.295657
 0.291313
0.0109477
 0.306256
0.0109477
 0.197336
 0.295645
  0.29129
0.0118406
 0.306766
0.0118406
 0.197459
 0.295635
 0.291269
0.0127685
 0.307296
0.0127685
 0.197588
 0.295627
 0.291253
0.0137315
 0.307847
0.0137315
 0.197724
  0.29562
 0.291241
0.0147294
 0.308417
0.0147294
 0.197868
 0.295616
 0.291232
0.0157623
 0.309007
0.0157623
 0.198018
 0.295614
 0.291227
0.0168303
 0.309617
0.0168303
 0.198175
 0.295613
 0.291226
0.0179332
 0.310248
0.0179332
 0.198339
 0.295615
 0.291229
0.0190712
 0.310898
0.0190712
  0.19851
 0.295618
 0.291236
0.0202441
 0.311568
0.0202441
0.198688
0.295623
0.291247
0.021452
0.312258
0.021452
0.198873
0.295631
0.291261
0.022695
0.312969
0.022695
 0.199064
  0.29564
 0.291279
0.0239729
 0.313699
0.0239729
 0.199262
  0.29565
   0.2913
0.0252859
 0.314449
0.0252859
 0.199467
 0.295663
 0.291325
0.0266338
 0.315219
0.0266338
 0.199679
 0.295677
 0.291353
0.0280168
  0.31601
0.0280168
 0.199897
 0.295692
 0.291385
0.0294347
  0.31682
0.0294347
 0.200122
 0.295709
 0.291419
0.0308877
  0.31765
0.0308877
 0.200353
 0.295728
 0.291456
0.0323756
   0.3185
0.0323756
  0.20059
 0.295748
 0.291495
0.0338986
 0.319371
0.0338986
 0.200834
 0.295768
 0.291537
0.0354565
 0.320261
0.0354565
 0.201083
  0.29579
 0.291581
0.0370495
 0.321171
0.0370495
 0.201338
 0.295813
 0.291626
0.0386775
 0.322101
0.0386775
   0.2016
 0.295837
 0.291674
0.0403404
 0.323052
0.0403404
 0.201867
 0.295861
 0.291722
0.0420384
 0.324022
0.0420384
 0.202139
 0.295886
 0.291772
0.0437714
 0.325012
0.0437714
 0.202417
 0.295912
 0.291823
0.0455393
 0.326022
0.0455393
   0.2027
 0.295937
 0.291874
0.0473423
 0.327053
0.0473423
 0.202989
 0.295963
 0.291926
0.0491803
 0.328103
0.0491803
 0.203282
 0.295989
 0.291978
0.0510533
 0.329173
0.0510533
 0.203581
 0.296015
  0.29203
0.0529612
 0.330264
0.0529612
 0.203884
 0.296041
 0.292081
0.0549042
 0.331374
0.0549042
 0.204192
 0.296066
 0.292132
0.0568822
 0.332504
0.0568822
 0.204504
 0.296091
 0.292182
0.0588952
 0.333654
0.0588952
 0.204821
 0.296115
  0.29223
0.0609431
 0.334825
0.0609431
 0.205142
 0.296139
 0.292277
0.0630261
 0.336015
0.0630261
 0.205468
 0.296162
 0.292323
0.0651441
 0.337225
0.0651441
 0.205797
 0.296183
 0.292367
0.0672971
 0.338455
0.0672971
 0.206131
 0.296204
 0.292408
0.0694851
 0.339706
0.0694851
 0.206468
 0.296224
 0.292448
0.0717081
 0.340976
0.0717081
 0.206809
 0.296242
 0.292485
0.0739661
 0.342266
0.0739661
 0.207154
  0.29626
 0.292519
0.0762591
 0.343577
0.0762591
0.207502
0.296275
0.292551
0.078587
0.344907
0.078587
0.207854
 0.29629
 0.29258
 0.08095
0.346257
 0.08095
0.208209
0.296303
0.292605
0.083348
0.347627
0.083348
0.208568
0.296314
0.292628
0.085781
0.349018
0.085781
0.208931
0.296324
0.292647
0.088249
0.350428
0.088249
0.209296
0.296331
0.292663
0.090752
0.351858
0.090752
0.209665
0.296338
0.292675
 0.09329
0.353309
 0.09329
 0.210037
 0.296342
 0.292685
0.0958631
 0.354779
0.0958631
 0.210412
 0.296345
  0.29269
0.0984711
 0.356269
0.0984711
0.210791
0.296346
0.292692
0.101114
0.357779
0.101114
0.211173
0.296346
0.292691
0.103792
 0.35931
0.103792
0.211558
0.296343
0.292686
0.106505
 0.36086
0.106505
0.211947
0.296339
0.292678
0.109253
 0.36243
0.109253
0.212338
0.296333
0.292667
0.112036
0.364021
0.112036
0.212734
0.296326
0.292652
0.114854
0.365631
0.114854
0.213132
0.296317
0.292634
0.117707
0.367261
0.117707
0.213534
0.296306
0.292613
0.120595
0.368912
0.120595
 0.21394
0.296294
0.292589
0.123518
0.370582
0.123518
0.214349
0.296281
0.292562
0.126476
0.372272
0.126476
0.214762
0.296266
0.292532
0.129469
0.373982
0.129469
0.215178
 0.29625
  0.2925
0.132497
0.375713
0.132497
0.215599
0.296233
0.292466
 0.13556
0.377463
 0.13556
0.216023
0.296215
0.292429
0.138658
0.379233
0.138658
0.216451
0.296195
0.292391
0.141791
0.381024
0.141791
0.216884
0.296175
0.292351
0.144959
0.382834
0.144959
 0.21732
0.296154
0.292309
0.148162
0.384664
0.148162
0.217761
0.296133
0.292266
  0.1514
0.386515
  0.1514
0.218207
0.296111
0.292221
0.154673
0.388385
0.154673
0.218657
0.296088
0.292176
0.157982
0.390275
0.157982
0.219112
0.296065
 0.29213
0.161325
0.392185
0.161325
0.219571
0.296042
0.292084
0.164703
0.394116
0.164703
0.220035
0.296019
0.292038
0.168116
0.396066
0.168116
0.220505
0.295996
0.291991
0.171564
0.398036
0.171564
0.220979
0.295973
0.291945
0.175047
0.400027
0.175047
0.221457
 0.29595
  0.2919
0.178547
0.402027
0.178547
0.221934
0.295927
0.291855
0.182047
0.404027
0.182047
0.222412
0.295905
0.291811
0.185547
0.406027
0.185547
0.222891
0.295884
0.291768
0.189047
0.408027
0.189047
 0.22337
0.295863
0.291727
0.192547
0.410027
0.192547
 0.22385
0.295844
0.291687
0.196047
0.412027
0.196047
0.224331
0.295824
0.291649
0.199547
0.414027
0.199547
0.224813
0.295806
0.291613
0.203047
0.416027
0.203047
0.225296
0.295789
0.291579
0.206547
0.418027
0.206547
 0.22578
0.295774
0.291547
0.210048
0.420027
0.210048
0.226266
0.295759
0.291518
0.213548
0.422027
0.213548
0.226752
0.295746
0.291491
0.217048
0.424027
0.217048
 0.22724
0.295734
0.291467
0.220548
0.426027
0.220548
 0.22773
0.295723
0.291446
0.224048
0.428027
0.224048
0.228221
0.295714
0.291428
0.227548
0.430027
0.227548
0.228713
0.295706
0.291412
0.231048
0.432027
0.231048
0.229207
  0.2957
  0.2914
0.234548
0.434027
0.234548
0.229702
0.295695
 0.29139
0.238048
0.436028
0.238048
0.230199
0.295692
0.291384
0.241548
0.438028
0.241548
0.230697
 0.29569
0.291381
0.245048
0.440028
0.245048
0.231197
 0.29569
0.291381
0.248548
0.442028
0.248548
0.231699
0.295692
0.291384
0.252048
0.444028
0.252048
0.232202
0.295695
 0.29139
0.255549
0.446028
0.255549
0.232707
  0.2957
0.291399
0.259049
0.448028
0.259049
0.233213
0.295706
0.291411
0.262549
0.450028
0.262549
 0.23372
0.295713
0.291426
0.266049
0.452028
0.266049
0.234229
0.295722
0.291444
0.269549
0.454028
0.269549
0.234739
0.295732
0.291465
0.273049
0.456028
0.273049
0.235251
0.295744
0.291488
0.276549
0.458028
0.276549
0.235764
0.295757
0.291513
0.280049
0.460028
0.280049
0.236277
 0.29577
0.291541
0.283549
0.462028
0.283549
0.236792
0.295785
0.291571
0.287049
0.464028
0.287049
0.237308
0.295801
0.291603
0.290549
0.466028
0.290549
0.237825
0.295818
0.291637
0.294049
0.468028
0.294049
0.238343
0.295836
0.291672
 0.29755
0.470028
 0.29755
0.238862
0.295854
0.291709
 0.30105
0.472028
 0.30105
0.239381
0.295874
0.291747
 0.30455
0.474028
 0.30455
  0.2399
0.295893
0.291786
 0.30805
0.476028
 0.30805
 0.24042
0.295913
0.291826
 0.31155
0.478028
 0.31155
0.240941
0.295934
0.291867
 0.31505
0.480029
 0.31505
0.241461
0.295954
0.291908
 0.31855
0.482029
 0.31855
0.241982
0.295975
 0.29195
 0.32205
0.484029
 0.32205
0.242503
0.295996
0.291991
 0.32555
0.486029
 0.32555
0.243024
0.296016
0.292033
 0.32905
0.488029
 0.32905
0.243544
0.296037
0.292074
 0.33255
0.490029
 0.33255
0.244064
0.296057
0.292114
 0.33605
0.492029
 0.33605
0.244584
0.296077
0.292154
 0.33955
0.494029
 0.33955
0.245104
0.296096
0.292193
0.343051
0.496029
0.343051
0.245622
0.296115
 0.29223
0.346551
0.498029
0.346551
 0.24614
0.296133
0.292266
0.350051
0.500029
0.350051
0.246658
 0.29615
0.292301
0.353551
0.502029
0.353551
0.247174
0.296167
0.292334
0.357051
0.504029
0.357051
 0.24769
0.296183
0.292365
0.360551
0.506029
0.360551
0.248204
0.296197
0.292394
0.364051
0.508029
0.364051
0.248718
0.296211
0.292421
0.367551
0.510029
0.367551
 0.24923
0.296223
0.292446
0.371051
0.512029
0.371051
0.249742
0.296234
0.292469
0.374551
0.514029
0.374551
0.250252
0.296244
0.292489
0.378051
0.516029
0.378051
 0.25076
0.296253
0.292506
0.381551
0.518029
0.381551
0.251268
 0.29626
0.292521
0.385052
0.520029
0.385052
0.251774
0.296267
0.292533
0.388552
 0.52203
0.388552
0.252279
0.296271
0.292543
0.392052
 0.52403
0.392052
0.252782
0.296275
0.292549
0.395552
 0.52603
0.395552
0.253284
0.296277
0.292553
0.399052
 0.52803
0.399052
0.253785
0.296277
0.292554
0.402552
 0.53003
0.402552
0.254284
0.296276
0.292553
0.406052
 0.53203
0.406052
0.254782
0.296274
0.292548
0.409552
 0.53403
0.409552
0.255278
0.296271
0.292541
0.413052
 0.53603
0.413052
0.255773
0.296266
0.292531
0.416552
 0.53803
0.416552
0.256267
0.296259
0.292519
0.420052
 0.54003
0.420052
0.256759
0.296252
0.292504
0.423552
 0.54203
0.423552
0.257251
0.296243
0.292487
0.427052
 0.54403
0.427052
0.257741
0.296233
0.292467
0.430553
 0.54603
0.430553
 0.25823
0.296222
0.292445
0.434053
 0.54803
0.434053
0.258718
 0.29621
0.292421
0.437553
 0.55003
0.437553
0.259205
0.296197
0.292395
0.441053
 0.55203
0.441053
0.259691
0.296183
0.292367
0.444553
 0.55403
0.444553
0.260176
0.296169
0.292337
0.448053
 0.55603
0.448053
0.260661
0.296153
0.292306
0.451553
 0.55803
0.451553
0.261144
0.296137
0.292274
0.455053
 0.56003
0.455053
0.261627
 0.29612
 0.29224
0.458553
 0.56203
0.458553
 0.26211
0.296103
0.292205
0.462053
 0.56403
0.462053
0.262592
0.296085
0.292169
0.465553
0.566031
0.465553
0.263074
0.296067
0.292133
0.469053
0.568031
0.469053
0.263556
0.296048
0.292096
0.472554
0.570031
0.472554
0.264037
 0.29603
0.292059
0.476054
0.572031
0.476054
0.264519
0.296011
0.292022
0.479554
0.574031
0.479554
   0.265
0.295993
0.291985
0.483054
0.576031
0.483054
0.265482
0.295974
0.291948
0.486554
0.578031
0.486554
0.265964
0.295956
0.291912
0.490054
0.580031
0.490054
0.266446
0.295938
0.291876
0.493554
0.582031
0.493554
0.266928
0.295921
0.291841
0.497054
0.584031
0.497054
0.267411
0.295904
0.291807
0.500554
0.586031
0.500554
0.267895
0.295887
0.291774
0.504054
0.588031
0.504054
0.268379
0.295871
0.291743
0.507554
0.590031
0.507554
0.268864
0.295856
0.291713
0.511054
0.592031
0.511054
 0.26935
0.295842
0.291684
0.514555
0.594031
0.514555
0.269836
0.295829
0.291657
0.518055
0.596031
0.518055
0.270324
0.295816
0.291632
0.521555
0.598031
0.521555
0.270812
0.295805
0.291609
0.525055
0.600031
0.525055
0.271299
0.295794
0.291588
0.528537
0.602021
0.528537
0.271782
0.295785
 0.29157
0.531984
0.603991
0.531984
0.272262
0.295777
0.291553
0.535396
 0.60594
0.535396
0.272737
0.295769
0.291539
0.538773
 0.60787
0.538773
0.273208
0.295764
0.291527
0.542115
 0.60978
0.542115
0.273676
0.295759
0.291518
0.545422
 0.61167
0.545422
 0.27414
0.295755
0.291511
0.548694
0.613539
0.548694
  0.2746
0.295753
0.291506
0.551931
0.615389
0.551931
0.275057
0.295752
0.291504
0.555133
0.617219
0.555133
 0.27551
0.295752
0.291505
  0.5583
0.619029
  0.5583
0.275958
0.295754
0.291508
0.561432
0.620818
0.561432
0.276404
0.295757
0.291513
0.564529
0.622588
0.564529
0.276845
0.295761
0.291521
0.567591
0.624338
0.567591
0.277282
0.295766
0.291531
0.570618
0.626067
0.570618
0.277716
0.295772
0.291544
 0.57361
0.627777
 0.57361
0.278146
0.295779
0.291558
0.576567
0.629467
0.576567
0.278572
0.295788
0.291575
0.579489
0.631137
0.579489
0.278994
0.295797
0.291594
0.582376
0.632786
0.582376
0.279411
0.295807
0.291615
0.585228
0.634416
0.585228
0.279825
0.295819
0.291638
0.588045
0.636026
0.588045
0.280235
0.295831
0.291662
0.590827
0.637615
0.590827
 0.28064
0.295844
0.291688
0.593574
0.639185
0.593574
0.281041
0.295858
0.291715
0.596286
0.640735
0.596286
0.281438
0.295872
0.291744
0.598963
0.642265
0.598963
 0.28183
0.295887
0.291774
0.601605
0.643774
0.601605
0.282218
0.295902
0.291804
0.604212
0.645264
0.604212
0.282601
0.295918
0.291836
0.606784
0.646734
0.606784
 0.28298
0.295934
0.291868
0.609321
0.648183
0.609321
0.283354
 0.29595
0.291901
0.611823
0.649613
0.611823
0.283723
0.295967
0.291934
 0.61429
0.651023
 0.61429
0.284087
0.295984
0.291967
0.616722
0.652413
0.616722
0.284446
   0.296
   0.292
0.619119
0.653782
0.619119
  0.2848
0.296017
0.292033
0.621481
0.655132
0.621481
0.285149
0.296033
0.292066
0.623808
0.656462
0.623808
0.285492
0.296049
0.292098
  0.6261
0.657771
  0.6261
 0.28583
0.296065
 0.29213
0.628357
0.659061
0.628357
0.286163
 0.29608
0.292161
0.630579
0.660331
0.630579
 0.28649
0.296095
0.292191
0.632766
 0.66158
0.632766
0.286812
 0.29611
0.292219
0.634918
 0.66281
0.634918
0.287128
0.296123
0.292247
0.637035
 0.66402
0.637035
0.287439
0.296136
0.292273
0.639117
 0.66521
0.639117
0.287744
0.296149
0.292297
0.641164
0.666379
0.641164
0.288042
 0.29616
 0.29232
0.643176
0.667529
0.643176
0.288336
0.296171
0.292342
0.645153
0.668659
0.645153
0.288623
0.296181
0.292361
0.647095
0.669768
0.647095
0.288904
0.296189
0.292379
0.649002
0.670858
0.649002
0.289179
0.296197
0.292394
0.650873
0.671928
0.650873
0.289448
0.296204
0.292408
 0.65271
0.672977
 0.65271
0.289711
 0.29621
0.292419
0.654512
0.674007
0.654512
0.289969
0.296214
0.292429
0.656279
0.675017
0.656279
0.290219
0.296218
0.292436
0.658011
0.676006
0.658011
0.290464
 0.29622
0.292441
0.659708
0.676976
0.659708
0.290703
0.296222
0.292443
 0.66137
0.677926
 0.66137
0.290936
0.296222
0.292444
0.662997
0.678856
0.662997
0.291162
0.296221
0.292442
0.664589
0.679765
0.664589
0.291383
0.296219
0.292438
0.666146
0.680655
0.666146
0.291597
0.296216
0.292432
0.667668
0.681525
0.667668
0.291805
0.296212
0.292423
0.669155
0.682374
0.669155
0.292007
0.296206
0.292413
0.670607
0.683204
0.670607
0.292204
  0.2962
0.292401
0.672024
0.684014
0.672024
0.292394
0.296193
0.292386
0.673406
0.684803
0.673406
0.292578
0.296185
 0.29237
0.674753
0.685573
0.674753
0.292757
0.296176
0.292352
0.676065
0.686323
0.676065
0.292929
0.296166
0.292332
0.677342
0.687052
0.677342
0.293096
0.296156
0.292311
0.678583
0.687762
0.678583
0.293257
0.296144
0.292289
 0.67979
0.688452
 0.67979
0.293413
0.296132
0.292265
0.680962
0.689121
0.680962
0.293562
 0.29612
0.292239
0.682099
0.689771
0.682099
0.293707
0.296107
0.292213
0.683201
0.690401
0.683201
0.293846
0.296093
0.292186
0.684268
 0.69101
0.684268
0.293979
0.296079
0.292158
  0.6853
  0.6916
  0.6853
0.294107
0.296065
0.292129
0.686297
 0.69217
0.686297
 0.29423
 0.29605
  0.2921
0.687259
0.692719
0.687259
0.294348
0.296035
0.292071
0.688186
0.693249
0.688186
 0.29446
0.296021
0.292041
0.689078
0.693759
0.689078
0.294568
0.296006
0.292011
0.689935
0.694248
0.689935
 0.29467
0.295991
0.291982
0.690756
0.694718
0.690756
0.294768
0.295976
0.291952
0.691543
0.695168
0.691543
0.294861
0.295962
0.291923
0.692295
0.695597
0.692295
0.294949
0.295947
0.291895
0.693012
0.696007
0.693012
0.295033
0.295933
0.291867
0.693694
0.696397
0.693694
0.295112
 0.29592
 0.29184
0.694341
0.696766
0.694341
0.295186
0.295907
0.291814
0.694953
0.697116
0.694953
0.295256
0.295894
0.291789
 0.69553
0.697446
 0.69553
0.295321
0.295882
0.291765
0.696072
0.697755
0.696072
0.295382
0.295871
0.291742
0.696579
0.698045
0.696579
0.295439
0.295861
0.291721
0.697051
0.698315
0.697051
0.295492
0.295851
0.291702
0.697487
0.698564
0.697487
 0.29554
0.295842
0.291683
0.697889
0.698794
0.697889
0.295584
0.295834
0.291667
0.698256
0.699004
0.698256
0.295625
0.295826
0.291652
0.698588
0.699193
0.698588
0.295661
 0.29582
 0.29164
0.698885
0.699363
0.698885
0.295692
0.295814
0.291629
0.699147
0.699512
0.699147
 0.29572
 0.29581
 0.29162
0.699374
0.699642
0.699374
0.295744
0.295806
0.291612
0.699566
0.699752
0.699566
0.295764
0.295804
0.291607
0.699722
0.699841
0.699722
 0.29578
0.295802
0.291604
0.699844
0.699911
0.699844
0.295792
0.295802
0.291603
0.699931
0.699961
0.699931
  0.2958
0.295802
0.291604
0.699983
 0.69999
0.699983
0.295803
0.295803
0.291607
     0.7
     0.7
     0.7
0.295806
0.295806
0.291611
     0.7
     0.7
     0.7
0.295809
0.295809
0.291618
     0.7
     0.7
     0.7
0.295813
0.295813
0.291627
     0.7
     0.7
     0.7
0.295819
0.295819
0.291637
     0.7
     0.7
     0.7
0.295825
0.295825
0.291649
     0.7
     0.7
     0.7
0.295832
0.295832
0.291663
     0.7
     0.7
     0.7
0.295839
0.295839
0.291679
     0.7
     0.7
     0.7
0.295848
0.295848
0.291696
     0.7
     0.7
     0.7
0.295857
0.295857
0.291714
     0.7
     0.7
     0.7
0.295867
0.295867
0.291734
     0.7
     0.7
     0.7
0.295877
0.295877
0.291755
     0.7
     0.7
     0.7
0.295888
0.295888
0.291777
     0.7
     0.7
     0.7
0.2959
0.2959
0.2918
   0.7
   0.7
   0.7
0.295912
0.295912
0.291824
     0.7
     0.7
     0.7
0.295924
0.295924
0.291849
     0.7
     0.7
     0.7
0.295937
0.295937
0.291874
     0.7
     0.7
     0.7
0.29595
0.29595
 0.2919
    0.7
    0.7
    0.7
0.295963
0.295963
0.291926
     0.7
     0.7
     0.7
0.295976
0.295976
0.291953
     0.7
     0.7
     0.7
 0.29599
 0.29599
0.291979
     0.7
     0.7
     0.7
0.296003
0.296003
0.292006
     0.7
     0.7
     0.7
0.296016
0.296016
0.292032
     0.7
     0.7
     0.7
0.296029
0.296029
0.292059
     0.7
     0.7
     0.7
0.296042
0.296042
0.292084
     0.7
     0.7
     0.7
0.296055
0.296055
0.292109
     0.7
     0.7
     0.7
0.296067
0.296067
0.292134
     0.7
     0.7
     0.7
0.296079
0.296079
0.292158
     0.7
     0.7
     0.7
0.29609
0.29609
0.29218
    0.7
    0.7
    0.7
0.296101
0.296101
0.292202
     0.7
     0.7
     0.7
0.296111
0.296111
0.292223
     0.7
     0.7
     0.7
0.296121
0.296121
0.292242
     0.7
     0.7
     0.7
0.29613
0.29613
0.29226
    0.7
    0.7
    0.7
0.296139
0.296139
0.292277
     0.7
     0.7
     0.7
0.296146
0.296146
0.292292
     0.7
     0.7
     0.7
0.296153
0.296153
0.292306
     0.7
     0.7
     0.7
0.296159
0.296159
0.292318
     0.7
     0.7
     0.7
0.296164
0.296164
0.292329
     0.7
     0.7
     0.7
0.296169
0.296169
0.292337
     0.7
     0.7
     0.7
0.296172
0.296172
0.292344
     0.7
     0.7
     0.7
0.296175
0.296175
 0.29235
     0.7
     0.7
     0.7
0.296177
0.296177
0.292353
     0.7
     0.7
     0.7
0.296178
0.296178
0.292355
     0.7
     0.7
     0.7
0.296177
0.296177
0.292355
     0.7
     0.7
     0.7
0.296177
0.296177
0.292353
     0.7
     0.7
     0.7
0.296175
0.296175
 0.29235
     0.7
     0.7
     0.7
0.296172
0.296172
0.292344
     0.7
     0.7
     0.7
0.296169
0.296169
0.292337
     0.7
     0.7
     0.7
0.296164
0.296164
0.292329
     0.7
     0.7
     0.7
0.296159
0.296159
0.292318
     0.7
     0.7
     0.7
0.296153
0.296153
0.292306
     0.7
     0.7
     0.7
0.296147
0.296147
0.292293
     0.7
     0.7
     0.7
0.296139
0.296139
0.292279
     0.7
     0.7
     0.7
0.296131
0.296131
0.292263
     0.7
     0.7
     0.7
0.296123
0.296123
0.292245
     0.7
     0.7
     0.7
0.296113
0.296113
0.292227
     0.7
     0.7
     0.7
0.296104
0.296104
0.292208
     0.7
     0.7
     0.7
0.296094
0.296094
0.292187
     0.7
     0.7
     0.7
0.296083
0.296083
0.292166
     0.7
     0.7
     0.7
0.296072
0.296072
0.292144
     0.7
     0.7
     0.7
0.296061
0.296061
0.292122
     0.7
     0.7
     0.7
0.296049
0.296049
0.292099
     0.7
     0.7
     0.7
0.296038
0.296038
0.292075
     0.7
     0.7
     0.7
0.296026
0.296026
0.292052
     0.7
     0.7
     0.7
0.296014
0.296014
0.292028
     0.7
     0.7
     0.7
0.296002
0.296002
0.292004
     0.7
     0.7
     0.7
0.29599
0.29599
0.29198
    0.7
    0.7
    0.7
0.295978
0.295978
0.291957
     0.7
     0.7
     0.7
0.295967
0.295967
0.291934
     0.7
     0.7
     0.7
0.295955
0.295955
0.291911
     0.7
     0.7
     0.7
0.295944
0.295944
0.291889
     0.7
     0.7
     0.7
0.295934
0.295934
0.291867
     0.7
     0.7
     0.7
0.295923
0.295923
0.291847
     0.7
     0.7
     0.7
0.295913
0.295913
0.291827
     0.7
     0.7
     0.7
0.295904
0.295904
0.291808
     0.7
     0.7
     0.7
0.295895
0.295895
 0.29179
     0.7
     0.7
     0.7
0.295887
0.295887
0.291773
     0.7
     0.7
     0.7
0.295879
0.295879
0.291758
     0.7
     0.7
     0.7
0.295872
0.295872
0.291744
     0.7
     0.7
     0.7
0.295865
0.295865
0.291731
     0.7
     0.7
     0.7
 0.29586
 0.29586
0.291719
     0.7
     0.7
     0.7
0.295855
0.295855
0.291709
     0.7
     0.7
     0.7
0.295851
0.295851
0.291701
     0.7
     0.7
     0.7
0.295847
0.295847
0.291694
     0.7
     0.7
     0.7
0.295844
0.295844
0.291689
     0.7
     0.7
     0.7
0.295842
0.295842
0.291685
     0.7
     0.7
     0.7
0.295841
0.295841
0.291683
     0.7
     0.7
     0.7
0.295841
0.295841
0.291682
     0.7
     0.7
     0.7
0.295842
0.295842
0.291683
     0.7
     0.7
     0.7
0.295843
0.295843
0.291686
     0.7
     0.7
     0.7
0.295845
0.295845
 0.29169
     0.7
     0.7
     0.7
0.295848
0.295848
0.291696
     0.7
     0.7
     0.7
0.295851
0.295851
0.291703
     0.7
     0.7
     0.7
0.295856
0.295856
0.291712
     0.7
     0.7
     0.7
0.295861
0.295861
0.291722
     0.7
     0.7
     0.7
0.295866
0.295866
0.291733
     0.7
     0.7
     0.7
0.295873
0.295873
0.291746
     0.7
     0.7
     0.7
 0.29588
 0.29588
0.291759
     0.7
     0.7
     0.7
0.295887
0.295887
0.291774
     0.7
     0.7
     0.7
0.295895
0.295895
 0.29179
     0.7
     0.7
     0.7
0.295904
0.295904
0.291807
     0.7
     0.7
     0.7
0.295913
0.295913
0.291825
     0.7
     0.7
     0.7
0.295922
0.295922
0.291844
     0.7
     0.7
     0.7
0.295932
0.295932
0.291863
     0.7
     0.7
     0.7
0.295942
0.295942
0.291883
     0.7
     0.7
     0.7
0.295952
0.295952
0.291904
     0.7
     0.7
     0.7
0.295962
0.295962
0.291925
     0.7
     0.7
     0.7
0.295973
0.295973
0.291946
     0.7
     0.7
     0.7
0.295983
0.295983
0.291967
     0.7
     0.7
     0.7
0.295994
0.295994
0.291988
     0.7
     0.7
     0.7
0.296005
0.296005
0.292009
     0.7
     0.7
     0.7
0.296015
0.296015
0.292031
     0.7
     0.7
     0.7
0.296026
0.296026
0.292051
     0.7
     0.7
     0.7
0.296036
0.296036
0.292072
     0.7
     0.7
     0.7
0.296046
0.296046
0.292092
     0.7
     0.7
     0.7
0.296056
0.296056
0.292111
     0.7
     0.7
     0.7
0.296065
0.296065
 0.29213
     0.7
     0.7
     0.7
0.296074
0.296074
0.292148
     0.7
     0.7
     0.7
0.296083
0.296083
0.292165
     0.7
     0.7
     0.7
0.296091
0.296091
0.292182
     0.7
     0.7
     0.7
0.296099
0.296099
0.292197
     0.7
     0.7
     0.7
0.296106
0.296106
0.292211
     0.7
     0.7
     0.7
0.296112
0.296112
0.292225
     0.7
     0.7
     0.7
0.296118
0.296118
0.292236
     0.7
     0.7
     0.7
0.296124
0.296124
0.292247
     0.7
     0.7
     0.7
0.296128
0.296128
0.292257
     0.7
     0.7
     0.7
0.296132
0.296132
0.292265
     0.7
     0.7
     0.7
0.296136
0.296136
0.292271
     0.7
     0.7
     0.7
0.296138
0.296138
0.292277
     0.7
     0.7
     0.7
 0.29614
 0.29614
0.292281
     0.7
     0.7
     0.7
0.296142
0.296142
0.292283
     0.7
     0.7
     0.7
0.296142
0.296142
0.292284
     0.7
     0.7
     0.7
0.296142
0.296142
0.292284
     0.7
     0.7
     0.7
0.296141
0.296141
0.292282
     0.7
     0.7
     0.7
 0.29614
 0.29614
0.292279
     0.7
     0.7
     0.7
0.296137
0.296137
0.292274
     0.7
     0.7
     0.7
0.296134
0.296134
0.292269
     0.7
     0.7
     0.7
0.296131
0.296131
0.292261
     0.7
     0.7
     0.7
0.296126
0.296126
0.292253
     0.7
     0.7
     0.7
0.296122
0.296122
0.292243
     0.7
     0.7
     0.7
0.296116
0.296116
0.292232
     0.7
     0.7
     0.7
0.29611
0.29611
0.29222
    0.7
    0.7
    0.7
0.296104
0.296104
0.292207
     0.7
     0.7
     0.7
0.296097
0.296097
0.292193
     0.7
     0.7
     0.7
0.296089
0.296089
0.292178
     0.7
     0.7
     0.7
0.296081
0.296081
0.292163
     0.7
     0.7
     0.7
0.296073
0.296073
0.292146
     0.7
     0.7
     0.7
0.296065
0.296065
0.292129
     0.7
     0.7
     0.7
0.296056
0.296056
0.292111
     0.7
     0.7
     0.7
0.296047
0.296047
0.292093
     0.7
     0.7
     0.7
0.296037
0.296037
0.292075
     0.7
     0.7
     0.7
0.296028
0.296028
0.292056
     0.7
     0.7
     0.7
0.296019
0.296019
0.292037
     0.7
     0.7
     0.7
0.296009
0.296009
0.292018
     0.7
     0.7
     0.7
   0.296
   0.296
0.291999
     0.7
     0.7
     0.7
0.29599
0.29599
0.29198
    0.7
    0.7
    0.7
0.295981
0.295981
0.291961
     0.7
     0.7
     0.7
0.295971
0.295971
0.291943
     0.7
     0.7
     0.7
0.295962
0.295962
0.291925
     0.7
     0.7
     0.7
0.295954
0.295954
0.291907
     0.7
     0.7
     0.7
0.295945
0.295945
 0.29189
     0.7
     0.7
     0.7
0.295937
0.295937
0.291874
     0.7
     0.7
     0.7
0.295929
0.295929
0.291858
     0.7
     0.7
     0.7
0.295922
0.295922
0.291843
     0.7
     0.7
     0.7
0.295914
0.295914
0.291829
     0.7
     0.7
     0.7
0.295908
0.295908
0.291816
     0.7
     0.7
     0.7
0.295902
0.295902
0.291804
     0.7
     0.7
     0.7
0.295896
0.295896
0.291792
     0.7
     0.7
     0.7
0.295891
0.295891
0.291782
     0.7
     0.7
     0.7
0.295887
0.295887
0.291774
     0.7
     0.7
     0.7
0.295883
0.295883
0.291766
     0.7
     0.7
     0.7
 0.29588
 0.29588
0.291759
     0.7
     0.7
     0.7
0.295877
0.295877
0.291754
     0.7
     0.7
     0.7
0.295875
0.295875
 0.29175
     0.7
     0.7
     0.7
0.295874
0.295874
0.291747
     0.7
     0.7
     0.7
0.295873
0.295873
0.291746
     0.7
     0.7
     0.7
0.295873
0.295873
0.291746
     0.7
     0.7
     0.7
0.295873
0.295873
0.291747
     0.7
     0.7
     0.7
0.295875
0.295875
0.291749
     0.7
     0.7
     0.7
0.295876
0.295876
0.291753
     0.7
     0.7
     0.7
0.295879
0.295879
0.291758
     0.7
     0.7
     0.7
0.295882
0.295882
0.291764
     0.7
     0.7
     0.7
0.295885
0.295885
0.291771
     0.7
     0.7
     0.7
0.295889
0.295889
0.291779
     0.7
     0.7
     0.7
0.295894
0.295894
0.291788
     0.7
     0.7
     0.7
0.295899
0.295899
0.291799
     0.7
     0.7
     0.7
0.295905
0.295905
 0.29181
     0.7
     0.7
     0.7
0.295911
0.295911
0.291822
     0.7
     0.7
     0.7
0.295918
0.295918
0.291835
     0.7
     0.7
     0.7
0.295924
0.295924
0.291849
     0.7
     0.7
     0.7
0.295932
0.295932
0.291863
     0.7
     0.7
     0.7
0.295939
0.295939
0.291878
     0.7
     0.7
     0.7
0.295947
0.295947
0.291894
     0.7
     0.7
     0.7
0.295955
0.295955
 0.29191
     0.7
     0.7
     0.7
0.295963
0.295963
0.291927
     0.7
     0.7
     0.7
0.295972
0.295972
0.291943
     0.7
     0.7
     0.7
0.29598
0.29598
0.29196
    0.7
    0.7
    0.7
0.295989
0.295989
0.291977
     0.7
     0.7
     0.7
0.295997
0.295997
0.291994
     0.7
     0.7
     0.7
0.296006
0.296006
0.292011
     0.7
     0.7
     0.7
0.296014
0.296014
0.292028
     0.7
     0.7
     0.7
0.296022
0.296022
0.292045
     0.7
     0.7
     0.7
0.296031
0.296031
0.292061
     0.7
     0.7
     0.7
0.296039
0.296039
0.292077
     0.7
     0.7
     0.7
0.296046
0.296046
0.292092
     0.7
     0.7
     0.7
0.296054
0.296054
0.292107
     0.7
     0.7
     0.7
0.296061
0.296061
0.292122
     0.7
     0.7
     0.7
0.296068
0.296068
0.292135
     0.7
     0.7
     0.7
0.296074
0.296074
0.292148
     0.7
     0.7
     0.7
0.29608
0.29608
0.29216
    0.7
    0.7
    0.7
0.296086
0.296086
0.292172
     0.7
     0.7
     0.7
0.296091
0.296091
0.292182
     0.7
     0.7
     0.7
0.296096
0.296096
0.292191
     0.7
     0.7
     0.7
0.2961
0.2961
0.2922
   0.7
   0.7
   0.7
0.296103
0.296103
0.292207
     0.7
     0.7
     0.7
0.296107
0.296107
0.292213
     0.7
     0.7
     0.7
0.296109
0.296109
0.292218
     0.7
     0.7
     0.7
0.296111
0.296111
0.292222
     0.7
     0.7
     0.7
0.296113
0.296113
0.292225
     0.7
     0.7
     0.7
0.296113
0.296113
0.292227
     0.7
     0.7
     0.7
0.296114
0.296114
0.292228
     0.7
     0.7
     0.7
0.296114
0.296114
0.292227
     0.7
     0.7
     0.7
0.296113
0.296113
0.292225
     0.7
     0.7
     0.7
0.296111
0.296111
0.292223
     0.7
     0.7
     0.7
0.296109
0.296109
0.292219
     0.7
     0.7
     0.7
0.296107
0.296107
0.292214
     0.7
     0.7
     0.7
0.296104
0.296104
0.292208
     0.7
     0.7
     0.7
  0.2961
  0.2961
0.292201
     0.7
     0.7
     0.7
0.296096
0.296096
0.292193
     0.7
     0.7
     0.7
0.296092
0.296092
0.292184
     0.7
     0.7
     0.7
0.296087
0.296087
0.292174
     0.7
     0.7
     0.7
0.296082
0.296082
0.292164
     0.7
     0.7
     0.7
0.296076
0.296076
0.292152
     0.7
     0.7
     0.7
0.29607
0.29607
0.29214
    0.7
    0.7
    0.7
0.296064
0.296064
0.292127
     0.7
     0.7
     0.7
0.296057
0.296057
0.292114
     0.7
     0.7
     0.7
0.29605
0.29605
 0.2921
    0.7
    0.7
    0.7
0.296043
0.296043
0.292086
     0.7
     0.7
     0.7
0.296036
0.296036
0.292072
     0.7
     0.7
     0.7
0.296028
0.296028
0.292057
     0.7
     0.7
     0.7
0.296021
0.296021
0.292042
     0.7
     0.7
     0.7
0.296013
0.296013
0.292026
     0.7
     0.7
     0.7
0.296006
0.296006
0.292011
     0.7
     0.7
     0.7
0.295998
0.295998
0.291996
     0.7
     0.7
     0.7
 0.29599
 0.29599
0.291981
     0.7
     0.7
     0.7
0.295983
0.295983
0.291966
     0.7
     0.7
     0.7
0.295976
0.295976
0.291951
     0.7
     0.7
     0.7
0.295968
0.295968
0.291937
     0.7
     0.7
     0.7
0.295961
0.295961
0.291923
     0.7
     0.7
     0.7
0.295955
0.295955
0.291909
     0.7
     0.7
     0.7
0.295948
0.295948
0.291896
     0.7
     0.7
     0.7
0.295942
0.295942
0.291884
     0.7
     0.7
     0.7
0.295936
0.295936
0.291872
     0.7
     0.7
     0.7
 0.29593
 0.29593
0.291861
     0.7
     0.7
     0.7
0.295925
0.295925
 0.29185
     0.7
     0.7
     0.7
 0.29592
 0.29592
0.291841
     0.7
     0.7
     0.7
0.295916
0.295916
0.291832
     0.7
     0.7
     0.7
0.295912
0.295912
0.291824
     0.7
     0.7
     0.7
0.295909
0.295909
0.291817
     0.7
     0.7
     0.7
0.295906
0.295906
0.291811
     0.7
     0.7
     0.7
0.295903
0.295903
0.291806
     0.7
     0.7
     0.7
0.295901
0.295901
0.291802
     0.7
     0.7
     0.7
  0.2959
  0.2959
0.291799
     0.7
     0.7
     0.7
0.295899
0.295899
0.291797
     0.7
     0.7
     0.7
0.295898
0.295898
0.291796
     0.7
     0.7
     0.7
0.295898
0.295898
0.291797
     0.7
     0.7
     0.7
0.295899
0.295899
0.291798
     0.7
     0.7
     0.7
0.2959
0.2959
0.2918
   0.7
   0.7
   0.7
0.295901
0.295901
0.291803
     0.7
     0.7
     0.7
0.295903
0.295903
0.291807
     0.7
     0.7
     0.7
0.295906
0.295906
0.291812
     0.7
     0.7
     0.7
0.295909
0.295909
0.291818
     0.7
     0.7
     0.7
0.295912
0.295912
0.291825
     0.7
     0.7
     0.7
0.295916
0.295916
0.291832
     0.7
     0.7
     0.7
 0.29592
 0.29592
0.291841
     0.7
     0.7
     0.7
0.295925
0.295925
 0.29185
     0.7
     0.7
     0.7
0.29593
0.29593
0.29186
    0.7
    0.7
    0.7
0.295935
0.295935
 0.29187
     0.7
     0.7
     0.7
0.295941
0.295941
0.291882
     0.7
     0.7
     0.7
0.295947
0.295947
0.291893
     0.7
     0.7
     0.7
0.295953
0.295953
0.291905
     0.7
     0.7
     0.7
0.295959
0.295959
0.291918
     0.7
     0.7
     0.7
0.295965
0.295965
0.291931
     0.7
     0.7
     0.7
0.295972
0.295972
0.291944
     0.7
     0.7
     0.7
0.295979
0.295979
0.291957
     0.7
     0.7
     0.7
0.295986
0.295986
0.291971
     0.7
     0.7
     0.7
0.295992
0.295992
0.291985
     0.7
     0.7
     0.7
0.295999
0.295999
0.291998
     0.7
     0.7
     0.7
0.296006
0.296006
0.292012
     0.7
     0.7
     0.7
0.296013
0.296013
0.292025
     0.7
     0.7
     0.7
0.296019
0.296019
0.292039
     0.7
     0.7
     0.7
0.296026
0.296026
0.292052
     0.7
     0.7
     0.7
0.296032
0.296032
0.292064
     0.7
     0.7
     0.7
0.296038
0.296038
0.292077
     0.7
     0.7
     0.7
0.296044
0.296044
0.292089
     0.7
     0.7
     0.7
0.29605
0.29605
 0.2921
    0.7
    0.7
    0.7
0.296055
0.296055
0.292111
     0.7
     0.7
     0.7
 0.29606
 0.29606
0.292121
     0.7
     0.7
     0.7
0.296065
0.296065
 0.29213
     0.7
     0.7
     0.7
 0.29607
 0.29607
0.292139
     0.7
     0.7
     0.7
0.296074
0.296074
0.292147
     0.7
     0.7
     0.7
0.296077
0.296077
0.292155
     0.7
     0.7
     0.7
0.296081
0.296081
0.292161
     0.7
     0.7
     0.7
0.296083
0.296083
0.292167
     0.7
     0.7
     0.7
0.296086
0.296086
0.292172
     0.7
     0.7
     0.7
0.296088
0.296088
0.292176
     0.7
     0.7
     0.7
0.296089
0.296089
0.292179
     0.7
     0.7
     0.7
 0.29609
 0.29609
0.292181
     0.7
     0.7
     0.7
0.296091
0.296091
0.292182
     0.7
     0.7
     0.7
0.296091
0.296091
0.292182
     0.7
     0.7
     0.7
0.296091
0.296091
0.292182
     0.7
     0.7
     0.7
0.29609
0.29609
0.29218
    0.7
    0.7
    0.7
0.296089
0.296089
0.292178
     0.7
     0.7
     0.7
0.296087
0.296087
0.292174
     0.7
     0.7
     0.7
0.296085
0.296085
 0.29217
     0.7
     0.7
     0.7
0.296083
0.296083
0.292165
     0.7
     0.7
     0.7
 0.29608
 0.29608
0.292159
     0.7
     0.7
     0.7
0.296076
0.296076
0.292153
     0.7
     0.7
     0.7
0.296073
0.296073
0.292146
     0.7
     0.7
     0.7
0.296069
0.296069
0.292138
     0.7
     0.7
     0.7
0.296064
0.296064
0.292129
     0.7
     0.7
     0.7
0.29606
0.29606
0.29212
    0.7
    0.7
    0.7
0.296055
0.296055
 0.29211
     0.7
     0.7
     0.7
0.29605
0.29605
 0.2921
    0.7
    0.7
    0.7
0.296045
0.296045
0.292089
     0.7
     0.7
     0.7
0.296039
0.296039
0.292078
     0.7
     0.7
     0.7
0.296033
0.296033
0.292066
     0.7
     0.7
     0.7
0.296027
0.296027
0.292055
     0.7
     0.7
     0.7
0.296021
0.296021
0.292043
     0.7
     0.7
     0.7
0.296015
0.296015
0.292031
     0.7
     0.7
     0.7
0.296009
0.296009
0.292019
     0.7
     0.7
     0.7
0.296003
0.296003
0.292006
     0.7
     0.7
     0.7
0.295997
0.295997
0.291994
     0.7
     0.7
     0.7
0.295991
0.295991
0.291982
     0.7
     0.7
     0.7
0.295985
0.295985
 0.29197
     0.7
     0.7
     0.7
0.295979
0.295979
0.291958
     0.7
     0.7
     0.7
0.295973
0.295973
0.291947
     0.7
     0.7
     0.7
0.295968
0.295968
0.291936
     0.7
     0.7
     0.7
0.295962
0.295962
0.291925
     0.7
     0.7
     0.7
0.295957
0.295957
0.291915
     0.7
     0.7
     0.7
0.295952
0.295952
0.291905
     0.7
     0.7
     0.7
0.295948
0.295948
0.291895
     0.7
     0.7
     0.7
0.295943
0.295943
0.291887
     0.7
     0.7
     0.7
0.295939
0.295939
0.291878
     0.7
     0.7
     0.7
0.295936
0.295936
0.291871
     0.7
     0.7
     0.7
0.295932
0.295932
0.291864
     0.7
     0.7
     0.7
0.295929
0.295929
0.291858
     0.7
     0.7
     0.7
0.295926
0.295926
0.291853
     0.7
     0.7
     0.7
0.295924
0.295924
0.291848
     0.7
     0.7
     0.7
0.295922
0.295922
0.291844
     0.7
     0.7
     0.7
0.295921
0.295921
0.291841
     0.7
     0.7
     0.7
 0.29592
 0.29592
0.291839
     0.7
     0.7
     0.7
0.295919
0.295919
0.291838
     0.7
     0.7
     0.7
0.295919
0.295919
0.291837
     0.7
     0.7
     0.7
0.295919
0.295919
0.291837
     0.7
     0.7
     0.7
0.295919
0.295919
0.291838
     0.7
     0.7
     0.7
0.29592
0.29592
0.29184
    0.7
    0.7
    0.7
0.295921
0.295921
0.291843
     0.7
     0.7
     0.7
0.295923
0.295923
0.291846
     0.7
     0.7
     0.7
0.295925
0.295925
 0.29185
     0.7
     0.7
     0.7
0.295928
0.295928
0.291855
     0.7
     0.7
     0.7
 0.29593
 0.29593
0.291861
     0.7
     0.7
     0.7
0.295934
0.295934
0.291867
     0.7
     0.7
     0.7
0.295937
0.295937
0.291874
     0.7
     0.7
     0.7
0.295941
0.295941
0.291882
     0.7
     0.7
     0.7
0.295945
0.295945
 0.29189
     0.7
     0.7
     0.7
0.295949
0.295949
0.291898
     0.7
     0.7
     0.7
0.295954
0.295954
0.291907
     0.7
     0.7
     0.7
0.295958
0.295958
0.291917
     0.7
     0.7
     0.7
0.295963
0.295963
0.291926
     0.7
     0.7
     0.7
0.295968
0.295968
0.291937
     0.7
     0.7
     0.7
0.295973
0.295973
0.291947
     0.7
     0.7
     0.7
0.295979
0.295979
0.291958
     0.7
     0.7
     0.7
0.295984
0.295984
0.291968
     0.7
     0.7
     0.7
 0.29599
 0.29599
0.291979
     0.7
     0.7
     0.7
0.295995
0.295995
 0.29199
     0.7
     0.7
     0.7
0.296001
0.296001
0.292001
     0.7
     0.7
     0.7
0.296006
0.296006
0.292012
     0.7
     0.7
     0.7
0.296011
0.296011
0.292023
     0.7
     0.7
     0.7
0.296017
0.296017
0.292033
     0.7
     0.7
     0.7
0.296022
0.296022
0.292044
     0.7
     0.7
     0.7
0.296027
0.296027
0.292054
     0.7
     0.7
     0.7
0.296032
0.296032
0.292063
     0.7
     0.7
     0.7
0.296036
0.296036
0.292073
     0.7
     0.7
     0.7
