 0.230469
0.0211416
 0.739773
  2.01977
 0.205813
 0.325861
 0.230469
0.0211416
 0.739773
  2.01977
 0.205813
 0.325861
 0.230469
0.0211416
 0.739773
  2.01977
 0.205813
 0.325861
 0.230455
0.0212226
 0.739575
  2.01966
 0.205875
 0.325918
 0.230455
0.0212226
 0.739575
  2.01966
 0.205875
 0.325918
 0.230387
0.0215568
 0.738776
  2.01918
 0.205656
 0.326423
 0.230387
0.0215568
 0.738776
  2.01918
 0.205656
 0.326423
 0.230323
0.0218193
 0.738169
  2.01882
 0.205469
 0.326806
 0.230323
0.0218193
 0.738169
  2.01882
 0.205469
 0.326806
0.230275
0.023637
0.735144
 2.01777
0.205912
0.329373
0.230275
0.023637
0.735144
 2.01777
0.205912
0.329373
 0.230908
0.0266744
 0.731991
  2.01805
 0.208042
 0.334627
 0.230908
0.0266744
 0.731991
  2.01805
 0.208042
 0.334627
  0.22885
0.0278054
  0.72991
  2.02424
 0.205241
 0.329718
  0.22885
0.0278054
  0.72991
  2.02424
 0.205241
 0.329718
 0.228342
0.0276983
 0.725304
  2.01235
 0.205191
 0.329981
 0.228342
0.0276983
 0.725304
  2.01235
 0.205191
 0.329981
 0.228538
0.0349725
 0.717495
  2.01181
 0.211912
   0.3403
 0.228538
0.0349725
 0.717495
  2.01181
 0.211912
   0.3403
0.225782
 0.03356
0.713319
 2.00651
0.207342
 0.33183
0.225782
 0.03356
0.713319
 2.00651
0.207342
 0.33183
 0.225568
0.0413429
 0.704204
  2.00775
 0.215105
 0.339896
 0.225568
0.0413429
 0.704204
  2.00775
 0.215105
 0.339896
 0.223962
0.0448729
 0.696196
  2.00529
 0.216919
 0.338794
 0.223962
0.0448729
 0.696196
  2.00529
 0.216919
 0.338794
0.221768
0.044054
0.689533
 1.99847
0.211503
0.329025
0.221768
0.044054
0.689533
 1.99847
0.211503
0.329025
 0.220673
0.0528737
 0.677455
  1.99954
 0.221523
 0.335583
 0.220673
0.0528737
 0.677455
  1.99954
 0.221523
 0.335583
 0.218529
0.0527342
 0.669137
   1.9926
 0.216922
 0.326035
 0.218529
0.0527342
 0.669137
   1.9926
 0.216922
 0.326035
  0.21706
0.0618318
 0.655441
  1.99365
 0.228286
 0.330745
  0.21706
0.0618318
 0.655441
  1.99365
 0.228286
 0.330745
  0.21518
0.0622704
 0.645885
  1.98671
 0.224408
  0.32104
  0.21518
0.0622704
 0.645885
  1.98671
 0.224408
  0.32104
 0.213331
0.0717505
 0.630176
  1.98745
 0.236786
 0.323928
 0.213331
0.0717505
 0.630176
  1.98745
 0.236786
 0.323928
 0.211424
0.0769252
 0.616328
  1.98413
 0.241453
 0.319272
 0.211424
0.0769252
 0.616328
  1.98413
 0.241453
 0.319272
 0.210004
0.0782771
 0.605286
  1.97742
 0.238532
 0.309582
 0.210004
0.0782771
 0.605286
  1.97742
 0.238532
 0.309582
 0.208189
0.0871885
 0.588426
  1.97824
 0.251728
 0.307237
 0.208189
0.0871885
 0.588426
  1.97824
 0.251728
 0.307237
 0.206595
0.0922322
 0.574432
  1.97597
 0.257927
 0.300266
 0.206595
0.0922322
 0.574432
  1.97597
 0.257927
 0.300266
 0.205489
0.0941273
 0.563897
  1.97115
 0.257533
 0.291859
 0.205489
0.0941273
 0.563897
  1.97115
 0.257533
 0.291859
0.203795
0.102295
0.546965
 1.97249
0.271079
0.285306
0.203795
0.102295
0.546965
 1.97249
0.271079
0.285306
 0.20238
0.107253
0.533166
 1.97176
0.275715
0.275432
 0.20238
0.107253
0.533166
 1.97176
0.275715
0.275432
0.201573
0.109577
0.523007
 1.96781
0.279747
0.270058
0.201573
0.109577
0.523007
 1.96781
0.279747
0.270058
0.199834
0.117192
0.506003
 1.96908
0.293473
0.260739
0.199834
0.117192
0.506003
 1.96908
0.293473
0.260739
 0.19852
0.122086
0.492341
    1.97
0.299939
0.251663
 0.19852
0.122086
0.492341
    1.97
0.299939
0.251663
0.198006
 0.12478
0.482462
 1.96619
0.304075
0.246166
0.198006
 0.12478
0.482462
 1.96619
0.304075
0.246166
0.196128
 0.13193
0.465399
 1.96706
0.316958
0.234192
0.196128
 0.13193
0.465399
 1.96706
0.316958
0.234192
0.194872
0.136769
0.451843
  1.9667
0.324984
 0.22486
0.194872
0.136769
0.451843
  1.9667
0.324984
 0.22486
0.194655
0.139809
 0.44217
 1.96566
 0.32907
 0.22076
0.194655
0.139809
 0.44217
 1.96566
 0.32907
 0.22076
0.193616
0.144807
0.428823
 1.96568
0.337243
  0.2124
0.193616
0.144807
0.428823
 1.96568
0.337243
  0.2124
0.191343
0.151333
0.411607
 1.96638
0.349541
0.196784
0.191343
0.151333
0.411607
 1.96638
0.349541
0.196784
0.191333
0.154629
0.401964
 1.96653
0.355024
0.193871
0.191333
0.154629
0.401964
 1.96653
0.355024
0.193871
0.190362
0.159499
0.388932
 1.96686
0.363408
0.185371
0.190362
0.159499
0.388932
 1.96686
0.363408
0.185371
0.188152
0.165132
0.372657
 1.96734
0.374889
0.167053
0.188152
0.165132
0.372657
 1.96734
0.374889
0.167053
0.187299
0.169229
0.361025
 1.96826
0.383389
0.156791
0.187299
0.169229
0.361025
 1.96826
0.383389
0.156791
0.187854
0.172435
0.354172
 1.97049
0.389732
   0.156
0.187854
0.172435
0.354172
 1.97049
0.389732
   0.156
0.186241
0.177024
0.340539
 1.97121
0.400464
0.137825
0.186241
0.177024
0.340539
 1.97121
0.400464
0.137825
0.186038
0.180762
0.331361
 1.97332
0.409218
0.128933
0.186038
0.180762
0.331361
 1.97332
0.409218
0.128933
0.186038
0.180762
0.331361
 1.97332
0.409218
0.128933
0.186422
0.183073
  0.3265
 1.97534
0.414587
0.126764
0.185994
0.187316
0.315754
 1.97808
0.426398
0.111641
0.185994
0.187316
0.315754
 1.97808
0.426398
0.111641
0.185875
0.189792
0.309641
 1.98006
0.433861
0.101738
0.185875
0.189792
0.309641
 1.98006
0.433861
0.101738
 0.185775
 0.192013
 0.304238
  1.98023
 0.442342
0.0988224
 0.185775
 0.192013
 0.304238
  1.98023
 0.442342
0.0988224
 0.185753
 0.193854
 0.299835
  1.98342
 0.446943
0.0825942
 0.185753
 0.193854
 0.299835
  1.98342
 0.446943
0.0825942
 0.185777
 0.195469
 0.296036
  1.98512
 0.452906
0.0733923
 0.185777
 0.195469
 0.296036
  1.98512
 0.452906
0.0733923
0.186131
0.196565
 0.29448
 1.98654
0.456468
0.070392
0.186131
0.196565
 0.29448
 1.98654
0.456468
0.070392
 0.187583
 0.199527
 0.291552
  1.99124
 0.466912
0.0630357
 0.187583
 0.199527
 0.291552
  1.99124
 0.466912
0.0630357
 0.188152
 0.200524
   0.2905
  1.99343
 0.472555
0.0560632
 0.188152
 0.200524
   0.2905
  1.99343
 0.472555
0.0560632
 0.188326
 0.200763
 0.290222
   1.9942
 0.474947
0.0520723
 0.188326
 0.200763
 0.290222
   1.9942
 0.474947
0.0520723
 0.188558
  0.20077
 0.290066
  1.99558
 0.480582
0.0398599
 0.188558
  0.20077
 0.290066
  1.99558
 0.480582
0.0398599
0.188652
0.200484
0.290203
 1.99638
 0.48371
 0.03235
0.188652
0.200484
0.290203
 1.99638
 0.48371
 0.03235
 0.188701
 0.200332
 0.290276
  1.99672
 0.485088
0.0290392
 0.188701
 0.200332
 0.290276
  1.99672
 0.485088
0.0290392
 0.18891
0.199759
0.290535
 1.99779
0.488643
 0.02101
 0.18891
0.199759
0.290535
 1.99779
0.488643
 0.02101
 0.189093
 0.199295
 0.290734
  1.99853
 0.490787
0.0166468
 0.189093
 0.199295
 0.290734
  1.99853
 0.490787
0.0166468
 0.189196
 0.199042
  0.29084
  1.99888
  0.49178
0.0147902
 0.189196
 0.199042
  0.29084
  1.99888
  0.49178
0.0147902
 0.189953
 0.198667
 0.291357
  2.00043
 0.494974
0.0121743
 0.189953
 0.198667
 0.291357
  2.00043
 0.494974
0.0121743
 0.190811
 0.198687
 0.291859
  2.00188
 0.497401
0.0122869
 0.190811
 0.198687
 0.291859
  2.00188
 0.497401
0.0122869
0.191311
0.198685
0.292137
 2.00266
0.498583
0.012678
0.191311
0.198685
0.292137
 2.00266
0.498583
0.012678
 0.192328
 0.198723
 0.292724
  2.00405
 0.500946
0.0137242
 0.192328
 0.198723
 0.292724
  2.00405
 0.500946
0.0137242
 0.194011
  0.19875
 0.293665
  2.00574
 0.504391
0.0160196
 0.194011
  0.19875
 0.293665
  2.00574
 0.504391
0.0160196
 0.194568
 0.198801
 0.293998
  2.00621
 0.505716
0.0169161
 0.194568
 0.198801
 0.293998
  2.00621
 0.505716
0.0169161
 0.196565
 0.198786
  0.29507
  2.00728
 0.508742
0.0202577
 0.196565
 0.198786
  0.29507
  2.00728
 0.508742
0.0202577
  0.19795
 0.198802
 0.295824
  2.00678
 0.509969
0.0229274
  0.19795
 0.198802
 0.295824
  2.00678
 0.509969
0.0229274
 0.198676
 0.198809
 0.296216
  2.00777
 0.511928
0.0241857
 0.198676
 0.198809
 0.296216
  2.00777
 0.511928
0.0241857
 0.20102
0.198832
0.297477
 2.00808
0.515336
0.028772
 0.20102
0.198832
0.297477
 2.00808
0.515336
0.028772
 0.201864
 0.198836
 0.297926
  2.00809
 0.516563
0.0306126
 0.201864
 0.198836
 0.297926
  2.00809
 0.516563
0.0306126
  0.20357
  0.19885
 0.298835
   2.0078
 0.518766
0.0341035
  0.20357
  0.19885
 0.298835
   2.0078
 0.518766
0.0341035
 0.206279
 0.198863
 0.300269
  2.00684
 0.522292
0.0400466
 0.206279
 0.198863
 0.300269
  2.00684
 0.522292
0.0400466
 0.208212
 0.198871
 0.301286
  2.00603
 0.524716
0.0442804
 0.208212
 0.198871
 0.301286
  2.00603
 0.524716
0.0442804
  0.2092
0.198875
0.301805
 2.00551
0.525935
0.046467
  0.2092
0.198875
0.301805
 2.00551
0.525935
0.046467
 0.212353
 0.198886
 0.303454
  2.00389
 0.529741
0.0533775
 0.212353
 0.198886
 0.303454
  2.00389
 0.529741
0.0533775
 0.214571
 0.198889
 0.304609
  2.00253
 0.532434
0.0583937
 0.214571
 0.198889
 0.304609
  2.00253
 0.532434
0.0583937
 0.214571
 0.198889
 0.304609
  2.00253
 0.532434
0.0583937
 0.215713
  0.19889
 0.305202
  2.00175
 0.533813
0.0609982
 0.219247
 0.198896
 0.307035
  1.99899
 0.538034
0.0690975
 0.219247
 0.198896
 0.307035
  1.99899
 0.538034
0.0690975
 0.221728
 0.198895
 0.308316
  1.99695
 0.540974
0.0748005
 0.221728
 0.198895
 0.308316
  1.99695
 0.540974
0.0748005
 0.223001
 0.198893
 0.308972
  1.99584
 0.542478
0.0777399
 0.223001
 0.198893
 0.308972
  1.99584
 0.542478
0.0777399
0.226917
0.198893
0.310989
 1.99216
0.546979
0.086608
0.226917
0.198893
0.310989
 1.99216
0.546979
0.086608
 0.228292
 0.198885
 0.311692
  1.99086
   0.5487
0.0899879
 0.228292
 0.198885
 0.311692
  1.99086
   0.5487
0.0899879
 0.23247
 0.19888
0.313834
 1.98647
0.553479
0.099541
 0.23247
 0.19888
0.313834
 1.98647
0.553479
0.099541
0.235345
0.198872
0.315304
 1.98307
0.556785
0.106265
0.235345
0.198872
0.315304
 1.98307
0.556785
0.106265
0.236815
0.198867
0.316054
 1.98132
0.558487
0.109718
0.236815
0.198867
0.316054
 1.98132
0.558487
0.109718
0.239807
0.198863
0.317583
 1.97778
0.561863
0.116525
0.239807
0.198863
0.317583
 1.97778
0.561863
0.116525
0.244515
0.198837
0.319975
 1.97187
0.567449
 0.12789
0.244515
0.198837
0.319975
 1.97187
0.567449
 0.12789
0.246129
0.198822
0.320791
 1.96967
0.569428
0.131971
0.246129
0.198822
0.320791
 1.96967
0.569428
0.131971
  0.2493
0.198816
0.322406
 1.96524
 0.57295
0.139201
  0.2493
0.198816
0.322406
 1.96524
 0.57295
0.139201
0.254094
0.198789
0.324836
 1.95738
0.578396
0.150687
0.254094
0.198789
0.324836
 1.95738
0.578396
0.150687
0.255702
0.198775
0.325648
 1.95444
0.580269
0.154717
0.255702
0.198775
0.325648
 1.95444
0.580269
0.154717
0.260448
0.198765
0.328061
 1.94582
0.585303
0.165479
0.260448
0.198765
0.328061
 1.94582
0.585303
0.165479
0.263619
0.198754
 0.32967
 1.94117
0.588469
0.173679
0.263619
0.198754
 0.32967
 1.94117
0.588469
0.173679
0.265203
0.198749
0.330473
 1.93643
0.590382
0.176497
0.265203
0.198749
0.330473
 1.93643
0.590382
0.176497
0.269933
0.198741
0.332876
 1.92652
0.595339
0.187085
0.269933
0.198741
0.332876
 1.92652
0.595339
0.187085
0.271531
0.198729
0.333682
 1.92292
0.597126
0.191042
0.271531
0.198729
0.333682
 1.92292
0.597126
0.191042
 0.27625
0.198723
0.336078
 1.91284
   0.602
0.201786
 0.27625
0.198723
0.336078
 1.91284
   0.602
0.201786
0.279403
0.198714
0.337676
 1.90584
0.605312
0.209117
0.279403
0.198714
0.337676
 1.90584
0.605312
0.209117
0.280978
0.198711
0.338474
 1.90229
0.606967
0.212785
0.280978
0.198711
0.338474
 1.90229
0.606967
0.212785
0.285683
0.198706
0.340861
 1.89177
  0.6118
 0.22347
0.285683
0.198706
0.340861
 1.89177
  0.6118
 0.22347
0.288826
0.198699
0.342453
  1.8845
0.615101
0.230792
0.288826
0.198699
0.342453
  1.8845
0.615101
0.230792
0.290397
0.198696
0.343248
 1.88083
0.616752
0.234459
0.290397
0.198696
0.343248
 1.88083
0.616752
0.234459
0.293519
0.198696
0.344832
 1.87371
0.619931
0.241482
0.293519
0.198696
0.344832
 1.87371
0.619931
0.241482
0.298238
0.198681
0.347216
 1.86233
 0.62499
 0.25274
0.298238
0.198681
0.347216
 1.86233
 0.62499
 0.25274
0.298238
0.198681
0.347216
 1.86233
 0.62499
 0.25274
0.301369
0.198675
  0.3488
 1.85487
0.628281
0.260035
0.302934
0.198673
0.349591
 1.85114
0.629919
0.263663
0.302934
0.198673
0.349591
 1.85114
0.629919
0.263663
0.307637
0.198672
0.351974
 1.83964
0.634934
0.274806
0.307637
0.198672
0.351974
 1.83964
0.634934
0.274806
 0.31076
0.198668
0.353552
 1.83216
0.638196
0.282008
 0.31076
0.198668
0.353552
 1.83216
0.638196
0.282008
 0.31273
 0.19802
0.354341
 1.82636
 0.63982
0.285594
 0.31273
 0.19802
0.354341
 1.82636
 0.63982
0.285594
0.315421
0.198669
0.355913
  1.8212
0.642945
0.292472
0.315421
0.198669
0.355913
  1.8212
0.642945
0.292472
0.320101
0.198677
0.358277
 1.80995
0.647942
0.303518
0.320101
0.198677
0.358277
 1.80995
0.647942
0.303518
0.323212
0.198674
0.359849
 1.80238
0.651191
0.310707
0.323212
0.198674
0.359849
 1.80238
0.651191
0.310707
0.324767
0.198673
0.360634
 1.79859
0.652809
0.314288
0.324767
0.198673
0.360634
 1.79859
0.652809
0.314288
0.329411
0.198675
0.362983
 1.78747
0.657537
0.324737
0.329411
0.198675
0.362983
 1.78747
0.657537
0.324737
0.332515
0.198673
0.364551
 1.78124
0.660401
0.332762
0.332515
0.198673
0.364551
 1.78124
0.660401
0.332762
0.334066
0.198672
0.365333
 1.77604
  0.6624
0.335515
0.334066
0.198672
0.365333
 1.77604
  0.6624
0.335515
0.338699
0.198675
0.367676
 1.76464
0.667207
0.345894
0.338699
0.198675
0.367676
 1.76464
0.667207
0.345894
0.338699
0.198675
0.367676
 1.76464
0.667207
0.345894
0.341796
0.198673
0.369239
 1.75699
0.670451
0.353107
0.343344
0.198673
 0.37002
 1.75317
0.672072
0.356725
0.343344
0.198673
 0.37002
 1.75317
0.672072
0.356725
0.347999
0.198676
0.372372
 1.74143
0.677036
0.367845
0.347999
0.198676
0.372372
 1.74143
0.677036
0.367845
0.351058
0.198676
0.373915
 1.73369
0.680198
0.374969
0.351058
0.198676
0.373915
 1.73369
0.680198
0.374969
0.352565
0.198676
0.374675
 1.72971
0.681636
0.378406
0.352565
0.198676
0.374675
 1.72971
0.681636
0.378406
0.356882
0.198685
 0.37686
 1.71772
0.685876
0.388383
0.356882
0.198685
 0.37686
 1.71772
0.685876
0.388383
0.359662
 0.19869
0.378266
 1.70917
 0.68829
0.394799
0.359662
 0.19869
0.378266
 1.70917
 0.68829
0.394799
0.361028
0.198693
0.378957
   1.705
0.689674
0.398118
0.361028
0.198693
0.378957
   1.705
0.689674
0.398118
0.364926
0.198708
0.380935
 1.69219
 0.69274
 0.40696
0.364926
0.198708
0.380935
 1.69219
 0.69274
 0.40696
0.366188
0.198709
0.381572
  1.6875
0.693836
 0.41015
0.366188
0.198709
0.381572
  1.6875
0.693836
 0.41015
0.369831
0.198728
0.383424
 1.67488
0.696696
0.418602
0.369831
0.198728
0.383424
 1.67488
0.696696
0.418602
0.372143
0.198739
0.384599
 1.66634
0.698468
0.424122
0.372143
0.198739
0.384599
 1.66634
0.698468
0.424122
0.373253
0.198746
0.385164
 1.66228
0.699198
0.426929
0.373253
0.198746
0.385164
 1.66228
0.699198
0.426929
0.376456
0.198769
0.386797
 1.64978
0.701475
0.434308
0.376456
0.198769
0.386797
 1.64978
0.701475
0.434308
0.377212
0.198152
0.387934
 1.64341
0.701649
0.435328
0.377212
0.198152
0.387934
 1.64341
0.701649
0.435328
0.379483
0.198791
0.388341
 1.63779
0.703464
0.441789
0.379483
0.198791
0.388341
 1.63779
0.703464
0.441789
0.382318
0.198828
0.389771
 1.62568
0.705504
0.448876
0.382318
0.198828
0.389771
 1.62568
0.705504
0.448876
0.384073
0.198844
 0.39067
 1.61815
 0.70646
0.453276
0.384073
0.198844
 0.39067
 1.61815
 0.70646
0.453276
0.384905
0.198853
0.391096
 1.61421
0.706936
0.455222
0.384905
0.198853
0.391096
 1.61421
0.706936
0.455222
0.386513
0.198872
0.391924
 1.60731
 0.70764
0.459146
0.386513
0.198872
0.391924
 1.60731
 0.70764
0.459146
0.388782
0.198898
0.393091
 1.59648
0.708709
 0.46495
0.388782
0.198898
0.393091
 1.59648
0.708709
 0.46495
0.389505
0.198907
0.393463
 1.59281
0.709056
0.466895
0.389505
0.198907
0.393463
 1.59281
0.709056
0.466895
0.390837
0.198926
0.394152
 1.58639
0.709509
0.470162
0.390837
0.198926
0.394152
 1.58639
0.709509
0.470162
0.392689
0.198954
0.395111
 1.57662
0.710072
 0.47502
0.392689
0.198954
0.395111
 1.57662
0.710072
 0.47502
0.393797
0.198973
0.395687
 1.57056
0.710971
0.478196
0.393797
0.198973
0.395687
 1.57056
0.710971
0.478196
0.394327
0.198983
0.395963
  1.5676
0.710377
0.479328
0.394327
0.198983
0.395963
  1.5676
0.710377
0.479328
 0.39573
0.199012
0.396699
 1.55927
0.710271
0.483007
 0.39573
0.199012
0.396699
 1.55927
0.710271
0.483007
 0.39615
0.199022
 0.39692
  1.5563
0.710209
0.484273
 0.39615
0.199022
 0.39692
  1.5563
0.710209
0.484273
0.397255
0.199051
0.397506
 1.54856
0.709882
0.487434
0.397255
0.199051
0.397506
 1.54856
0.709882
0.487434
0.397893
0.199134
0.397862
 1.54344
0.709841
0.489139
0.397893
0.199134
0.397862
 1.54344
0.709841
0.489139
0.398169
0.199146
0.398012
 1.54147
0.709463
0.490314
0.398169
0.199146
0.398012
 1.54147
0.709463
0.490314
0.398918
0.199153
0.398413
 1.53491
0.708787
0.492709
0.398918
0.199153
0.398413
 1.53491
0.708787
0.492709
0.399321
0.199108
 0.39862
 1.53027
0.708795
0.494095
0.399321
0.199108
 0.39862
 1.53027
0.708795
0.494095
0.399488
0.199064
0.398701
 1.52828
 0.70785
0.494658
0.399488
0.199064
0.398701
 1.52828
 0.70785
0.494658
 0.39978
0.199158
0.398894
 1.52295
0.706676
0.496112
 0.39978
0.199158
0.398894
 1.52295
0.706676
0.496112
 0.39987
0.199192
0.398876
 1.52108
 0.70626
0.496667
 0.39987
0.199192
0.398876
 1.52108
 0.70626
0.496667
0.399879
0.199193
0.398984
 1.51611
0.704832
0.497388
0.399879
0.199193
0.398984
 1.51611
0.704832
0.497388
0.399879
0.199193
0.398984
 1.51611
0.704832
0.497388
0.399877
0.199209
0.398978
 1.51453
0.704382
0.497608
0.399884
0.199347
0.399087
 1.51105
0.703556
0.498057
0.399884
0.199347
0.399087
 1.51105
0.703556
0.498057
0.399843
0.199429
0.399087
 1.50992
0.703392
0.498023
0.399843
0.199429
0.399087
 1.50992
0.703392
0.498023
0.399856
0.199729
0.399278
 1.50776
0.703217
0.498272
0.399856
0.199729
0.399278
 1.50776
0.703217
0.498272
0.399866
0.199943
0.399403
  1.5066
0.703132
0.498425
0.399866
0.199943
0.399403
  1.5066
0.703132
0.498425
0.399876
0.200058
0.399472
 1.50597
0.703158
0.498427
0.399876
0.200058
0.399472
 1.50597
0.703158
0.498427
0.399915
0.200433
0.399702
 1.50489
0.703052
0.498847
0.399915
0.200433
0.399702
 1.50489
0.703052
0.498847
0.399898
0.200804
0.399885
 1.50407
0.703259
0.498943
0.399898
0.200804
0.399885
 1.50407
0.703259
0.498943
0.399916
0.200954
0.399977
 1.50359
0.703319
0.499013
0.399916
0.200954
0.399977
 1.50359
0.703319
0.499013
0.399901
0.201602
0.400304
 1.50268
0.703619
 0.49938
0.399901
0.201602
0.400304
 1.50268
0.703619
 0.49938
0.399902
0.202073
0.400549
 1.50202
0.703841
0.499673
0.399902
0.202073
0.400549
 1.50202
0.703841
0.499673
0.399927
0.202283
0.400676
 1.50154
0.703939
  0.4998
0.399927
0.202283
0.400676
 1.50154
0.703939
  0.4998
0.399904
0.203123
0.401093
 1.50066
 0.70424
0.500476
0.399904
0.203123
0.401093
 1.50066
 0.70424
0.500476
0.399904
0.203705
0.401393
 1.49992
0.704413
0.501005
0.399904
0.203705
0.401393
 1.49992
0.704413
0.501005
0.399927
0.203977
 0.40155
 1.49959
0.704412
0.501375
0.399927
0.203977
 0.40155
 1.49959
0.704412
0.501375
0.399905
0.204986
0.402052
 1.49828
  0.7047
0.502277
0.399905
0.204986
0.402052
 1.49828
  0.7047
0.502277
0.399922
0.205303
0.402226
 1.49783
 0.70469
 0.50274
0.399922
0.205303
0.402226
 1.49783
 0.70469
 0.50274
0.399905
0.206422
0.402786
 1.49634
0.704879
0.503918
0.399905
0.206422
0.402786
 1.49634
0.704879
0.503918
0.399938
0.207159
0.403186
 1.49691
0.705137
0.504968
0.399938
0.207159
0.403186
 1.49691
0.705137
0.504968
0.399904
0.207618
0.403396
 1.49472
0.704965
0.505362
0.399904
0.207618
0.403396
 1.49472
0.704965
0.505362
0.399914
0.208882
0.404047
 1.49274
0.704893
0.507009
0.399914
0.208882
0.404047
 1.49274
0.704893
0.507009
0.399917
0.209321
0.404273
 1.49206
0.704845
0.507672
0.399917
0.209321
0.404273
 1.49206
0.704845
0.507672
0.399928
0.210213
0.404734
 1.49078
0.704718
0.508962
0.399928
0.210213
0.404734
 1.49078
0.704718
0.508962
0.399934
 0.21167
 0.40548
  1.4886
0.704543
0.511104
0.399934
 0.21167
 0.40548
  1.4886
0.704543
0.511104
0.399929
0.212692
0.405995
 1.48701
0.704396
0.512591
0.399929
0.212692
0.405995
 1.48701
0.704396
0.512591
0.399923
0.213222
 0.40626
 1.48617
0.704318
 0.51336
0.399923
0.213222
 0.40626
 1.48617
0.704318
 0.51336
 0.39991
0.214311
0.406804
 1.48447
0.704142
0.514907
 0.39991
0.214311
0.406804
 1.48447
0.704142
0.514907
0.399869
0.216076
 0.40767
 1.48155
0.703885
0.517458
0.399869
0.216076
 0.40767
 1.48155
0.703885
0.517458
0.399849
0.216703
0.407975
 1.48048
0.703805
0.518372
0.399849
0.216703
0.407975
 1.48048
0.703805
0.518372
0.399879
0.217863
0.408583
 1.47866
0.703369
0.520345
0.399879
0.217863
0.408583
 1.47866
0.703369
0.520345
0.399872
0.219741
0.409529
  1.4754
0.702717
0.523509
0.399872
0.219741
0.409529
  1.4754
0.702717
0.523509
0.399832
0.220449
0.409861
  1.4741
0.702613
0.524516
0.399832
0.220449
0.409861
  1.4741
0.702613
0.524516
0.399863
0.222398
0.410868
 1.47082
0.701792
0.527902
0.399863
0.222398
0.410868
 1.47082
0.701792
0.527902
 0.39986
0.223099
 0.41122
 1.46954
0.701529
0.529126
 0.39986
0.223099
 0.41122
 1.46954
0.701529
0.529126
0.399856
0.224502
0.411926
 1.46713
0.701003
 0.53143
0.399856
0.224502
0.411926
 1.46713
0.701003
 0.53143
0.399845
0.226695
0.413027
 1.46308
0.700087
0.535255
0.399845
0.226695
0.413027
 1.46308
0.700087
0.535255
 0.39984
0.227458
 0.41341
 1.46161
0.699764
0.536626
 0.39984
0.227458
 0.41341
 1.46161
0.699764
0.536626
0.399831
0.229776
0.414574
 1.45749
0.698803
0.540524
0.399831
0.229776
0.414574
 1.45749
0.698803
0.540524
0.399824
0.231367
0.415372
 1.45336
0.699699
0.542966
0.399824
0.231367
0.415372
 1.45336
0.699699
0.542966
 0.39982
0.232183
0.415781
 1.45302
0.697696
0.544741
 0.39982
0.232183
0.415781
 1.45302
0.697696
0.544741
0.399809
0.234672
 0.41703
 1.44859
0.696261
 0.54913
0.399809
0.234672
 0.41703
 1.44859
0.696261
 0.54913
  0.3998
0.236384
0.417887
 1.44529
0.695409
0.552216
  0.3998
0.236384
0.417887
 1.44529
0.695409
0.552216
0.399796
0.237261
0.418326
 1.44359
0.694988
0.553788
0.399796
0.237261
0.418326
 1.44359
0.694988
0.553788
0.399783
0.239931
0.419663
 1.43848
0.693649
0.558565
0.399783
0.239931
0.419663
 1.43848
0.693649
0.558565
0.399292
0.241658
0.420125
 1.43856
0.693155
0.560334
0.399292
0.241658
0.420125
 1.43856
0.693155
0.560334
0.399767
0.242702
0.421049
   1.433
0.692177
0.563657
0.399767
0.242702
0.421049
   1.433
0.692177
0.563657
 0.39976
0.245548
0.422477
 1.42685
0.690547
0.569078
 0.39976
0.245548
0.422477
 1.42685
0.690547
0.569078
0.399747
0.247494
0.423449
 1.42294
0.689407
0.572737
0.399747
0.247494
0.423449
 1.42294
0.689407
0.572737
0.399737
0.249479
0.424441
 1.41653
0.689578
0.574694
0.399737
0.249479
0.424441
 1.41653
0.689578
0.574694
 0.39973
0.250497
0.424949
 1.41711
0.687693
0.578231
 0.39973
0.250497
0.424949
 1.41711
0.687693
0.578231
0.399713
0.253542
0.426468
 1.41133
0.685544
0.584278
0.399713
0.253542
0.426468
 1.41133
0.685544
0.584278
0.399698
 0.25558
0.427483
 1.40691
0.684094
 0.58839
0.399698
 0.25558
0.427483
 1.40691
0.684094
 0.58839
0.399691
0.256599
 0.42799
 1.40463
0.683335
0.590488
0.399691
0.256599
 0.42799
 1.40463
0.683335
0.590488
0.399673
0.259643
0.429507
 1.39784
0.680946
 0.59682
0.399673
0.259643
0.429507
 1.39784
0.680946
 0.59682
0.399658
0.261681
 0.43052
 1.39309
0.679233
0.601235
0.399658
0.261681
 0.43052
 1.39309
0.679233
0.601235
0.399651
  0.2627
0.431027
 1.39069
0.678344
0.603481
0.399651
  0.2627
0.431027
 1.39069
0.678344
0.603481
0.399641
0.264725
0.432036
 1.38603
0.676576
0.607876
0.399641
0.264725
0.432036
 1.38603
0.676576
0.607876
0.399614
0.267794
0.433556
 1.37851
0.673714
0.614914
0.399614
0.267794
0.433556
 1.37851
0.673714
0.614914
0.399602
0.268826
0.434065
 1.37584
0.672708
0.617374
0.399602
0.268826
0.434065
 1.37584
0.672708
0.617374
0.399585
0.271868
0.435578
 1.36865
0.669853
0.624215
0.399585
0.271868
0.435578
 1.36865
0.669853
0.624215
0.398616
0.273059
0.436861
 1.36879
0.666592
0.626692
0.398616
0.273059
0.436861
 1.36879
0.666592
0.626692
0.399563
0.274923
0.437093
 1.36122
0.666892
0.631251
0.399563
0.274923
0.437093
 1.36122
0.666892
0.631251
0.399565
 0.27697
 0.43809
 1.35563
0.665174
0.636079
0.399565
 0.27697
 0.43809
 1.35563
0.665174
0.636079
0.399537
0.280037
0.439606
 1.34802
0.662061
0.643328
0.399537
0.280037
0.439606
 1.34802
0.662061
0.643328
0.399524
0.281069
0.440113
 1.34533
0.660978
 0.64583
0.399524
0.281069
0.440113
 1.34533
0.660978
 0.64583
0.399514
 0.28309
0.441119
 1.34062
0.658957
0.650421
0.399514
 0.28309
0.441119
 1.34062
0.658957
0.650421
0.399486
0.286154
0.442634
 1.33343
0.655704
0.657706
0.399486
0.286154
0.442634
 1.33343
0.655704
0.657706
0.399471
0.288188
0.443641
  1.3281
0.653709
0.662399
0.399471
0.288188
0.443641
  1.3281
0.653709
0.662399
 0.39851
0.289256
0.444967
 1.32871
0.650226
 0.66517
 0.39851
0.289256
0.444967
 1.32871
0.650226
 0.66517
0.399453
0.291224
0.445149
 1.32086
0.650639
0.669401
0.399453
0.291224
0.445149
 1.32086
0.650639
0.669401
0.399446
0.294285
0.446646
 1.31362
0.647594
0.676763
0.399446
0.294285
0.446646
 1.31362
0.647594
0.676763
0.399429
0.296318
0.447652
 1.30814
0.645589
0.681471
0.399429
0.296318
0.447652
 1.30814
0.645589
0.681471
0.398034
0.297772
0.449098
 1.30698
0.643009
0.682531
0.398034
0.297772
0.449098
 1.30698
0.643009
0.682531
0.399411
0.299351
0.449159
 1.30039
0.642547
0.688445
0.399411
0.299351
0.449159
 1.30039
0.642547
0.688445
0.399411
0.302407
0.450651
 1.29391
0.639163
0.696207
0.399411
0.302407
0.450651
 1.29391
0.639163
0.696207
0.399394
0.304438
0.451657
 1.28842
0.637125
 0.70091
0.399394
0.304438
0.451657
 1.28842
0.637125
 0.70091
0.399386
0.305452
 0.45216
  1.2849
0.636289
0.703108
0.399386
0.305452
 0.45216
  1.2849
0.636289
0.703108
0.399366
0.308481
0.453667
 1.27932
0.632681
0.710468
0.399366
0.308481
0.453667
 1.27932
0.632681
0.710468
0.399349
0.310509
0.454673
 1.27393
0.630605
 0.71519
0.399349
0.310509
0.454673
 1.27393
0.630605
 0.71519
 0.39934
0.311522
0.455177
 1.26993
0.629887
0.717302
 0.39934
0.311522
0.455177
 1.26993
0.629887
0.717302
0.399321
0.314547
0.456684
 1.26464
0.626172
0.724819
0.399321
0.314547
0.456684
 1.26464
0.626172
0.724819
0.399304
0.316573
 0.45769
 1.25919
0.624098
 0.72956
0.399304
0.316573
 0.45769
 1.25919
0.624098
 0.72956
0.399295
0.317585
0.458193
 1.25475
0.623488
0.731575
0.399295
0.317585
0.458193
 1.25475
0.623488
0.731575
0.399277
0.320605
  0.4597
 1.24974
0.619669
0.739228
0.399277
0.320605
  0.4597
 1.24974
0.619669
0.739228
 0.39926
0.322627
0.460707
 1.24423
0.617588
0.743976
 0.39926
0.322627
0.460707
 1.24423
0.617588
0.743976
 0.39925
0.324634
0.461711
 1.23917
0.615507
0.748678
 0.39925
0.324634
0.461711
 1.23917
0.615507
0.748678
0.399243
0.325644
0.462214
  1.2344
0.614975
 0.75059
0.399243
0.325644
0.462214
  1.2344
0.614975
 0.75059
0.399227
0.328657
0.463721
 1.22966
0.611021
0.758425
0.399227
0.328657
0.463721
 1.22966
0.611021
0.758425
0.399213
0.330672
0.464728
 1.22403
 0.60892
0.763176
0.399213
0.330672
0.464728
 1.22403
 0.60892
0.763176
0.399206
0.332674
0.465731
  1.2113
0.612799
0.763552
0.399206
0.332674
0.465731
  1.2113
0.612799
0.763552
  0.3992
 0.33368
0.466234
 1.21403
0.606377
0.769876
  0.3992
 0.33368
0.466234
 1.21403
0.606377
0.769876
0.399189
0.336685
 0.46774
 1.21024
0.601382
0.778223
0.399189
0.336685
 0.46774
 1.21024
0.601382
0.778223
 0.39918
0.338694
0.468746
 1.19647
0.605798
0.778417
 0.39918
0.338694
0.468746
 1.19647
0.605798
0.778417
0.399178
0.340689
0.469748
 1.19968
0.596847
0.787875
0.399178
0.340689
0.469748
 1.19968
0.596847
0.787875
0.399175
0.341692
 0.47025
 1.19546
0.595804
0.789996
0.399175
0.341692
 0.47025
 1.19546
0.595804
0.789996
0.399176
0.343685
0.471251
 1.19023
0.593826
0.794678
0.399176
0.343685
0.471251
 1.19023
0.593826
0.794678
0.399172
0.346694
0.472756
  1.1841
0.590086
0.802613
0.399172
0.346694
0.472756
  1.1841
0.590086
0.802613
0.399174
0.348692
0.473757
 1.17684
0.588392
0.806886
0.399187
0.350694
0.474764
 1.17687
0.590648
0.811356
0.399187
0.350694
0.474764
 1.17687
0.590648
0.811356
0.399268
0.352599
0.475762
 1.16714
0.583972
0.816955
0.399268
0.352599
0.475762
 1.16714
0.583972
0.816955
 0.39927
0.354554
0.476738
 1.15254
  0.5882
0.814794
 0.39927
0.354554
0.476738
 1.15254
  0.5882
0.814794
0.399278
0.355504
0.477218
 1.15953
0.580114
0.824754
0.399278
0.355504
0.477218
 1.15953
0.580114
0.824754
0.399242
0.358391
0.478631
 1.15268
0.576293
0.833124
0.399242
0.358391
0.478631
 1.15268
0.576293
0.833124
0.399259
0.360209
0.479546
 1.14747
0.574073
0.838065
0.399259
0.360209
0.479546
 1.14747
0.574073
0.838065
0.399268
0.361101
0.479996
 1.14515
0.573124
0.840489
0.399268
0.361101
0.479996
 1.14515
0.573124
0.840489
0.399287
0.362864
 0.48088
    1.14
0.570906
0.845595
0.399287
0.362864
 0.48088
    1.14
0.570906
0.845595
 0.39932
0.365444
0.482167
 1.13183
0.567216
0.853461
 0.39932
0.365444
0.482167
 1.13183
0.567216
0.853461
0.399338
0.367101
0.483001
 1.12719
0.565165
0.858333
0.399338
0.367101
0.483001
 1.12719
0.565165
0.858333
0.399346
0.367912
0.483411
 1.12499
0.564198
0.860694
0.399346
0.367912
0.483411
 1.12499
0.564198
0.860694
0.399366
0.369513
0.484214
 1.12015
0.561976
0.865658
0.399366
0.369513
0.484214
 1.12015
0.561976
0.865658
0.399401
0.371848
 0.48538
 1.11251
0.558357
0.873259
0.399401
0.371848
 0.48538
 1.11251
0.558357
0.873259
0.399418
0.373344
0.486134
 1.10819
0.556365
0.877903
0.399418
0.373344
0.486134
 1.10819
0.556365
0.877903
0.399425
0.374075
0.486504
 1.10615
0.555429
 0.88014
0.399425
0.374075
0.486504
 1.10615
0.555429
 0.88014
0.399456
0.376224
0.487581
 1.09923
0.552119
0.887303
0.399456
0.376224
0.487581
 1.09923
0.552119
0.887303
0.399472
  0.3776
0.488276
 1.09011
0.555466
0.889107
0.399472
  0.3776
0.488276
 1.09011
0.555466
0.889107
0.399478
0.378271
0.488616
 1.09355
 0.54887
0.894053
0.399478
0.378271
0.488616
 1.09355
 0.54887
0.894053
0.399506
0.380239
0.489604
 1.08733
0.545353
0.901023
0.399506
0.380239
0.489604
 1.08733
0.545353
0.901023
0.399512
 0.38087
0.489924
 1.08544
0.544536
0.903047
0.399512
 0.38087
0.489924
 1.08544
0.544536
0.903047
0.399539
0.382718
0.490854
  1.0791
0.541667
0.909538
0.399539
0.382718
0.490854
  1.0791
0.541667
0.909538
0.399552
0.383894
0.491449
 1.07536
0.539975
0.913532
0.399552
0.383894
0.491449
 1.07536
0.539975
0.913532
0.398864
  0.3841
0.492587
  1.0714
0.538198
0.913141
0.398864
  0.3841
0.492587
  1.0714
0.538198
0.913141
0.399577
0.385589
0.492296
 1.06996
0.537478
0.919633
0.399577
0.385589
0.492296
 1.06996
0.537478
0.919633
0.399607
0.387203
  0.4931
 1.06422
0.534728
0.925891
0.399607
0.387203
  0.4931
 1.06422
0.534728
0.925891
0.399618
 0.38822
0.493616
 1.06086
0.533138
0.929478
0.399618
 0.38822
0.493616
 1.06086
0.533138
0.929478
0.399629
0.389196
0.494112
 1.05757
0.531565
0.933002
0.399629
0.389196
0.494112
 1.05757
0.531565
0.933002
0.399633
0.389667
0.494352
 1.05603
0.530827
0.934682
0.399633
0.389667
0.494352
 1.05603
0.530827
0.934682
0.399652
0.391034
0.495045
 1.05093
0.528325
0.940068
0.399652
0.391034
0.495045
 1.05093
0.528325
0.940068
0.399661
 0.39189
0.495481
 1.04507
0.529781
0.939001
0.399661
 0.39189
0.495481
 1.04507
0.529781
0.939001
 0.39967
0.392707
0.495898
 1.04543
0.524945
0.947165
 0.39967
0.392707
0.495898
 1.04543
0.524945
0.947165
0.399678
0.393484
0.496294
 1.04254
0.523604
0.950192
0.399678
0.393484
0.496294
 1.04254
0.523604
0.950192
0.399426
0.393384
0.497064
 1.04082
0.521964
0.951371
0.399426
0.393384
0.497064
 1.04082
0.521964
0.951371
0.399693
 0.39458
0.496845
 1.03835
0.521674
0.954678
0.399693
 0.39458
0.496845
 1.03835
0.521674
0.954678
0.399711
0.395593
0.497353
 1.03403
0.519605
0.959275
0.399711
0.395593
0.497353
 1.03403
0.519605
0.959275
0.399718
 0.39621
 0.49767
 1.03159
0.518382
0.961945
0.399718
 0.39621
 0.49767
 1.03159
0.518382
0.961945
0.399653
 0.39657
 0.49782
 1.03062
0.517809
0.963208
0.399653
 0.39657
 0.49782
 1.03062
0.517809
0.963208
0.399734
0.397326
0.498244
 1.02674
0.515909
0.967247
0.399734
0.397326
0.498244
 1.02674
0.515909
0.967247
 0.39974
0.397823
0.498501
  1.0246
0.514795
0.969661
 0.39974
0.397823
0.498501
  1.0246
0.514795
0.969661
0.399746
 0.39828
0.498737
 1.02255
0.513711
0.971996
0.399746
 0.39828
0.498737
 1.02255
0.513711
0.971996
0.399696
0.398546
0.498847
 1.02173
0.513205
0.973093
0.399696
0.398546
0.498847
 1.02173
0.513205
0.973093
 0.39976
0.399076
0.499151
 1.01852
0.511547
0.976582
 0.39976
0.399076
0.499151
 1.01852
0.511547
0.976582
 0.39964
0.399015
0.499525
 1.01749
0.510586
 0.97747
 0.39964
0.399015
0.499525
 1.01749
0.510586
 0.97747
0.399723
0.399616
0.499405
 1.01602
0.510123
0.979686
0.399723
0.399616
0.499405
 1.01602
0.510123
0.979686
0.399779
0.399976
0.499615
 1.01326
0.508655
  0.9828
0.399779
0.399976
0.499615
 1.01326
0.508655
  0.9828
0.399784
0.400193
0.499731
 1.01182
0.507805
0.984553
0.399784
0.400193
0.499731
 1.01182
0.507805
0.984553
0.399748
0.400324
0.499781
 1.01125
0.507411
0.985367
0.399748
0.400324
0.499781
 1.01125
0.507411
0.985367
0.399791
0.400443
0.499867
 1.00978
0.506578
0.987057
0.399791
0.400443
0.499867
 1.00978
0.506578
0.987057
0.399798
0.400605
0.499959
  1.0078
0.505337
0.989532
0.399798
0.400605
0.499959
  1.0078
0.505337
0.989532
0.399806
0.400711
0.499916
 1.00737
0.505113
0.990226
0.399806
0.400711
0.499916
 1.00737
0.505113
0.990226
0.399804
0.400674
0.500004
 1.00622
0.504296
 0.99158
0.399804
0.400674
0.500004
 1.00622
0.504296
 0.99158
0.399797
0.400679
0.500016
 1.00466
 0.50338
0.993468
0.399797
0.400679
0.500016
 1.00466
 0.50338
0.993468
0.399684
0.400544
0.500114
 1.00414
 0.50294
0.993847
0.399684
0.400544
0.500114
 1.00414
 0.50294
0.993847
0.399485
 0.40063
0.499835
 1.00187
0.502377
 0.99403
0.399485
 0.40063
0.499835
 1.00187
0.502377
 0.99403
0.399257
0.400553
0.499687
0.999897
0.502146
0.993563
0.399257
0.400553
0.499687
0.999897
0.502146
0.993563
0.398798
0.400616
0.499493
0.998398
0.501414
 0.99249
0.398798
0.400616
0.499493
0.998398
0.501414
 0.99249
0.398639
0.400544
 0.49938
0.996868
0.501654
0.992181
0.398639
0.400544
 0.49938
0.996868
0.501654
0.992181
 0.39805
0.400598
0.499117
0.994558
0.501246
0.990734
 0.39805
0.400598
0.499117
0.994558
0.501246
0.990734
0.397085
 0.40058
0.498631
0.990223
0.500375
0.987746
0.397085
 0.40058
0.498631
0.990223
0.500375
0.987746
0.396725
0.400574
 0.49845
0.988834
0.500063
0.986533
0.396725
0.400574
 0.49845
0.988834
0.500063
0.986533
0.395926
0.400563
0.498048
0.985665
0.499296
0.984242
0.395926
0.400563
0.498048
0.985665
0.499296
0.984242
0.394548
0.400545
0.497355
0.980292
0.497873
0.979848
0.394548
0.400545
0.497355
0.980292
0.497873
0.979848
0.394052
 0.40054
0.497106
0.978582
0.497349
0.978298
0.394052
 0.40054
0.497106
0.978582
0.497349
0.978298
0.392397
0.400523
0.496275
0.972558
0.495338
0.973138
0.392397
0.400523
0.496275
0.972558
0.495338
0.973138
0.391199
0.400512
0.495673
0.968623
0.493963
0.969521
0.391199
0.400512
0.495673
0.968623
0.493963
0.969521
0.389903
0.400501
0.495023
 0.96432
0.492258
0.965561
0.389903
0.400501
0.495023
 0.96432
0.492258
0.965561
0.389226
0.400496
0.494684
0.962168
0.491368
0.963763
0.389226
0.400496
0.494684
0.962168
0.491368
0.963763
0.387782
0.400485
0.493959
 0.95735
 0.48928
 0.95933
0.387782
0.400485
0.493959
 0.95735
 0.48928
 0.95933
0.385419
 0.40047
0.492771
0.949365
0.485571
0.951986
0.385419
 0.40047
0.492771
0.949365
0.485571
0.951986
0.384607
0.400465
0.492364
0.946934
0.484388
0.949682
0.384607
0.400465
0.492364
0.946934
0.484388
0.949682
0.382888
0.400455
0.491501
0.941516
0.481651
0.944361
0.382888
0.400455
0.491501
0.941516
0.481651
0.944361
0.380106
0.400441
0.490103
0.932594
0.476887
0.935818
0.380106
0.400441
0.490103
0.932594
0.476887
0.935818
0.379158
0.400437
0.489628
0.929889
0.475393
0.933224
0.379158
0.400437
0.489628
0.929889
0.475393
0.933224
0.376115
0.400423
0.488098
0.920589
0.470035
0.924237
0.376115
0.400423
0.488098
0.920589
0.470035
0.924237
   0.374
0.400414
0.487037
0.914521
0.466399
0.918425
   0.374
0.400414
0.487037
0.914521
0.466399
0.918425
0.371794
0.400405
0.485931
0.908209
0.462499
0.912178
0.371794
0.400405
0.485931
0.908209
0.462499
0.912178
0.370666
0.400401
0.485366
0.905087
0.460532
0.909163
0.370666
0.400401
0.485366
0.905087
0.460532
0.909163
0.368303
0.400393
0.484179
0.898199
0.456078
0.902366
0.368303
0.400393
0.484179
0.898199
0.456078
0.902366
0.364544
0.400384
0.482286
0.887009
 0.44856
0.891315
0.364544
0.400384
0.482286
0.887009
 0.44856
0.891315
0.363282
 0.40038
0.481654
0.883646
0.446266
0.888041
0.363282
 0.40038
0.481654
0.883646
0.446266
0.888041
0.360645
0.400372
0.480329
0.876237
0.441088
0.880638
0.360645
0.400372
0.480329
0.876237
0.441088
0.880638
0.356473
0.400363
0.478225
0.864232
0.432403
0.868657
0.356473
0.400363
0.478225
0.864232
0.432403
0.868657
0.355074
0.400362
0.477525
0.860618
0.429769
0.865117
0.355074
0.400362
0.477525
0.860618
0.429769
0.865117
 0.35065
0.400353
0.475297
 0.84836
0.420538
0.852734
 0.35065
0.400353
0.475297
 0.84836
0.420538
0.852734
0.347638
0.400347
0.473784
0.840477
0.414465
0.844804
0.347638
0.400347
0.473784
0.840477
0.414465
0.844804
0.346137
0.400343
0.473032
0.836701
0.411441
0.841079
0.346137
0.400343
0.473032
0.836701
0.411441
0.841079
0.341534
0.400337
0.470711
0.824448
0.400966
0.828514
0.341534
0.400337
0.470711
0.824448
0.400966
0.828514
0.340034
0.400334
 0.46996
0.820835
0.397746
0.824883
0.340034
0.400334
 0.46996
0.820835
0.397746
0.824883
0.335438
0.400329
0.467642
0.808869
 0.38691
0.812658
0.335438
0.400329
0.467642
0.808869
 0.38691
0.812658
0.332418
0.400323
0.466125
0.801803
0.379731
0.805388
0.332418
0.400323
0.466125
0.801803
0.379731
0.805388
0.330875
0.400357
0.465375
0.798565
 0.37618
0.801879
0.330875
0.400357
0.465375
0.798565
 0.37618
0.801879
 0.32791
 0.40029
0.463843
0.790861
 0.36872
0.793985
 0.32791
 0.40029
0.463843
0.790861
 0.36872
0.793985
0.323271
0.400314
 0.46151
0.779421
0.356689
0.781967
0.323271
0.400314
 0.46151
0.779421
0.356689
0.781967
0.320318
 0.40026
0.459997
0.772216
0.349482
0.774792
0.320318
 0.40026
0.459997
0.772216
0.349482
0.774792
 0.31724
0.400307
0.458483
0.767867
0.342481
0.768349
 0.31724
0.400307
0.458483
0.767867
0.342481
0.768349
0.315746
0.400302
0.457735
0.762105
0.338273
0.764163
0.315746
0.400302
0.457735
0.762105
0.338273
0.764163
0.312709
0.400301
0.456205
0.754772
0.330375
0.756404
0.312709
0.400301
0.456205
0.754772
0.330375
0.756404
0.308116
0.400302
0.453876
0.743642
0.317933
0.744636
0.308116
0.400302
0.453876
0.743642
0.317933
0.744636
0.305034
0.400353
0.452366
0.739533
0.310921
0.738301
0.305034
0.400353
0.452366
0.739533
0.310921
0.738301
0.303614
0.400294
0.451618
0.733458
0.306737
0.734195
0.303614
0.400294
0.451618
0.733458
0.306737
0.734195
0.299051
0.400292
 0.44931
0.722523
0.294492
0.722626
0.299051
0.400292
 0.44931
0.722523
0.294492
0.722626
0.296045
0.400288
0.447801
 0.71585
0.286885
0.715547
0.296045
0.400288
0.447801
 0.71585
0.286885
0.715547
 0.29449
 0.40033
0.447054
0.712774
0.283209
0.712207
 0.29449
 0.40033
0.447054
0.712774
0.283209
0.712207
0.291528
0.400282
0.445528
0.705635
0.275214
0.704716
0.291528
0.400282
0.445528
0.705635
0.275214
0.704716
0.286952
0.400283
0.443205
0.694694
 0.26258
0.693079
0.286952
0.400283
0.443205
0.694694
 0.26258
0.693079
0.286241
0.400885
0.441406
0.691138
0.260983
0.689499
0.286241
0.400885
0.441406
0.691138
0.260983
0.689499
0.282433
0.400272
0.440943
 0.68461
0.250821
 0.68239
0.282433
0.400272
0.440943
 0.68461
0.250821
 0.68239
0.277857
0.400268
 0.43863
0.673778
0.238115
0.670872
0.277857
0.400268
 0.43863
0.673778
0.238115
0.670872
0.274858
0.400264
0.437125
0.669903
0.231087
0.664775
0.274858
0.400264
0.437125
0.669903
0.231087
0.664775
0.273368
0.400262
0.436379
0.663751
0.226876
0.660409
0.273368
0.400262
0.436379
0.663751
0.226876
0.660409
0.268825
 0.40026
0.434078
0.652796
0.214725
0.649053
0.268825
 0.40026
0.434078
0.652796
0.214725
0.649053
0.265828
0.400256
0.432573
0.646364
0.206977
0.642054
0.265828
0.400256
0.432573
0.646364
0.206977
0.642054
0.264338
0.400253
0.431828
0.643156
0.203293
0.638644
0.264338
0.400253
0.431828
0.643156
0.203293
0.638644
0.261324
0.400251
0.430307
0.636233
0.195297
0.631282
0.261324
0.400251
0.430307
0.636233
0.195297
0.631282
0.256769
0.400251
 0.42799
0.625404
 0.18262
0.619707
0.256769
0.400251
 0.42799
0.625404
 0.18262
0.619707
0.253774
0.400247
0.426486
0.618716
0.175047
0.612667
0.253774
0.400247
0.426486
0.618716
0.175047
0.612667
0.252069
0.401496
0.424692
0.613917
0.172233
0.605532
0.252069
0.401496
0.424692
0.613917
0.172233
0.605532
0.249277
0.400228
0.424236
 0.60867
  0.1633
 0.60219
0.249277
0.400228
0.424236
 0.60867
  0.1633
 0.60219
0.246268
0.400214
 0.42272
0.601616
0.154933
0.594875
0.246268
0.400214
 0.42272
0.601616
0.154933
0.594875
0.241904
0.400215
  0.4205
0.591293
 0.14254
0.583907
0.241904
0.400215
  0.4205
0.591293
 0.14254
0.583907
0.239148
0.400211
0.419118
0.585381
 0.13523
0.577664
0.239148
0.400211
0.419118
0.585381
 0.13523
0.577664
0.237811
0.400209
0.418451
 0.58261
0.132006
0.575165
0.237811
0.400209
0.418451
 0.58261
0.132006
0.575165
0.235177
0.400206
0.417125
0.576777
0.124516
0.568866
0.235177
0.400206
0.417125
0.576777
0.124516
0.568866
0.231371
0.400205
0.415195
0.568089
0.112974
0.559726
0.231371
0.400205
0.415195
0.568089
0.112974
0.559726
0.230697
0.400374
0.414139
0.564998
0.110739
0.556938
0.230697
0.400374
0.414139
0.564998
0.110739
0.556938
0.227807
0.400199
0.413416
0.560581
0.102772
0.551949
0.227807
0.400199
0.413416
0.560581
0.102772
0.551949
 0.224424
 0.400195
 0.411711
 0.553178
0.0924259
 0.544348
 0.224424
 0.400195
 0.411711
 0.553178
0.0924259
 0.544348
 0.223814
 0.400313
 0.410817
 0.550463
0.0902804
 0.542144
 0.223814
 0.400313
 0.410817
 0.550463
0.0902804
 0.542144
 0.221271
 0.400188
  0.41014
 0.546607
0.0831667
 0.537636
 0.221271
 0.400188
  0.41014
 0.546607
0.0831667
 0.537636
 0.219264
 0.400185
 0.409135
 0.542138
0.0768623
 0.533158
 0.219264
 0.400185
 0.409135
 0.542138
0.0768623
 0.533158
 0.216437
 0.400183
 0.407712
 0.536022
0.0679821
 0.527034
 0.216437
 0.400183
 0.407712
 0.536022
0.0679821
 0.527034
 0.214682
 0.400179
 0.406839
 0.534177
0.0633708
 0.523783
 0.214682
 0.400179
 0.406839
 0.534177
0.0633708
 0.523783
 0.213843
 0.400177
 0.406423
 0.530534
0.0603801
 0.521829
 0.213843
 0.400177
 0.406423
 0.530534
0.0603801
 0.521829
 0.212216
 0.400175
 0.405611
 0.526949
0.0552326
 0.518435
 0.212216
 0.400175
 0.405611
 0.526949
0.0552326
 0.518435
 0.209938
 0.400171
  0.40447
 0.521908
0.0478469
 0.513684
 0.209938
 0.400171
  0.40447
 0.521908
0.0478469
 0.513684
 0.209234
 0.400169
 0.404122
 0.520649
0.0456894
  0.51243
 0.209234
 0.400169
 0.404122
 0.520649
0.0456894
  0.51243
0.207887
0.400167
0.403453
0.517978
 0.04143
0.509937
0.207887
0.400167
0.403453
0.517978
 0.04143
0.509937
 0.206013
 0.400163
 0.402519
 0.513512
0.0351135
 0.505922
 0.206013
 0.400163
 0.402519
 0.513512
0.0351135
 0.505922
 0.204892
  0.40016
 0.401965
 0.511238
0.0315053
 0.503857
 0.204892
  0.40016
 0.401965
 0.511238
0.0315053
 0.503857
 0.204368
 0.400158
 0.401708
 0.510219
0.0298344
 0.502915
 0.204368
 0.400158
 0.401708
 0.510219
0.0298344
 0.502915
 0.202912
 0.400154
 0.400988
 0.507181
0.0245863
 0.500277
 0.202912
 0.400154
 0.400988
 0.507181
0.0245863
 0.500277
 0.202062
 0.400151
 0.400571
 0.505453
0.0216409
 0.498682
 0.202062
 0.400151
 0.400571
 0.505453
0.0216409
 0.498682
 0.201618
 0.400093
 0.400465
 0.504612
0.0201752
 0.498328
 0.201618
 0.400093
 0.400465
 0.504612
0.0201752
 0.498328
0.200628
0.400147
0.399866
 0.50247
0.016232
0.496585
0.200628
0.400147
0.399866
 0.50247
0.016232
0.496585
0.200049
0.400144
0.399585
0.501327
0.013968
0.495809
0.200049
0.400144
0.399585
0.501327
0.013968
0.495809
 0.199858
 0.400067
 0.399507
 0.500617
0.0128566
 0.495543
 0.199858
 0.400067
 0.399507
 0.500617
0.0128566
 0.495543
 0.199349
 0.400141
 0.399247
 0.499974
0.0109424
 0.495027
 0.199349
 0.400141
 0.399247
 0.499974
0.0109424
 0.495027
   0.19883
  0.400121
  0.399031
  0.498983
0.00815249
  0.494704
   0.19883
  0.400121
  0.399031
  0.498983
0.00815249
  0.494704
  0.198605
  0.400111
  0.398942
  0.498643
0.00678574
  0.494798
  0.198605
  0.400111
  0.398942
  0.498643
0.00678574
  0.494798
  0.198531
  0.400186
  0.398903
  0.498625
0.00638546
   0.49487
  0.198531
  0.400186
  0.398903
  0.498625
0.00638546
   0.49487
  0.198472
  0.400137
  0.398828
   0.49857
0.00476726
  0.495633
  0.198472
  0.400137
  0.398828
   0.49857
0.00476726
  0.495633
  0.19856
 0.400093
 0.398828
 0.498505
0.0044152
 0.496206
  0.19856
 0.400093
 0.398828
 0.498505
0.0044152
 0.496206
   0.19849
  0.399885
  0.398592
  0.497522
0.00476384
  0.495817
   0.19849
  0.399885
  0.398592
  0.497522
0.00476384
  0.495817
  0.198478
  0.399698
   0.39844
  0.496831
0.00543261
  0.495586
  0.198478
  0.399698
   0.39844
  0.496831
0.00543261
  0.495586
  0.198585
  0.398837
  0.397649
  0.492325
0.00887026
  0.493214
  0.198585
  0.398837
  0.397649
  0.492325
0.00887026
  0.493214
 0.198599
 0.398473
 0.397298
 0.490545
0.0103288
 0.492103
 0.198599
 0.398473
 0.397298
 0.490545
0.0103288
 0.492103
 0.198641
 0.397091
 0.395955
 0.483143
0.0163246
 0.487158
 0.198641
 0.397091
 0.395955
 0.483143
0.0163246
 0.487158
 0.198655
 0.396547
 0.395422
 0.480454
0.0185112
  0.48526
 0.198655
 0.396547
 0.395422
 0.480454
0.0185112
  0.48526
 0.198695
 0.394611
 0.393527
 0.470006
0.0267284
 0.477616
 0.198695
 0.394611
 0.393527
 0.470006
0.0267284
 0.477616
 0.198708
 0.393885
 0.392813
 0.466418
0.0295585
 0.474892
 0.198708
 0.393885
 0.392813
 0.466418
0.0295585
 0.474892
 0.198746
 0.391395
 0.390366
 0.452929
0.0397296
 0.464418
 0.198746
 0.391395
 0.390366
 0.452929
0.0397296
 0.464418
  0.19877
 0.389524
 0.388522
  0.44334
0.0468997
 0.456721
  0.19877
 0.389524
 0.388522
  0.44334
0.0468997
 0.456721
 0.198782
 0.388527
 0.387536
 0.438374
0.0506001
 0.452664
 0.198782
 0.388527
 0.387536
 0.438374
0.0506001
 0.452664
0.198806
0.386368
0.385407
0.426834
0.058832
0.443156
0.198806
0.386368
0.385407
0.426834
0.058832
0.443156
0.198839
0.382749
0.381843
0.410218
0.070868
0.426482
0.198839
0.382749
0.381843
0.410218
0.070868
0.426482
 0.200116
 0.382447
 0.378951
 0.399439
0.0807141
 0.419287
 0.200116
 0.382447
 0.378951
 0.399439
0.0807141
 0.419287
 0.198865
 0.377314
 0.376507
 0.382851
0.0890192
  0.40194
 0.198865
 0.377314
 0.376507
 0.382851
0.0890192
  0.40194
0.198888
0.374349
0.373569
0.368135
0.098979
 0.38848
0.198888
0.374349
0.373569
0.368135
0.098979
 0.38848
 0.19891
0.371309
0.370556
0.362494
0.108237
0.383268
 0.19891
0.371309
0.370556
0.362494
0.108237
0.383268
 0.19892
0.369802
0.369059
0.335729
0.117074
0.365762
 0.19892
0.369802
0.369059
0.335729
0.117074
0.365762
 0.19895
0.365186
0.364493
0.318063
0.128393
0.342659
 0.19895
0.365186
0.364493
0.318063
0.128393
0.342659
0.198937
 0.36217
0.361481
0.302113
0.137845
0.327832
0.198937
 0.36217
0.361481
0.302113
0.137845
0.327832
0.198956
0.359137
0.358469
0.286396
0.146927
0.312809
0.198956
0.359137
0.358469
0.286396
0.146927
0.312809
0.198962
0.357634
0.356972
0.269254
0.154336
0.304038
0.198962
0.357634
0.356972
0.269254
0.154336
0.304038
0.199024
0.354555
0.353942
0.252866
0.162969
0.288067
0.199024
0.354555
0.353942
0.252866
0.162969
0.288067
0.199106
0.351443
0.350892
0.236488
0.171214
0.271505
0.199106
0.351443
0.350892
0.236488
0.171214
0.271505
0.199056
0.348407
0.347844
0.220565
0.179304
0.254924
0.199056
0.348407
0.347844
0.220565
0.179304
0.254924
0.198995
0.343836
0.343265
0.205184
0.187346
0.233035
0.198995
0.343836
0.343265
0.205184
0.187346
0.233035
0.199088
0.340766
0.340259
0.188619
0.195721
0.217595
0.199088
0.340766
0.340259
0.188619
0.195721
0.217595
0.199095
0.339265
0.338765
0.172483
0.203854
0.206207
0.199095
0.339265
0.338765
0.172483
0.203854
0.206207
0.199097
 0.33468
0.334216
0.155964
0.211789
0.185724
0.199097
 0.33468
0.334216
0.155964
0.211789
0.185724
0.199102
0.331662
0.331214
0.139357
0.220164
0.169739
0.199102
0.331662
0.331214
0.139357
0.220164
0.169739
 0.19916
0.330112
 0.32974
0.124804
0.228185
0.157067
 0.19916
0.330112
 0.32974
0.124804
0.228185
0.157067
0.199089
0.325594
0.325175
0.106422
0.236504
0.136873
0.199089
0.325594
0.325175
0.106422
0.236504
0.136873
 0.199089
   0.3226
 0.322186
0.0896872
 0.245011
 0.120149
 0.199089
   0.3226
 0.322186
0.0896872
 0.245011
 0.120149
 0.199094
 0.321164
 0.320753
0.0778765
 0.251739
 0.107164
 0.199094
 0.321164
 0.320753
0.0778765
 0.251739
 0.107164
 0.199081
 0.317075
 0.316655
0.0595306
 0.260469
0.0880824
 0.199081
 0.317075
 0.316655
0.0595306
 0.260469
0.0880824
 0.200479
 0.316017
 0.314324
0.0453442
 0.265435
0.0738862
 0.200479
 0.316017
 0.314324
0.0453442
 0.265435
0.0738862
 0.199076
 0.313429
 0.313013
0.0395724
 0.271319
 0.064746
 0.199076
 0.313429
 0.313013
0.0395724
 0.271319
 0.064746
 0.199062
 0.310162
 0.309736
  0.02509
 0.278726
0.0487255
 0.199062
 0.310162
 0.309736
  0.02509
 0.278726
0.0487255
 0.199074
 0.308235
  0.30781
0.0159387
 0.283628
0.0378479
 0.199074
 0.308235
  0.30781
0.0159387
 0.283628
0.0378479
 0.199081
 0.307343
 0.306921
0.0123028
 0.285665
0.0335157
 0.199081
 0.307343
 0.306921
0.0123028
 0.285665
0.0335157
  0.199096
  0.304917
  0.304492
0.00198887
  0.291268
  0.021269
  0.199096
  0.304917
  0.304492
0.00198887
  0.291268
  0.021269
  0.199111
  0.303541
  0.303121
0.00359222
  0.294066
 0.0169905
  0.199111
  0.303541
  0.303121
0.00359222
  0.294066
 0.0169905
  0.199119
   0.30292
  0.302504
-0.0058195
  0.295501
 0.0121506
  0.199119
   0.30292
  0.302504
-0.0058195
  0.295501
 0.0121506
  0.199139
  0.301308
  0.300896
-0.0121632
  0.299202
0.00407171
  0.199139
  0.301308
  0.300896
-0.0121632
  0.299202
0.00407171
   0.199155
   0.300468
   0.300064
 -0.0144161
   0.300921
0.000496818
   0.199155
   0.300468
   0.300064
 -0.0144161
   0.300921
0.000496818
    0.199164
    0.300118
    0.299718
  -0.0151657
    0.301585
-0.000951814
    0.199164
    0.300118
    0.299718
  -0.0151657
    0.301585
-0.000951814
   0.199187
   0.299328
   0.298939
 -0.0161925
   0.303093
-0.00418404
   0.199187
   0.299328
   0.298939
 -0.0161925
   0.303093
-0.00418404
   0.199203
   0.299033
   0.298651
 -0.0156284
   0.303426
-0.00502653
   0.199203
   0.299033
   0.298651
 -0.0156284
   0.303426
-0.00502653
   0.199118
   0.298953
   0.298639
 -0.0149764
   0.303304
-0.00500563
   0.199118
   0.298953
   0.298639
 -0.0149764
   0.303304
-0.00500563
   0.199206
   0.298906
   0.298567
  -0.011416
   0.302786
-0.00417401
   0.199206
   0.298906
   0.298567
  -0.011416
   0.302786
-0.00417401
   0.199262
   0.298946
   0.298631
-0.00986064
   0.302443
-0.00323136
   0.199262
   0.298946
   0.298631
-0.00986064
   0.302443
-0.00323136
   0.199253
   0.298924
    0.29866
-0.00886583
   0.302253
-0.00272517
   0.199253
   0.298924
    0.29866
-0.00886583
   0.302253
-0.00272517
   0.199383
   0.298994
   0.298642
-0.00692757
   0.302343
-0.00194573
   0.199383
   0.298994
   0.298642
-0.00692757
   0.302343
-0.00194573
    0.199528
    0.299025
    0.298682
 -0.00384194
    0.302455
-0.000157731
    0.199528
    0.299025
    0.298682
 -0.00384194
    0.302455
-0.000157731
    0.19953
   0.298986
    0.29872
-0.00287934
   0.302394
0.000416793
    0.19953
   0.298986
    0.29872
-0.00287934
   0.302394
0.000416793
     0.19979
    0.299065
    0.298734
-0.000187331
    0.303053
  0.00200797
     0.19979
    0.299065
    0.298734
-0.000187331
    0.303053
  0.00200797
   0.19995
  0.299084
  0.298759
0.00185879
   0.30349
0.00330911
   0.19995
  0.299084
  0.298759
0.00185879
   0.30349
0.00330911
   0.19996
  0.299026
   0.29881
 0.0028973
  0.303676
0.00422951
   0.19996
  0.299026
   0.29881
 0.0028973
  0.303676
0.00422951
  0.200333
  0.299122
  0.298806
0.00601234
  0.304729
 0.0063853
  0.200333
  0.299122
  0.298806
0.00601234
  0.304729
 0.0063853
  0.200553
   0.29914
   0.29883
0.00808784
  0.305461
0.00804134
  0.200553
   0.29914
   0.29883
0.00808784
  0.305461
0.00804134
  0.200429
  0.299158
  0.298895
0.00972841
  0.305691
 0.0091524
  0.200429
  0.299158
  0.298895
0.00972841
  0.305691
 0.0091524
 0.201059
 0.299175
 0.298874
0.0126456
 0.307293
0.0118438
 0.201059
 0.299175
 0.298874
0.0126456
 0.307293
0.0118438
 0.201339
 0.299191
 0.298896
0.0150485
 0.308288
0.0138718
 0.201339
 0.299191
 0.298896
0.0150485
 0.308288
0.0138718
 0.201432
 0.299158
 0.298984
0.0162927
  0.30873
 0.015076
 0.201432
 0.299158
 0.298984
0.0162927
  0.30873
 0.015076
 0.201796
 0.299217
 0.298927
0.0189154
 0.309972
0.0172069
 0.201796
 0.299217
 0.298927
0.0189154
 0.309972
0.0172069
 0.202304
 0.299242
 0.298956
0.0233444
 0.311972
0.0211098
 0.202304
 0.299242
 0.298956
0.0233444
 0.311972
0.0211098
  0.20248
  0.29925
 0.298966
0.0246917
 0.312688
0.0223365
  0.20248
  0.29925
 0.298966
0.0246917
 0.312688
0.0223365
 0.203046
 0.299274
 0.298995
0.0293661
 0.314764
0.0265118
 0.203046
 0.299274
 0.298995
0.0293661
 0.314764
0.0265118
 0.203445
 0.299289
 0.299014
0.0324451
 0.316379
 0.029364
 0.203445
 0.299289
 0.299014
0.0324451
 0.316379
 0.029364
  0.20365
 0.299296
 0.299024
0.0339788
 0.316955
0.0307165
  0.20365
 0.299296
 0.299024
0.0339788
 0.316955
0.0307165
 0.204307
 0.299319
  0.29905
0.0392886
 0.319595
0.0356182
 0.204307
 0.299319
  0.29905
0.0392886
 0.319595
0.0356182
 0.204765
 0.299333
 0.299067
0.0427642
  0.32119
 0.038808
 0.204765
 0.299333
 0.299067
0.0427642
  0.32119
 0.038808
 0.205001
  0.29934
 0.299076
0.0444959
 0.322085
0.0404298
 0.205001
  0.29934
 0.299076
0.0444959
 0.322085
0.0404298
 0.205748
 0.299362
   0.2991
0.0504598
 0.325045
0.0459992
 0.205748
 0.299362
   0.2991
0.0504598
 0.325045
0.0459992
 0.206266
 0.299375
 0.299116
0.0543525
 0.326984
0.0496519
 0.206266
 0.299375
 0.299116
0.0543525
 0.326984
0.0496519
 0.206804
 0.299389
 0.299132
0.0570143
 0.329358
0.0520979
 0.206804
 0.299389
 0.299132
0.0570143
 0.329358
0.0520979
 0.207079
 0.299395
 0.299141
0.0604999
 0.329782
0.0553756
 0.207079
 0.299395
 0.299141
0.0604999
 0.329782
0.0553756
 0.207948
 0.299416
 0.299161
0.0674595
 0.333006
0.0618984
 0.207948
 0.299416
 0.299161
0.0674595
 0.333006
0.0618984
 0.208546
 0.299429
 0.299176
0.0719051
 0.335369
0.0661515
 0.208546
 0.299429
 0.299176
0.0719051
 0.335369
0.0661515
  0.20885
 0.299435
 0.299183
0.0740966
 0.336403
 0.068206
  0.20885
 0.299435
 0.299183
0.0740966
 0.336403
 0.068206
 0.209482
 0.299448
 0.299196
0.0789561
 0.338873
0.0728357
 0.209482
 0.299448
 0.299196
0.0789561
 0.338873
0.0728357
 0.210474
 0.299469
 0.299212
0.0868851
 0.342786
0.0803804
 0.210474
 0.299469
 0.299212
0.0868851
 0.342786
0.0803804
 0.211152
 0.299481
 0.299226
0.0918626
 0.345237
0.0851151
 0.211152
 0.299481
 0.299226
0.0918626
 0.345237
0.0851151
 0.211496
 0.299486
 0.299233
0.0943113
 0.346307
0.0873948
 0.211496
 0.299486
 0.299233
0.0943113
 0.346307
0.0873948
0.212575
0.299506
0.299248
0.102735
0.350581
0.095497
0.212575
0.299506
0.299248
0.102735
0.350581
0.095497
0.213313
0.299517
 0.29926
0.104414
0.353334
0.099278
0.213313
0.299517
 0.29926
0.104414
0.353334
0.099278
0.213687
0.299522
0.299267
0.111123
0.354527
0.103344
0.213687
0.299522
0.299267
0.111123
0.354527
0.103344
0.214857
0.299541
 0.29928
0.120493
0.358939
0.112185
0.214857
0.299541
 0.29928
0.120493
0.358939
0.112185
 0.21525
0.299546
0.299286
0.123264
0.360302
0.114859
 0.21525
0.299546
0.299286
0.123264
0.360302
0.114859
0.216062
0.299557
0.299296
0.129377
 0.36329
0.120768
0.216062
0.299557
0.299296
0.129377
 0.36329
0.120768
0.217327
0.299576
0.299305
0.139325
0.368106
0.130388
0.217327
0.299576
0.299305
0.139325
0.368106
0.130388
0.218184
0.299586
0.299316
0.145541
0.371111
0.136383
0.218184
0.299586
0.299316
0.145541
0.371111
0.136383
0.218617
0.299591
0.299322
0.148605
 0.37259
0.139334
0.218617
0.299591
0.299322
0.148605
 0.37259
0.139334
0.219967
0.299608
0.299332
0.159042
0.377583
0.149418
0.219967
0.299608
0.299332
0.159042
0.377583
0.149418
 0.22042
0.299612
0.299338
 0.16225
0.379117
0.152506
0.221352
0.299621
0.299347
0.169123
 0.38236
 0.15912
0.221352
0.299621
0.299347
0.169123
 0.38236
 0.15912
 0.22182
0.299626
0.299353
0.172469
0.383956
0.162344
 0.22182
0.299626
0.299353
0.172469
0.383956
0.162344
0.222782
0.299636
 0.29936
0.179823
0.387436
 0.16945
0.222782
0.299636
 0.29936
0.179823
0.387436
 0.16945
0.224273
0.299654
0.299365
0.191705
0.393009
0.180955
0.224273
0.299654
0.299365
0.191705
0.393009
0.180955
0.224411
0.299927
 0.29937
0.196432
0.394669
0.184352
0.224411
0.299927
 0.29937
0.196432
0.394669
0.184352
0.226308
0.299666
0.299377
0.206875
0.400204
0.195812
0.226308
0.299666
0.299377
0.206875
0.400204
0.195812
0.227318
0.299675
0.299386
0.214206
0.403682
0.202904
0.227318
0.299675
0.299386
0.214206
0.403682
0.202904
 0.22782
0.299678
0.299391
0.217731
0.405368
0.206322
 0.22782
0.299678
0.299391
0.217731
0.405368
0.206322
0.228836
0.299687
0.299397
 0.22533
0.409005
0.213727
0.228836
0.299687
0.299397
 0.22533
0.409005
0.213727
0.230369
0.299702
0.299402
0.237233
0.414718
0.225395
0.230369
0.299702
0.299402
0.237233
0.414718
0.225395
0.230871
0.299706
0.299407
0.240672
 0.41639
0.228752
0.230871
0.299706
0.299407
0.240672
 0.41639
0.228752
0.232397
0.299718
0.299415
0.251828
0.421795
0.239708
0.232397
0.299718
0.299415
0.251828
0.421795
0.239708
0.233405
0.299725
0.299423
0.258967
0.425293
0.246718
0.233405
0.299725
0.299423
0.258967
0.425293
0.246718
0.233679
0.300015
0.299319
0.263318
0.427244
0.249948
0.233679
0.300015
0.299319
0.263318
0.427244
0.249948
0.234922
0.299732
0.299436
0.269788
 0.43062
0.257447
0.234922
0.299732
0.299436
0.269788
 0.43062
0.257447
0.236455
0.299742
0.299442
0.281435
0.436341
0.269032
0.236455
0.299742
0.299442
0.281435
0.436341
0.269032
0.236742
0.300009
0.299351
0.285675
0.438247
0.272234
0.236742
0.300009
0.299351
0.285675
0.438247
0.272234
 0.23797
0.299748
0.299454
0.292127
0.441631
0.279611
 0.23797
0.299748
0.299454
0.292127
0.441631
0.279611
0.239495
0.299757
0.299461
0.303403
0.447178
0.290803
0.239495
0.299757
0.299461
0.303403
0.447178
0.290803
0.240501
0.299763
0.299469
0.310452
0.450673
 0.29772
0.240501
0.299763
0.299469
0.310452
0.450673
 0.29772
0.240958
0.299723
 0.29955
0.313902
0.452186
0.301159
0.240958
0.299723
 0.29955
0.313902
0.452186
0.301159
0.242524
0.299776
0.299479
0.325188
0.458005
0.312224
0.242524
0.299776
0.299479
0.325188
0.458005
0.312224
0.242985
0.299741
0.299553
0.328621
0.459525
0.315645
0.242985
0.299741
0.299553
0.328621
0.459525
0.315645
0.244035
0.299785
0.299488
0.335927
0.463342
0.322795
0.244035
0.299785
0.299488
0.335927
0.463342
0.322795
0.245562
0.299796
0.299493
0.347509
0.469076
0.334241
0.245562
0.299796
0.299493
0.347509
0.469076
0.334241
0.246566
0.299801
  0.2995
  0.3545
0.472544
0.341123
0.246566
0.299801
  0.2995
  0.3545
0.472544
0.341123
0.247034
0.299771
0.299562
0.357913
0.474088
0.344518
0.247034
0.299771
0.299562
0.357913
0.474088
0.344518
0.248075
0.299809
0.299509
0.365203
0.477866
0.351671
0.248075
0.299809
0.299509
0.365203
0.477866
0.351671
0.249601
0.299818
0.299514
0.376755
0.483588
0.363094
0.249601
0.299818
0.299514
0.376755
0.483588
0.363094
0.250073
0.299794
0.299566
0.380269
 0.48515
0.366441
0.250073
0.299794
0.299566
0.380269
 0.48515
0.366441
0.251619
0.299828
0.299524
0.391269
0.490807
0.377429
0.251619
0.299828
0.299524
0.391269
0.490807
0.377429
0.252573
0.299784
 0.29962
0.398351
0.494063
0.384402
0.252573
0.299784
 0.29962
0.398351
0.494063
0.384402
0.253121
0.299835
0.299534
0.401647
0.495968
0.387619
0.253121
0.299835
0.299534
0.401647
0.495968
0.387619
 0.25464
0.299843
0.299539
0.412719
0.501544
0.398734
 0.25464
0.299843
0.299539
0.412719
0.501544
0.398734
0.255603
0.299807
 0.29962
0.419959
0.504864
0.405721
0.255603
0.299807
 0.29962
0.419959
0.504864
0.405721
0.256141
0.299849
0.299549
 0.42314
0.506725
0.408978
0.256141
0.299849
0.299549
 0.42314
0.506725
0.408978
0.257659
0.299856
0.299554
0.434636
0.512348
0.420131
0.257659
0.299856
0.299554
0.434636
0.512348
0.420131
 0.25863
0.299828
0.299619
0.441701
  0.5157
0.427121
 0.25863
0.299828
0.299619
0.441701
  0.5157
0.427121
0.259115
0.299816
0.299648
0.445112
0.517337
0.430488
0.259115
0.299816
0.299648
0.445112
0.517337
0.430488
0.260678
0.299869
0.299567
0.456385
0.523184
0.441571
0.260678
0.299869
0.299567
0.456385
0.523184
0.441571
0.261657
 0.29985
0.299616
0.463459
0.526574
0.448556
0.261657
 0.29985
0.299616
0.463459
0.526574
0.448556
0.262142
0.299842
0.299636
 0.46661
0.528088
0.451657
0.262142
0.299842
0.299636
 0.46661
0.528088
0.451657
 0.26369
0.299881
 0.29958
0.477957
0.533891
0.462822
 0.26369
0.299881
 0.29958
0.477957
0.533891
0.462822
0.264438
0.299623
0.299623
0.482355
0.536003
 0.46777
0.264438
0.299623
0.299623
0.482355
0.536003
 0.46777
0.265167
0.299867
0.299628
0.488432
0.538972
  0.4731
0.265167
0.299867
0.299628
0.488432
0.538972
  0.4731
0.266665
0.299855
0.299671
0.500052
0.544638
0.484542
0.266665
0.299855
0.299671
0.500052
0.544638
0.484542
0.267659
0.299851
 0.29969
0.507117
 0.54813
0.491503
0.267659
0.299851
 0.29969
0.507117
 0.54813
0.491503
0.268156
 0.29985
0.299697
0.510529
0.549825
0.494858
0.268156
 0.29985
0.299697
0.510529
0.549825
0.494858
0.269722
0.299909
0.299602
0.521837
0.555721
0.505968
0.269722
0.299909
0.299602
0.521837
0.555721
0.505968
0.270719
0.299913
0.299605
0.528645
0.559075
0.512659
0.270719
0.299913
0.299605
0.528645
0.559075
0.512659
0.271483
0.299662
0.299619
0.533184
0.561193
0.517729
0.271483
0.299662
0.299619
0.533184
0.561193
0.517729
0.272226
0.299924
0.299602
0.539417
0.564443
0.523212
0.272226
0.299924
0.299602
0.539417
0.564443
0.523212
0.273751
 0.29994
 0.29959
 0.55103
0.570225
0.534618
0.273751
 0.29994
 0.29959
 0.55103
0.570225
0.534618
0.274254
0.299947
0.299583
0.554422
0.571926
0.537948
0.274254
0.299947
0.299583
0.554422
0.571926
0.537948
0.275271
0.299961
0.299566
0.561766
0.575601
0.545176
0.275271
0.299961
0.299566
0.561766
0.575601
0.545176
0.276741
0.299931
0.299634
0.573195
0.581152
0.556504
0.276741
0.299931
0.299634
0.573195
0.581152
0.556504
0.277723
0.299951
0.299605
0.579734
0.584701
0.562993
0.277723
0.299951
0.299605
0.579734
0.584701
0.562993
0.278205
0.299961
 0.29959
0.582812
0.586415
 0.56606
0.278205
0.299961
 0.29959
0.582812
0.586415
 0.56606
0.279117
0.299935
0.299648
0.589354
0.589889
0.572644
0.279117
0.299935
0.299648
0.589354
0.589889
0.572644
0.280506
0.299971
0.299612
0.599199
0.595629
0.582558
0.280506
0.299971
0.299612
0.599199
0.595629
0.582558
0.281379
0.299939
0.299659
0.604924
0.598908
0.588413
0.281379
0.299939
0.299659
0.604924
0.598908
0.588413
0.282267
0.299966
0.299617
0.610176
0.602549
0.593879
0.282267
0.299966
0.299617
0.610176
0.602549
0.593879
0.282665
0.299941
0.299668
0.613092
0.603885
0.596743
0.282665
0.299941
0.299668
0.613092
0.603885
0.596743
0.283918
0.299943
0.299675
0.621533
0.609199
0.605419
0.283918
0.299943
0.299675
0.621533
0.609199
0.605419
0.284747
0.299973
0.299627
0.626528
0.612595
0.610567
0.284747
0.299973
0.299627
0.626528
0.612595
0.610567
0.285021
0.300031
0.299684
0.629104
0.614085
0.612982
0.285021
0.300031
0.299684
0.629104
0.614085
0.612982
0.285903
0.299959
0.299661
0.633696
0.617526
0.618121
0.285903
0.299959
0.299661
0.633696
0.617526
0.618121
0.287024
0.299946
0.299695
 0.64139
0.622539
0.626119
0.287024
0.299946
0.299695
 0.64139
0.622539
0.626119
0.287773
0.299977
0.299644
0.645807
0.625669
 0.63069
0.287773
0.299977
0.299644
0.645807
0.625669
 0.63069
0.288155
0.299892
0.299703
0.647716
0.626957
 0.63289
0.288155
0.299892
0.299703
0.647716
0.626957
 0.63289
0.289134
 0.29995
 0.29971
0.654374
0.631796
 0.63975
0.289134
 0.29995
 0.29971
0.654374
0.631796
 0.63975
0.289823
0.299982
0.299659
0.658231
0.634834
0.643841
0.289823
0.299982
0.299659
0.658231
0.634834
0.643841
0.290436
0.299952
0.299722
0.661992
0.637542
0.647872
0.290436
0.299952
0.299722
0.661992
0.637542
0.647872
0.291084
0.299983
 0.29967
0.665582
0.640494
0.651717
0.291084
0.299983
 0.29967
0.665582
0.640494
0.651717
0.291399
0.299913
 0.29973
0.667336
0.641575
0.653675
0.291399
0.299913
 0.29973
0.667336
0.641575
0.653675
0.292243
0.299955
0.299737
 0.67266
0.646061
0.659382
0.292243
0.299955
0.299737
 0.67266
0.646061
0.659382
0.292688
0.299832
0.299704
0.674644
0.647497
0.661842
0.292688
0.299832
0.299704
0.674644
0.647497
0.661842
0.293346
 0.29996
0.299747
0.678997
0.651451
0.666282
0.293346
 0.29996
0.299747
0.678997
0.651451
0.666282
0.293891
0.299988
0.299699
0.681832
0.654071
0.669417
0.293891
0.299988
0.299699
0.681832
0.654071
0.669417
0.294421
0.299906
0.299757
0.684374
0.656374
0.672471
0.294421
0.299906
0.299757
0.684374
0.656374
0.672471
0.294618
0.299975
0.299735
0.685821
0.657591
0.673869
0.294618
0.299975
0.299735
0.685821
0.657591
0.673869
0.295309
0.299963
0.299766
0.689789
0.661277
0.678356
0.295309
0.299963
0.299766
0.689789
0.661277
0.678356
0.295555
0.299962
0.299745
0.690838
 0.66242
0.679609
0.295555
0.299962
0.299745
0.690838
 0.66242
0.679609
0.296172
0.299965
0.299775
0.694348
0.665881
0.683613
0.296172
0.299965
0.299775
0.694348
0.665881
0.683613
0.296613
0.299967
0.299736
0.696221
0.668088
0.685894
0.296613
0.299967
0.299736
0.696221
0.668088
0.685894
0.296988
0.299929
0.299785
0.698006
0.670019
0.688081
0.296988
0.299929
0.299785
0.698006
0.670019
0.688081
0.297181
0.299937
0.299767
0.698822
 0.67103
0.689067
0.297181
0.299937
0.299767
0.698822
 0.67103
0.689067
0.297565
0.299943
0.299732
0.700455
0.673156
0.691101
0.297565
0.299943
0.299732
0.700455
0.673156
0.691101
0.297971
 0.29997
0.299798
0.703043
0.676064
0.694078
0.297971
 0.29997
0.299798
0.703043
0.676064
0.694078
0.298276
0.299997
0.299769
0.704277
  0.6779
0.695649
0.298276
0.299997
0.299769
0.704277
  0.6779
0.695649
0.298556
0.300028
0.299742
0.705792
0.679397
0.697346
0.298556
0.300028
0.299742
0.705792
0.679397
0.697346
0.298586
 0.30006
0.299813
0.705773
0.680286
0.697505
0.298586
 0.30006
0.299813
0.705773
0.680286
0.697505
0.299063
0.299983
0.299788
0.707058
0.682923
0.699718
0.299063
0.299983
0.299788
0.707058
0.682923
0.699718
0.299263
0.300026
0.299768
0.707812
0.684452
0.700745
0.299263
0.300026
0.299768
0.707812
0.684452
0.700745
0.299263
0.300026
0.299768
0.708073
0.684952
0.701067
0.299263
0.300026
0.299768
0.708073
0.684952
0.701067
 0.29956
0.299968
0.299826
0.708388
 0.68642
0.702045
 0.29956
0.299968
0.299826
0.708388
 0.68642
0.702045
0.299777
0.300018
0.299815
 0.70898
0.688598
 0.70315
0.299777
0.300018
0.299815
 0.70898
0.688598
 0.70315
0.299942
0.300004
0.299805
0.709279
0.689539
0.703789
0.299942
0.300004
0.299805
0.709279
0.689539
0.703789
0.299942
0.300004
0.299805
0.708936
0.690261
  0.7037
0.299942
0.300004
0.299805
0.708936
0.690261
  0.7037
0.300178
 0.30001
0.299789
0.708551
0.692134
0.704081
0.300178
 0.30001
0.299789
0.708551
0.692134
0.704081
0.300243
0.299945
0.299789
0.708291
0.692955
0.704289
0.300243
0.299945
0.299789
0.708291
0.692955
0.704289
 0.30027
0.299975
0.299848
0.708093
0.693414
0.704334
 0.30027
0.299975
0.299848
0.708093
0.693414
0.704334
0.300319
0.299947
0.299856
0.707146
0.694664
0.703924
0.300319
0.299947
0.299856
0.707146
0.694664
0.703924
0.300326
0.299936
 0.29986
0.706229
0.695382
0.703565
0.300326
0.299936
 0.29986
0.706229
0.695382
0.703565
0.300322
0.299934
0.299866
0.705536
0.696052
0.703104
0.300322
0.299934
0.299866
0.705536
0.696052
0.703104
0.300315
0.299935
0.299871
0.704613
0.696646
0.702631
0.300315
0.299935
0.299871
0.704613
0.696646
0.702631
0.300315
0.299935
0.299871
0.704328
0.696832
0.702447
0.300315
0.299935
0.299871
0.704328
0.696832
0.702447
0.300306
0.299937
0.299879
0.703694
0.697382
0.702066
0.300306
0.299937
0.299879
0.703694
0.697382
0.702066
0.300297
 0.29994
0.299886
0.702735
0.698015
0.701565
0.300297
 0.29994
0.299886
0.702735
0.698015
0.701565
0.300297
 0.29994
0.299886
0.702735
0.698015
0.701565
0.300297
 0.29994
0.299886
0.702735
0.698015
0.701565
0.300288
0.299942
0.299892
0.702203
0.698459
0.701223
0.300288
0.299942
0.299892
0.702203
0.698459
0.701223
 0.30028
0.299944
0.299898
0.701596
0.698842
0.700915
 0.30028
0.299944
0.299898
0.701596
0.698842
0.700915
0.300222
0.299999
0.299901
0.701482
0.698817
 0.70066
0.300222
0.299999
0.299901
0.701482
0.698817
 0.70066
0.300301
 0.29992
0.299901
0.701191
0.699121
0.700837
0.300301
 0.29992
0.299901
0.701191
0.699121
0.700837
0.300266
0.299949
0.299908
0.701131
 0.69926
0.700627
0.300266
0.299949
0.299908
0.701131
 0.69926
0.700627
0.300266
0.299949
0.299908
0.701131
 0.69926
0.700627
0.300266
0.299949
0.299908
0.701131
 0.69926
0.700627
0.300256
0.299952
0.299914
0.700795
0.699405
0.700507
0.300256
0.299952
0.299914
0.700795
0.699405
0.700507
0.300256
0.299952
0.299914
0.700544
0.699566
0.700346
0.300256
0.299952
0.299914
0.700544
0.699566
0.700346
0.300247
0.299955
 0.29992
0.700494
0.699703
0.700248
0.300247
0.299955
 0.29992
0.700494
0.699703
0.700248
0.300247
0.299955
 0.29992
0.700494
0.699703
0.700248
0.300247
0.299955
 0.29992
0.700494
0.699703
0.700248
 0.30024
0.299957
0.299925
0.700261
0.699798
0.700159
 0.30024
0.299957
0.299925
0.700261
0.699798
0.700159
0.300234
0.299959
0.299929
0.700032
 0.69989
 0.70007
0.300234
0.299959
0.299929
0.700032
 0.69989
 0.70007
0.300234
0.299959
0.299929
0.700259
0.699883
0.700097
0.300234
0.299959
0.299929
0.700259
0.699883
0.700097
0.300226
0.299962
0.299934
0.700207
0.699868
0.700115
0.300226
0.299962
0.299934
0.700207
0.699868
0.700115
0.300226
0.299962
0.299934
0.700207
0.699868
0.700115
0.300226
0.299962
0.299934
0.700207
0.699868
0.700115
0.300218
0.299965
 0.29994
0.699904
0.699985
0.699994
0.300218
0.299965
 0.29994
0.699904
0.699985
0.699994
0.300218
0.299965
 0.29994
0.700127
0.699978
0.700019
0.300218
0.299965
 0.29994
0.700127
0.699978
0.700019
0.300212
0.299967
0.299943
0.700052
0.699802
0.699872
0.300212
0.299967
0.299943
0.700052
0.699802
0.699872
0.300206
0.299969
0.299947
0.700017
0.699989
0.700052
0.300206
0.299969
0.299947
0.700017
0.699989
0.700052
0.300206
0.299969
0.299947
0.700017
0.699989
0.700052
0.300206
0.299969
0.299947
0.700017
0.699989
0.700052
0.300201
 0.29997
0.299951
0.699886
0.699954
0.699774
0.300201
 0.29997
0.299951
0.699886
0.699954
0.699774
0.300195
0.299972
0.299955
0.700145
 0.69996
0.700115
0.300195
0.299972
0.299955
0.700145
 0.69996
0.700115
0.300195
0.299972
0.299955
0.700145
 0.69996
0.700115
0.300195
0.299972
0.299955
0.700145
 0.69996
0.700115
0.300188
0.299974
 0.29996
0.699672
0.699921
0.699704
0.300188
0.299974
 0.29996
0.699672
0.699921
0.699704
0.300188
0.299974
 0.29996
0.700101
0.700103
0.700083
0.300188
0.299974
 0.29996
0.700101
0.700103
0.700083
0.300182
0.299976
0.299965
0.700062
0.699903
0.699987
0.300182
0.299976
0.299965
0.700062
0.699903
0.699987
0.300182
0.299976
0.299965
0.700062
0.699903
0.699987
0.300182
0.299976
0.299965
0.700062
0.699903
0.699987
0.300177
0.299977
0.299969
0.699922
0.700061
0.700038
0.300177
0.299977
0.299969
0.699922
0.700061
0.700038
0.300172
0.299978
0.299972
0.700107
 0.69992
0.699989
0.300172
0.299978
0.299972
0.700107
 0.69992
0.699989
0.300172
0.299978
0.299972
0.700269
0.700067
0.700265
0.300172
0.299978
0.299972
0.700269
0.700067
0.700265
0.300167
0.299979
0.299976
0.699915
0.700038
0.699959
0.300167
0.299979
0.299976
0.699915
0.700038
0.699959
0.300165
0.299979
0.299977
0.699792
0.700028
0.699853
0.300165
0.299979
0.299977
0.699792
0.700028
0.699853
0.300159
0.299981
0.299982
0.700171
0.699979
0.700107
0.300159
0.299981
0.299982
0.700171
0.699979
0.700107
0.300159
0.299981
0.299982
0.700171
0.699979
0.700107
0.300159
0.299981
0.299982
0.700171
0.699979
0.700107
0.300155
0.299982
0.299986
0.699815
 0.69995
  0.6998
0.300155
0.299982
0.299986
0.699815
 0.69995
  0.6998
0.300153
0.299982
0.299987
0.699898
0.700124
0.700043
0.300153
0.299982
0.299987
0.699898
0.700124
0.700043
0.300148
0.299983
0.299992
0.700093
0.699908
0.699979
0.300148
0.299983
0.299992
0.700093
0.699908
0.699979
0.300148
0.299983
0.299992
 0.70025
0.700051
0.700248
0.300148
0.299983
0.299992
 0.70025
0.700051
0.700248
0.300142
0.299984
0.299996
0.699776
0.700012
0.699839
0.300142
0.299984
0.299996
0.699776
0.700012
0.699839
0.300142
0.299984
0.299996
0.699776
0.700012
0.699839
0.300142
0.299984
0.299996
0.699776
0.700012
0.699839
0.300138
0.299985
     0.3
0.700163
0.699972
0.700102
0.300138
0.299985
     0.3
0.700163
0.699972
0.700102
0.300134
0.299985
0.300003
0.699944
0.699951
0.699911
0.300134
0.299985
0.300003
0.699944
0.699951
0.699911
0.300134
0.299985
0.300003
0.700108
  0.7001
0.700191
0.300134
0.299985
0.300003
0.700108
  0.7001
0.700191
 0.30013
0.299986
0.300007
0.699963
0.699945
0.700023
 0.30013
0.299986
0.300007
0.699963
0.699945
0.700023
0.300126
0.299986
 0.30001
0.700084
0.700016
0.700035
0.300126
0.299986
 0.30001
0.700084
0.700016
0.700035
0.300126
0.299986
 0.30001
0.700084
0.700016
0.700035
0.300126
0.299986
 0.30001
0.700084
0.700016
0.700035
0.300122
0.299987
0.300014
0.699934
 0.69986
0.699864
0.300122
0.299987
0.300014
0.699934
 0.69986
0.699864
0.300169
0.300042
0.299911
0.699862
0.700278
0.699987
0.300169
0.300042
0.299911
0.699862
0.700278
0.699987
0.300169
0.300042
0.299911
0.700107
0.700272
0.700015
0.300169
0.300042
0.299911
0.700107
0.700272
0.700015
0.300165
0.300042
0.299916
0.700093
0.700153
0.700049
0.300165
0.300042
0.299916
0.700093
0.700153
0.700049
0.300165
0.300042
0.299916
0.700093
0.700153
0.700049
0.300165
0.300042
0.299916
0.700093
0.700153
0.700049
0.300161
0.300042
0.299919
0.699742
0.700125
0.699747
0.300161
0.300042
0.299919
0.699742
0.700125
0.699747
0.300158
0.300042
0.299922
0.699952
0.700101
0.700053
0.300158
0.300042
0.299922
0.699952
0.700101
0.700053
0.300158
0.300042
0.299922
0.700207
0.700095
0.700083
0.300158
0.300042
0.299922
0.700207
0.700095
0.700083
0.300153
0.300042
0.299927
0.699885
 0.70019
0.699931
0.300153
0.300042
0.299927
0.699885
 0.70019
0.699931
0.300153
0.300042
0.299927
0.700122
0.700037
0.700084
0.300153
0.300042
0.299927
0.700122
0.700037
0.700084
 0.30015
0.300043
 0.29993
0.699836
0.699974
0.699827
 0.30015
0.300043
 0.29993
0.699836
0.699974
0.699827
0.300146
0.300043
0.299933
0.699965
0.700156
0.699969
0.300146
0.300043
0.299933
0.699965
0.700156
0.699969
0.300146
0.300043
0.299933
0.700236
0.699982
0.700143
0.300146
0.300043
0.299933
0.700236
0.699982
0.700143
0.300143
0.300043
0.299936
0.699888
0.699955
0.699846
0.300143
0.300043
0.299936
0.699888
0.699955
0.699846
 0.30014
0.300043
 0.29994
0.699787
0.700144
0.699963
 0.30014
0.300043
 0.29994
0.699787
0.700144
0.699963
 0.30014
0.300043
 0.29994
  0.7003
0.699977
0.700155
 0.30014
0.300043
 0.29994
  0.7003
0.699977
0.700155
0.300137
0.300043
0.299943
0.699957
 0.69995
0.699861
0.300137
0.300043
0.299943
0.699957
 0.69995
0.699861
0.300134
0.300042
0.299946
0.699851
0.700138
0.699973
0.300134
0.300042
0.299946
0.699851
0.700138
0.699973
0.300134
0.300042
0.299946
0.700101
0.699977
0.700135
0.300134
0.300042
0.299946
0.700101
0.699977
0.700135
0.300078
0.299986
0.299956
0.699993
0.699753
0.699896
0.300078
0.299986
0.299956
0.699993
0.699753
0.699896
0.300075
0.299986
0.299959
0.699935
0.699944
0.700025
0.300075
0.299986
0.299959
0.699935
0.699944
0.700025
0.300075
0.299986
0.299959
0.699935
0.699944
0.700025
0.300075
0.299986
0.299959
0.699935
0.699944
0.700025
0.300072
0.299985
0.299962
0.699819
0.699773
0.699879
0.300072
0.299985
0.299962
0.699819
0.699773
0.699879
0.300069
0.299985
0.299965
0.700125
0.699944
0.700088
0.300069
0.299985
0.299965
0.700125
0.699944
0.700088
0.300069
0.299985
0.299965
0.700125
0.699944
0.700088
0.300069
0.299985
0.299965
0.700125
0.699944
0.700088
0.300066
0.299985
0.299968
0.699774
0.699917
0.699789
0.300066
0.299985
0.299968
0.699774
0.699917
0.699789
0.300064
0.299985
0.299971
0.699963
0.699937
0.700103
0.300064
0.299985
0.299971
0.699963
0.699937
0.700103
0.300064
0.299985
0.299971
0.700271
0.699931
0.700139
0.300064
0.299985
0.299971
0.700271
0.699931
0.700139
0.300061
0.299984
0.299974
0.699921
0.699904
0.699841
0.300061
0.299984
0.299974
0.699921
0.699904
0.699841
 0.30006
0.299984
0.299975
0.699999
0.700074
0.700077
 0.30006
0.299984
0.299975
0.699999
0.700074
0.700077
0.300057
0.299984
0.299979
0.699894
0.699886
0.699964
0.300057
0.299984
0.299979
0.699894
0.699886
0.699964
0.300057
0.299984
0.299979
0.700325
0.700019
0.700258
0.300057
0.299984
0.299979
0.700325
0.700019
0.700258
0.300054
0.299983
0.299982
 0.69998
0.699993
0.699964
0.300054
0.299983
0.299982
 0.69998
0.699993
0.699964
0.300053
0.299983
0.299983
0.699857
0.699983
 0.69986
0.300053
0.299983
0.299983
0.699857
0.699983
 0.69986
 0.30005
0.299983
0.299987
0.699957
0.699955
0.700079
 0.30005
0.299983
0.299987
0.699957
0.699955
0.700079
 0.30005
0.299983
0.299987
0.700236
 0.69995
 0.70011
 0.30005
0.299983
0.299987
0.700236
 0.69995
 0.70011
0.300047
0.299982
 0.29999
0.699889
0.699923
0.699815
0.300047
0.299982
 0.29999
0.699889
0.699923
0.699815
0.300047
0.299982
0.299991
0.699966
0.700092
0.700051
0.300047
0.299982
0.299991
0.699966
0.700092
0.700051
0.300044
0.299982
0.299994
0.699886
0.699891
0.699955
0.300044
0.299982
0.299994
0.699886
0.699891
0.699955
0.300044
0.299982
0.299994
 0.70031
0.700024
0.700246
0.300044
0.299982
0.299994
 0.70031
0.700024
0.700246
 0.30004
0.299981
0.299998
0.699844
0.699989
 0.69985
 0.30004
0.299981
0.299998
0.699844
0.699989
 0.69985
 0.30004
0.299981
0.299998
0.699844
0.699989
 0.69985
 0.30004
0.299981
0.299998
0.699844
0.699989
 0.69985
0.300038
 0.29998
0.300002
0.699968
0.699956
0.700089
0.300038
 0.29998
0.300002
0.699968
0.699956
0.700089
0.300038
 0.29998
0.300002
0.700248
0.699951
0.700121
0.300038
 0.29998
0.300002
0.700248
0.699951
0.700121
0.300035
 0.29998
0.300004
0.699901
0.699925
0.699826
0.300035
 0.29998
0.300004
0.699901
0.699925
0.699826
0.300033
0.299979
0.300007
0.700029
0.699969
0.700094
0.300033
0.299979
0.300007
0.700029
0.699969
0.700094
0.300033
0.299979
0.300007
0.700029
0.699969
0.700094
0.300033
0.299979
0.300007
0.700029
0.699969
0.700094
 0.30003
0.299978
0.300011
0.699986
0.700063
0.699985
 0.30003
0.299978
0.300011
0.699986
0.700063
0.699985
 0.30003
0.299978
0.300011
0.700229
0.699906
0.700142
 0.30003
0.299978
0.300011
0.700229
0.699906
0.700142
0.300028
0.299978
0.300013
0.699885
0.699881
 0.69985
0.300028
0.299978
0.300013
0.699885
0.699881
 0.69985
0.300027
0.299978
0.300014
 0.69996
0.700048
0.700082
0.300027
0.299978
0.300014
 0.69996
0.700048
0.700082
0.300025
0.299977
0.300018
0.700057
0.699905
0.699955
0.300025
0.299977
0.300018
0.700057
0.699905
0.699955
0.300025
0.299977
0.300018
0.700209
0.700043
0.700217
0.300025
0.299977
0.300018
0.700209
0.700043
0.700217
0.300022
0.299976
0.300021
0.699743
0.700009
0.699822
0.300022
0.299976
0.300021
0.699743
0.700009
0.699822
0.300022
0.299976
0.300021
0.699946
0.699879
0.699953
0.300022
0.299976
0.300021
0.699946
0.699879
0.699953
 0.30002
0.299975
0.300025
0.700065
0.700019
 0.70004
 0.30002
0.299975
0.300025
0.700065
0.700019
 0.70004
 0.30002
0.299975
0.300025
0.700065
0.700019
 0.70004
 0.30002
0.299975
0.300025
0.700065
0.700019
 0.70004
0.300018
0.299975
0.300027
 0.69992
0.699866
0.699876
0.300018
0.299975
0.300027
 0.69992
0.699866
0.699876
0.300017
0.299974
0.300028
 0.70004
0.700002
0.700135
0.300017
0.299974
0.300028
 0.70004
0.700002
0.700135
0.300015
0.299973
0.300031
0.699904
0.700004
0.699859
0.300015
0.299973
0.300031
0.699904
0.700004
0.699859
0.300015
0.299973
0.300031
0.700298
0.699983
0.700273
0.300015
0.299973
0.300031
0.700298
0.699983
0.700273
0.300013
0.299973
0.300034
0.699958
0.699958
0.699985
0.300013
0.299973
0.300034
0.699958
0.699958
0.699985
0.300011
0.299972
0.300036
0.699756
0.700064
 0.69994
0.300011
0.299972
0.300036
0.699756
0.700064
 0.69994
0.300011
0.299972
0.300036
0.700283
0.699902
0.700129
0.300011
0.299972
0.300036
0.700283
0.699902
0.700129
0.300009
0.299971
0.300039
0.699946
0.699878
0.699844
0.300009
0.299971
0.300039
0.699946
0.699878
0.699844
0.300009
0.299971
 0.30004
 0.70002
0.700044
0.700076
0.300009
0.299971
 0.30004
 0.70002
0.700044
0.700076
0.300006
 0.29997
0.300043
0.699849
0.699903
0.699922
0.300006
 0.29997
0.300043
0.699849
0.699903
0.699922
0.300057
0.300024
0.299938
0.700051
0.700144
0.699912
0.300057
0.300024
0.299938
0.700051
0.700144
0.699912
0.300056
0.300024
 0.29994
0.699951
0.700293
 0.69996
0.300056
0.300024
 0.29994
0.699951
0.700293
 0.69996
0.300054
0.300023
0.299942
0.699967
0.700098
0.699942
0.300054
0.300023
0.299942
0.699967
0.700098
0.699942
0.300054
0.300023
0.299942
0.700103
0.700222
0.700177
0.300054
0.300023
0.299942
0.700103
0.700222
0.700177
0.300052
0.300022
0.299945
 0.69985
0.700056
 0.69992
0.300052
0.300022
0.299945
 0.69985
0.700056
 0.69992
0.300052
0.300022
0.299945
0.700068
0.700053
0.699945
0.300052
0.300022
0.299945
0.700068
0.700053
0.699945
 0.30005
0.300021
0.299948
 0.69987
0.700211
0.699934
 0.30005
0.300021
0.299948
 0.69987
0.700211
0.699934
 0.30005
0.300021
0.299948
0.700176
0.700013
0.700131
 0.30005
0.300021
0.299948
0.700176
0.700013
0.700131
0.300048
 0.30002
0.299951
0.699858
0.700106
0.699983
0.300048
 0.30002
0.299951
0.699858
0.700106
0.699983
0.300048
 0.30002
0.299951
0.699858
0.700106
0.699983
0.300048
 0.30002
0.299951
0.699858
0.700106
0.699983
0.300046
0.300019
0.299954
0.700138
0.700021
0.700056
0.300046
0.300019
0.299954
0.700138
0.700021
0.700056
0.300046
0.300019
0.299954
0.700138
0.700021
0.700056
0.300046
0.300019
0.299954
0.700138
0.700021
0.700056
0.300044
0.300019
0.299956
0.699791
0.699997
0.699763
0.300044
0.300019
0.299956
0.699791
0.699997
0.699763
0.300043
0.300018
0.299959
0.699959
0.700016
0.700055
0.300043
0.300018
0.299959
0.699959
0.700016
0.700055
0.300043
0.300018
0.299959
 0.70021
0.700012
0.700084
0.300043
0.300018
0.299959
 0.70021
0.700012
0.700084
0.300041
0.300017
0.299961
0.699867
0.699988
0.699795
0.300041
0.300017
0.299961
0.699867
0.699988
0.699795
0.300041
0.300017
0.299962
0.700144
0.700016
0.700151
0.300041
0.300017
0.299962
0.700144
0.700016
0.700151
0.300039
0.300016
0.299964
0.699785
0.699993
0.699875
0.300039
0.300016
0.299964
0.699785
0.699993
0.699875
0.300039
0.300016
0.299964
0.700187
0.700124
0.700159
0.300039
0.300016
0.299964
0.700187
0.700124
0.700159
0.300038
0.300015
0.299967
0.700062
0.699967
0.700012
0.300038
0.300015
0.299967
0.700062
0.699967
0.700012
0.300037
0.300015
0.299967
0.699991
0.699928
0.699942
0.300037
0.300015
0.299967
0.699991
0.699928
0.699942
0.300035
0.300014
 0.29997
0.699765
0.700099
0.699947
0.300035
0.300014
 0.29997
0.699765
0.700099
0.699947
0.300035
0.300014
 0.29997
0.700189
0.699967
0.700101
0.300035
0.300014
 0.29997
0.700189
0.699967
0.700101
0.300034
0.300013
0.299972
0.699947
0.699912
0.699855
0.300034
0.300013
0.299972
0.699947
0.699912
0.699855
0.300033
0.300013
0.299974
0.699843
0.700098
 0.69997
0.300033
0.300013
0.299974
0.699843
0.700098
 0.69997
0.300033
0.300013
0.299974
0.700042
0.699969
0.700098
0.300033
0.300013
0.299974
0.700042
0.699969
0.700098
0.300031
0.300012
0.299977
 0.70006
0.700031
0.700025
0.300031
0.300012
0.299977
 0.70006
0.700031
0.700025
0.300031
0.300012
0.299977
 0.70006
0.700031
0.700025
0.300031
0.300012
0.299977
 0.70006
0.700031
0.700025
 0.30003
0.300011
0.299979
 0.69992
0.699879
0.699866
 0.30003
0.300011
0.299979
 0.69992
0.699879
0.699866
0.300028
 0.30001
0.299981
0.699865
0.700039
0.700016
0.300028
 0.30001
0.299981
0.699865
0.700039
0.700016
0.300028
 0.30001
0.299981
0.700141
0.700036
0.700047
0.300028
 0.30001
0.299981
0.700141
0.700036
0.700047
0.300027
0.300009
0.299984
0.700075
0.699977
0.700069
0.300027
0.300009
0.299984
0.700075
0.699977
0.700069
0.300027
0.300009
0.299984
0.700075
0.699977
0.700069
0.300027
0.300009
0.299984
0.700075
0.699977
0.700069
0.300025
0.300008
0.299986
0.699619
0.699946
0.699684
0.300025
0.300008
0.299986
0.699619
0.699946
0.699684
0.300025
0.300008
0.299986
0.700037
0.700116
0.700038
0.300025
0.300008
0.299986
0.700037
0.700116
0.700038
0.300023
0.300007
0.299989
0.700031
0.699908
0.699974
0.300023
0.300007
0.299989
0.700031
0.699908
0.699974
0.300023
0.300007
0.299989
0.700179
0.700042
0.700229
0.300023
0.300007
0.299989
0.700179
0.700042
0.700229
0.300022
0.300007
0.299991
0.699838
0.700018
0.699941
0.300022
0.300007
0.299991
0.699838
0.700018
0.699941
0.300022
0.300006
0.299991
0.699955
0.700008
0.699868
0.300022
0.300006
0.299991
0.699955
0.700008
0.699868
 0.30002
0.300005
0.299994
0.700102
0.699965
0.700089
 0.30002
0.300005
0.299994
0.700102
0.699965
0.700089
 0.30002
0.300005
0.299994
0.700102
0.699965
0.700089
 0.30002
0.300005
0.299994
0.700102
0.699965
0.700089
0.300019
0.300005
0.299995
0.699759
0.699942
  0.6998
0.300019
0.300005
0.299995
0.699759
0.699942
  0.6998
0.300018
0.300004
0.299997
 0.70016
0.699978
0.700099
0.300018
0.300004
0.299997
 0.70016
0.699978
0.700099
0.300018
0.300004
0.299997
 0.70016
0.699978
0.700099
0.300018
0.300004
0.299997
 0.70016
0.699978
0.700099
0.300017
0.300003
     0.3
0.699843
0.700078
 0.69996
0.300017
0.300003
     0.3
0.699843
0.700078
 0.69996
0.300017
0.300003
     0.3
0.700041
0.699951
0.700087
0.300017
0.300003
     0.3
0.700041
0.699951
0.700087
0.300015
0.300002
0.300002
0.700061
0.700016
0.700019
0.300015
0.300002
0.300002
0.700061
0.700016
0.700019
0.300015
0.300002
0.300002
0.700061
0.700016
0.700019
0.300015
0.300002
0.300002
0.700061
0.700016
0.700019
0.300014
0.300001
0.300004
0.699996
0.699964
0.700045
0.300014
0.300001
0.300004
0.699996
0.699964
0.700045
0.300014
0.300001
0.300004
0.699996
0.699964
0.700045
0.300014
0.300001
0.300004
0.699996
0.699964
0.700045
0.300013
0.300001
0.300006
0.699894
0.699939
0.699788
0.300013
0.300001
0.300006
0.699894
0.699939
0.699788
0.300012
     0.3
0.300008
0.700074
0.699977
0.700071
0.300012
     0.3
0.300008
0.700074
0.699977
0.700071
0.300012
     0.3
0.300008
0.700074
0.699977
0.700071
0.300012
     0.3
0.300008
0.700074
0.699977
0.700071
0.300032
0.299978
 0.30001
0.699664
0.699954
0.699784
0.300032
0.299978
 0.30001
0.699664
0.699954
0.699784
 0.30001
0.299999
 0.30001
0.700042
0.700112
0.700036
 0.30001
0.299999
 0.30001
0.700042
0.700112
0.700036
 0.29995
0.300058
0.300012
0.700292
0.699944
0.700026
 0.29995
0.300058
0.300012
0.700292
0.699944
0.700026
0.300009
0.299997
0.300013
0.699945
 0.70002
0.700021
0.300009
0.299997
0.300013
0.699945
 0.70002
0.700021
0.300009
0.299997
0.300013
0.699945
 0.70002
0.700021
0.300009
0.299997
0.300013
0.699945
 0.70002
0.700021
0.300008
0.299996
0.300015
0.700125
0.699959
0.700075
0.300008
0.299996
0.300015
0.700125
0.699959
0.700075
0.300008
0.299996
0.300015
0.700125
0.699959
0.700075
0.300008
0.299996
0.300015
0.700125
0.699959
0.700075
0.300007
0.299995
0.300017
0.699784
0.699936
0.699787
0.300007
0.299995
0.300017
0.699784
0.699936
0.699787
0.300006
0.299995
0.300019
0.699924
0.699975
0.700063
0.300006
0.299995
0.300019
0.699924
0.699975
0.700063
0.300006
0.299995
0.300019
0.700212
0.699973
0.700096
0.300006
0.299995
0.300019
0.700212
0.699973
0.700096
0.300005
0.299994
0.300021
0.699902
0.700072
0.699961
0.300005
0.299994
0.300021
0.699902
0.700072
0.699961
0.300005
0.299994
0.300021
0.699902
0.700072
0.699961
0.300005
0.299994
0.300021
0.699902
0.700072
0.699961
0.300004
0.299993
0.300022
0.699867
0.699862
0.699873
0.300004
0.299993
0.300022
0.699867
0.699862
0.699873
0.300003
0.299993
0.300024
0.700083
0.700011
 0.70005
0.300003
0.299993
0.300024
0.700083
0.700011
 0.70005
0.300003
0.299993
0.300024
0.700083
0.700011
 0.70005
0.300003
0.299993
0.300024
0.700083
0.700011
 0.70005
0.300002
0.299992
0.300025
0.699744
0.699989
0.699765
0.300002
0.299992
0.300025
0.699744
0.699989
0.699765
0.299963
 0.30003
0.300027
0.700105
0.699959
0.700094
0.299963
 0.30003
0.300027
0.700105
0.699959
0.700094
0.300044
0.299949
0.300027
0.700093
0.699957
0.700123
0.300044
0.299949
0.300027
0.700093
0.699957
0.700123
 0.29998
0.300011
0.300028
0.699964
0.699935
0.699837
 0.29998
0.300011
0.300028
0.699964
0.699935
0.699837
 0.30002
0.299971
0.300028
0.699897
0.700094
0.700057
 0.30002
0.299971
0.300028
0.699897
0.700094
0.700057
0.299999
 0.29999
 0.30003
0.699888
0.699898
0.699967
0.299999
 0.29999
 0.30003
0.699888
0.699898
0.699967
0.299999
 0.29999
 0.30003
0.700137
0.699896
0.699995
0.299999
 0.29999
 0.30003
0.700137
0.699896
0.699995
0.299998
0.299989
0.300032
0.700035
 0.70004
0.700037
0.299998
0.299989
0.300032
0.700035
 0.70004
0.700037
0.299997
0.299989
0.300033
0.699965
0.699909
0.699969
0.299997
0.299989
0.300033
0.699965
0.699909
0.699969
0.299997
0.299989
0.300033
0.700112
0.700042
0.700224
0.299997
0.299989
0.300033
0.700112
0.700042
0.700224
0.300018
0.299967
0.300034
0.699935
0.700019
0.699968
0.300018
0.299967
0.300034
0.699935
0.700019
0.699968
0.299996
0.299988
0.300035
0.699931
0.700011
0.699874
0.299996
0.299988
0.300035
0.699931
0.700011
0.699874
0.299995
0.299988
0.300037
0.700037
0.699962
0.700084
0.299995
0.299988
0.300037
0.700037
0.699962
0.700084
0.299995
0.299988
0.300037
0.700037
0.699962
0.700084
0.299995
0.299988
0.300037
0.700037
0.699962
0.700084
0.299994
0.299987
0.300038
0.699937
0.699939
0.699827
0.299994
0.299987
0.300038
0.699937
0.699939
0.699827
0.299993
0.299987
0.300039
0.700104
0.699973
0.700094
0.299993
0.299987
0.300039
0.700104
0.699973
0.700094
0.299993
0.299987
0.300039
0.700104
0.699973
0.700094
0.299993
0.299987
0.300039
0.700104
0.699973
0.700094
0.299993
0.299986
0.300041
0.699791
0.700071
0.699955
0.299993
0.299986
0.300041
0.699791
0.700071
0.699955
0.299993
0.299986
0.300041
0.700019
 0.70007
0.699981
0.299993
0.299986
0.300041
0.700019
 0.70007
0.699981
0.299992
0.299985
0.300042
0.700029
0.699861
  0.6999
0.299992
0.299985
0.300042
0.700029
0.699861
  0.6999
0.299991
0.299985
0.300043
0.699972
 0.70001
0.700041
0.299991
0.299985
0.300043
0.699972
 0.70001
0.700041
0.299991
0.299985
0.300043
0.699972
 0.70001
0.700041
0.299991
0.299985
0.300043
0.699972
 0.70001
0.700041
0.299991
0.299984
0.300045
0.699863
0.699988
0.699786
0.299991
0.299984
0.300045
0.699863
0.699988
0.699786
0.300042
0.300037
0.299941
0.700229
0.700205
0.700156
0.300042
0.300037
0.299941
0.700229
0.700205
0.700156
0.300041
0.300037
0.299942
0.699874
0.700185
0.699885
0.300041
0.300037
0.299942
0.699874
0.700185
0.699885
0.300041
0.300037
0.299942
0.699874
0.700185
0.699885
0.300041
0.300037
0.299942
0.699874
0.700185
0.699885
0.300041
0.300036
0.299943
 0.69999
0.700132
0.700071
0.300041
0.300036
0.299943
 0.69999
0.700132
0.700071
 0.30004
0.300036
0.299944
0.700008
0.700104
0.699917
 0.30004
0.300036
0.299944
0.700008
0.700104
0.699917
 0.30004
0.300036
0.299944
0.700143
0.700227
0.700152
 0.30004
0.300036
0.299944
0.700143
0.700227
0.700152
0.300039
0.300035
0.299945
0.699997
0.700003
0.699969
0.300039
0.300035
0.299945
0.699997
0.700003
0.699969
0.300039
0.300035
0.299945
0.699997
0.700003
0.699969
0.300039
0.300035
0.299945
0.699997
0.700003
0.699969
0.300038
0.300034
0.299947
 0.69998
0.700161
0.699981
0.300038
0.300034
0.299947
 0.69998
0.700161
0.699981
0.300038
0.300034
0.299947
0.700249
0.699988
0.700154
0.300038
0.300034
0.299947
0.700249
0.699988
0.700154
0.300037
0.300034
0.299948
0.699933
0.700082
0.700008
0.300037
0.300034
0.299948
0.699933
0.700082
0.700008
0.300037
0.300034
0.299948
0.699933
0.700082
0.700008
0.300037
0.300034
0.299948
0.699933
0.700082
0.700008
0.300037
0.300033
 0.29995
0.700129
0.700015
0.700063
0.300037
0.300033
 0.29995
0.700129
0.700015
0.700063
0.300037
0.300033
 0.29995
0.700129
0.700015
0.700063
0.300037
0.300033
 0.29995
0.700129
0.700015
0.700063
0.300036
0.300033
0.299951
0.699791
0.699994
0.699778
0.300036
0.300033
0.299951
0.699791
0.699994
0.699778
0.300036
0.300033
0.299951
0.700064
0.700021
0.700131
0.300036
0.300033
0.299951
0.700064
0.700021
0.700131
0.300035
0.300032
0.299952
0.699972
0.700002
0.699895
0.300035
0.300032
0.299952
0.699972
0.700002
0.699895
0.300035
0.300032
0.299952
0.700115
0.700132
0.700144
0.300035
0.300032
0.299952
0.700115
0.700132
0.700144
0.300034
0.300031
0.299954
0.699924
0.699942
0.699932
0.300034
0.300031
0.299954
0.699924
0.699942
0.699932
0.300034
0.300031
0.299954
0.699924
0.699942
0.699932
0.300034
0.300031
0.299954
0.699924
0.699942
0.699932
0.299974
0.300091
0.299954
0.700205
0.700083
0.699995
0.299974
0.300091
0.299954
0.700205
0.700083
0.699995
0.300035
0.300029
0.299955
 0.69999
0.699942
0.699945
0.300035
0.300029
0.299955
 0.69999
0.699942
0.699945
0.300035
0.300029
0.299955
0.700139
0.700077
0.700203
0.300035
0.300029
0.299955
0.700139
0.700077
0.700203
0.300034
0.300029
0.299956
0.699808
0.700057
0.699924
0.300034
0.300029
0.299956
0.699808
0.700057
0.699924
0.300034
0.300029
0.299957
0.700099
0.699999
 0.70006
0.300034
0.300029
0.299957
0.700099
0.699999
 0.70006
0.300034
0.300029
0.299957
0.700099
0.699999
 0.70006
0.300034
0.300029
0.299957
0.700099
0.699999
 0.70006
0.300033
0.300028
0.299958
0.699653
0.699972
0.699683
0.300033
0.300028
0.299958
0.699653
0.699972
0.699683
0.300033
0.300028
0.299958
0.700122
 0.70002
0.700234
0.300033
0.300028
0.299958
0.700122
 0.70002
0.700234
0.300032
0.300028
0.299959
0.699975
0.699994
0.699904
0.300032
0.300028
0.299959
0.699975
0.699994
0.699904
0.300032
0.300028
0.299959
0.699975
0.699994
0.699904
0.300032
0.300028
0.299959
0.699975
0.699994
0.699904
0.300032
0.300027
 0.29996
0.699997
0.700011
0.700069
0.300032
0.300027
 0.29996
0.699997
0.700011
0.700069
0.300032
0.300027
 0.29996
0.699997
0.700011
0.700069
0.300032
0.300027
 0.29996
0.699997
0.700011
0.700069
0.300031
0.300027
0.299961
0.699896
 0.69999
0.699816
0.300031
0.300027
0.299961
0.699896
 0.69999
0.699816
0.300031
0.300027
0.299961
     0.7
0.700143
0.700034
0.300031
0.300027
0.299961
     0.7
0.700143
0.700034
0.300031
0.300027
0.299962
0.699951
0.699935
 0.69996
0.300031
0.300027
0.299962
0.699951
0.699935
 0.69996
0.300031
0.300027
0.299962
 0.70009
0.700062
0.700203
0.300031
0.300027
0.299962
 0.70009
0.700062
0.700203
 0.30003
0.300026
0.299963
0.699989
0.700042
0.699952
 0.30003
0.300026
0.299963
0.699989
0.700042
0.699952
 0.30003
0.300026
0.299964
0.700065
0.699991
0.700059
 0.30003
0.300026
0.299964
0.700065
0.699991
0.700059
 0.30003
0.300026
0.299964
0.700065
 0.69999
0.700059
 0.30003
0.300026
0.299964
0.700065
 0.69999
0.700059
0.300029
0.300026
0.299965
0.699733
0.699971
0.699779
0.300029
0.300026
0.299965
0.699733
0.699971
0.699779
0.300029
0.300026
0.299965
0.700032
0.700128
0.700026
0.300029
0.300026
0.299965
0.700032
0.700128
0.700026
0.300029
0.300025
0.299966
0.700019
0.699925
0.699958
0.300029
0.300025
0.299966
0.700019
0.699925
0.699958
0.300029
0.300025
0.299966
0.700161
0.700055
0.700206
0.300029
0.300025
0.299966
0.700161
0.700055
0.700206
0.300028
0.300025
0.299966
0.699831
0.700035
0.699927
0.300028
0.300025
0.299966
0.699831
0.700035
0.699927
0.300028
0.300025
0.299967
0.700135
0.699986
0.700062
0.300028
0.300025
0.299967
0.700135
0.699986
0.700062
0.300028
0.300025
0.299967
0.700135
0.699986
0.700062
0.300028
0.300025
0.299967
0.700135
0.699986
0.700062
0.300027
0.300024
0.299968
0.699831
0.700088
0.699934
0.300027
0.300024
0.299968
0.699831
0.700088
0.699934
0.300027
0.300024
0.299968
0.699831
0.700088
0.699934
0.300027
0.300024
0.299968
0.699831
0.700088
0.699934
0.299968
0.300083
0.299968
0.700227
0.699882
 0.69988
0.299968
0.300083
0.299968
0.700227
0.699882
 0.69988
0.300048
0.300003
0.299969
0.700119
0.700007
0.700137
0.300048
0.300003
0.299969
0.700119
0.700007
0.700137
0.300027
0.300023
0.299969
0.699787
 0.70002
0.699841
0.300027
0.300023
0.299969
0.699787
 0.70002
0.699841
0.300027
0.300023
0.299969
0.700162
0.699998
0.700238
0.300027
0.300023
0.299969
0.700162
0.699998
0.700238
0.299967
0.300083
 0.29997
0.700041
0.699979
0.699968
0.299967
0.300083
 0.29997
0.700041
0.699979
0.699968
0.300047
0.300002
 0.29997
0.699936
0.699973
0.699902
0.300047
0.300002
 0.29997
0.699936
0.699973
0.699902
0.299988
0.300061
0.299971
0.700171
0.699997
 0.70006
0.299988
0.300061
0.299971
0.700171
0.699997
 0.70006
0.300069
 0.29998
0.299971
  0.6999
0.699998
0.700059
0.300069
 0.29998
0.299971
  0.6999
0.699998
0.700059
0.300007
0.300041
0.299971
0.699775
0.699978
0.699781
0.300007
0.300041
0.299971
0.699775
0.699978
0.699781
0.300027
0.300021
0.299972
0.700126
0.700005
0.700081
0.300027
0.300021
0.299972
0.700126
0.700005
0.700081
0.300027
0.300021
0.299971
0.700126
0.700006
0.700081
0.300027
0.300021
0.299971
0.700126
0.700006
0.700081
0.300026
0.300021
0.299972
0.699817
0.700104
0.699945
0.300026
0.300021
0.299972
0.699817
0.700104
0.699945
0.300026
0.300021
0.299972
0.700018
0.699975
0.700074
0.300026
0.300021
0.299972
0.700018
0.699975
0.700074
0.299966
0.300081
0.299973
0.700178
0.699926
0.699861
0.299966
0.300081
0.299973
0.700178
0.699926
0.699861
0.300027
0.300019
0.299973
 0.69991
0.700105
0.699975
0.300027
0.300019
0.299973
 0.69991
0.700105
0.699975
0.300027
0.300019
0.299973
0.700154
0.699948
0.700133
0.300027
0.300019
0.299973
0.700154
0.699948
0.700133
0.300027
 0.30002
0.299973
0.699828
0.699929
0.699858
0.300027
 0.30002
0.299973
0.699828
0.699929
0.699858
0.299988
0.300058
0.299974
0.700092
0.700105
 0.69999
0.299988
0.300058
0.299974
0.700092
0.700105
 0.69999
0.300068
0.299978
0.299974
0.700061
0.699954
0.700141
0.300068
0.299978
0.299974
0.700061
0.699954
0.700141
0.299985
 0.30006
0.299974
0.699894
0.699928
0.699769
0.299985
 0.30006
0.299974
0.699894
0.699928
0.699769
0.300045
     0.3
0.299974
 0.69987
0.700088
0.700078
0.300045
     0.3
0.299974
 0.69987
0.700088
0.700078
0.299986
0.300059
0.299975
0.700186
0.699956
0.699975
0.299986
0.300059
0.299975
0.700186
0.699956
0.699975
0.300067
0.299977
0.299975
0.700052
 0.70008
0.700214
0.300067
0.299977
0.299975
0.700052
 0.70008
0.700214
0.300006
0.300039
0.299975
0.699926
0.700061
0.699935
0.300006
0.300039
0.299975
0.699926
0.700061
0.699935
0.300046
0.299999
0.299975
0.699878
0.699926
0.699968
0.300046
0.299999
0.299975
0.699878
0.699926
0.699968
0.299986
0.300058
0.299975
0.700169
0.700056
0.700023
0.299986
0.300058
0.299975
0.700169
0.700056
0.700023
0.300067
0.299977
0.299975
  0.6999
0.700056
0.700023
0.300067
0.299977
0.299975
  0.6999
0.700056
0.700023
0.299986
0.300058
0.299976
0.699934
0.699904
0.699784
0.299986
0.300058
0.299976
0.699934
0.699904
0.699784
0.299986
0.300058
0.299976
0.700153
0.700037
 0.70012
0.299986
0.300058
0.299976
0.700153
0.700037
 0.70012
0.300027
0.300017
0.299976
0.699864
0.700052
0.699861
0.300027
0.300017
0.299976
0.699864
0.700052
0.699861
0.300026
0.300017
0.299976
0.700251
0.700016
0.700262
0.300026
0.300017
0.299976
0.700251
0.700016
0.700262
0.300026
0.300017
0.299976
0.699928
0.699998
 0.69999
0.300026
0.300017
0.299976
0.699928
0.699998
 0.69999
0.300026
0.300017
0.299976
 0.69973
0.700097
0.699942
0.300026
0.300017
0.299976
 0.69973
0.700097
0.699942
0.300026
0.300017
0.299976
0.700259
0.699946
0.700126
0.300026
0.300017
0.299976
0.700259
0.699946
0.700126
0.299966
0.300077
0.299977
0.700138
0.699927
0.699856
0.299966
0.300077
0.299977
0.700138
0.699927
0.699856
0.300027
0.300016
0.299977
0.699831
0.700107
0.699966
0.300027
0.300016
0.299977
0.699831
0.700107
0.699966
0.300027
0.300016
0.299977
0.700069
0.699953
0.700119
0.300027
0.300016
0.299977
0.700069
0.699953
0.700119
0.299967
0.300076
0.299977
0.699948
0.699935
0.699848
0.299967
0.300076
0.299977
0.699948
0.699935
0.699848
0.300028
0.300014
0.299977
 0.69994
0.700111
0.699989
0.300028
0.300014
0.299977
 0.69994
0.700111
0.699989
0.300027
0.300015
0.299977
0.700175
0.699958
0.700138
0.300027
0.300015
0.299977
0.700175
0.699958
0.700138
0.300027
0.300015
0.299977
 0.69985
 0.69994
0.699863
0.300027
0.300015
0.299977
 0.69985
 0.69994
0.699863
0.300027
0.300015
0.299977
 0.69991
0.700089
0.700069
0.300027
0.300015
0.299977
 0.69991
0.700089
0.700069
0.299969
0.300074
0.299977
0.700071
0.700109
  0.6999
0.299969
0.300074
0.299977
0.700071
0.700109
  0.6999
0.300031
0.300011
0.299977
0.700063
0.699998
0.700092
0.300031
0.300011
0.299977
0.700063
0.699998
0.700092
0.300028
0.300014
0.299977
0.700056
0.699997
0.700078
0.300028
0.300014
0.299977
0.700056
0.699997
0.700078
0.300028
0.300015
0.299977
0.699728
0.699979
0.699801
0.300028
0.300015
0.299977
0.699728
0.699979
0.699801
0.300018
0.300024
0.299977
 0.70029
0.700015
 0.70021
