 0.230469
0.0211416
 0.739773
  2.01977
 0.205813
 0.325861
 0.230469
0.0211416
 0.739773
  2.01977
 0.205813
 0.325861
 0.230469
0.0211416
 0.739773
  2.01977
 0.205813
 0.325861
 0.230469
0.0211416
 0.739773
  2.01977
 0.205813
 0.325861
 0.230469
0.0211416
 0.739773
  2.01977
 0.205813
 0.325861
 0.230371
0.0215485
 0.738749
  2.01917
 0.205617
 0.326455
 0.230371
0.0215485
 0.738749
  2.01917
 0.205617
 0.326455
0.230151
0.022332
0.736899
 2.01815
0.205361
0.327418
0.230151
0.022332
0.736899
 2.01815
0.205361
0.327418
 0.229779
0.0235106
 0.734209
  2.01678
 0.205143
 0.328603
 0.229779
0.0235106
 0.734209
  2.01678
 0.205143
 0.328603
 0.230686
0.0270198
 0.730873
  2.01759
 0.207912
 0.335139
 0.230686
0.0270198
 0.730873
  2.01759
 0.207912
 0.335139
 0.228505
0.0270566
 0.726261
  2.01307
 0.205058
 0.330657
 0.228505
0.0270566
 0.726261
  2.01307
 0.205058
 0.330657
0.230176
0.032753
0.721475
 2.01513
0.210323
0.340585
0.230176
0.032753
0.721475
 2.01513
0.210323
0.340585
 0.227226
0.0329323
 0.715007
  2.00938
 0.207068
 0.333859
 0.227226
0.0329323
 0.715007
  2.00938
 0.207068
 0.333859
  0.22637
0.0361668
 0.708314
  2.00717
  0.20838
 0.334411
  0.22637
0.0361668
 0.708314
  2.00717
  0.20838
 0.334411
 0.225895
0.0410665
 0.702258
  2.00809
 0.213918
 0.339655
 0.225895
0.0410665
 0.702258
  2.00809
 0.213918
 0.339655
0.224558
0.043627
0.692714
 2.00286
0.212649
0.335447
0.224558
0.043627
0.692714
 2.00286
0.212649
0.335447
 0.223221
0.0476919
  0.68325
  1.99987
 0.214737
 0.334529
 0.223221
0.0476919
  0.68325
  1.99987
 0.214737
 0.334529
 0.221232
0.0522624
 0.675142
  1.99956
 0.220386
  0.33572
 0.221232
0.0522624
 0.675142
  1.99956
 0.220386
  0.33572
 0.220546
0.0566995
  0.66215
  1.99418
 0.220833
 0.332085
 0.220546
0.0566995
  0.66215
  1.99418
 0.220833
 0.332085
 0.217793
0.0610145
 0.652734
  1.99309
 0.226403
 0.330444
 0.217793
0.0610145
 0.652734
  1.99309
 0.226403
 0.330444
 0.217424
0.0665556
 0.637661
  1.98785
 0.228279
 0.326976
 0.217424
0.0665556
 0.637661
  1.98785
 0.228279
 0.326976
 0.214164
0.0707475
 0.627036
   1.9864
 0.234141
 0.323208
 0.214164
0.0707475
 0.627036
   1.9864
 0.234141
 0.323208
 0.213765
0.0767636
 0.610219
  1.98112
 0.237051
 0.318443
 0.213765
0.0767636
 0.610219
  1.98112
 0.237051
 0.318443
  0.21171
0.0815243
 0.596103
   1.9778
 0.241768
 0.312009
  0.21171
0.0815243
 0.596103
   1.9778
 0.241768
 0.312009
 0.209109
0.0858372
 0.585197
   1.9775
 0.249204
 0.306506
 0.209109
0.0858372
 0.585197
   1.9775
 0.249204
 0.306506
 0.208253
0.0912979
 0.568245
  1.97317
 0.253644
 0.298642
 0.208253
0.0912979
 0.568245
  1.97317
 0.253644
 0.298642
 0.208974
0.0988586
 0.555736
  1.97538
 0.264969
 0.299801
 0.208974
0.0988586
 0.555736
  1.97538
 0.264969
 0.299801
0.204647
 0.10065
0.543581
 1.97189
0.268514
0.284553
0.204647
 0.10065
0.543581
 1.97189
0.268514
0.284553
0.203208
0.105526
0.529772
 1.97039
0.275383
0.276163
0.203208
0.105526
0.529772
 1.97039
0.275383
0.276163
0.201768
0.110372
0.515938
 1.96924
0.282784
 0.26806
0.201768
0.110372
0.515938
 1.96924
0.282784
 0.26806
0.200387
0.115295
0.498905
 1.96603
0.288818
0.257927
0.200387
0.115295
0.498905
 1.96603
0.288818
0.257927
0.198966
0.119992
0.488365
 1.96763
0.298218
0.251325
0.198966
0.119992
0.488365
 1.96763
0.298218
0.251325
0.197663
 0.12484
0.474721
 1.96725
0.306313
0.242985
0.197663
 0.12484
0.474721
 1.96725
0.306313
0.242985
0.196499
 0.12999
0.457878
 1.96522
0.313702
0.233711
0.196499
 0.12999
0.457878
 1.96522
0.313702
0.233711
0.195271
 0.13489
0.444262
 1.96521
0.322193
0.225417
0.195271
 0.13489
0.444262
 1.96521
0.322193
0.225417
0.193682
0.139144
0.433701
 1.96622
0.330581
0.216257
0.193682
0.139144
0.433701
 1.96622
0.330581
0.216257
0.192416
0.143926
0.420117
 1.96611
0.338877
0.207308
0.192416
0.143926
0.420117
 1.96611
0.338877
0.207308
0.191648
0.149482
0.403478
 1.96568
0.348004
0.200065
0.191648
0.149482
0.403478
 1.96568
0.348004
0.200065
0.191648
0.149482
0.403478
 1.96568
0.348004
0.200065
0.190457
0.154286
0.389959
 1.96594
0.356622
0.191337
0.188588
0.157827
0.379608
 1.96597
0.364297
0.178102
0.188588
0.157827
0.379608
 1.96597
0.364297
0.178102
0.188346
 0.16325
0.364774
 1.96752
0.374676
0.171994
0.188346
 0.16325
0.364774
 1.96752
0.374676
0.171994
0.187421
0.167296
0.353345
 1.96873
0.383392
0.162341
0.187421
0.167296
0.353345
 1.96873
0.383392
0.162341
0.185716
0.169864
 0.34417
 1.96868
0.389902
0.148019
0.185716
0.169864
 0.34417
 1.96868
0.389902
0.148019
 0.18514
 0.17345
0.334266
 1.97054
 0.39873
0.138512
 0.18514
 0.17345
0.334266
 1.97054
 0.39873
0.138512
0.185255
0.177674
0.324104
 1.97368
0.408881
0.132573
0.185255
0.177674
0.324104
 1.97368
0.408881
0.132573
0.184706
0.180496
0.316085
 1.97555
0.416978
0.122533
0.184706
0.180496
0.316085
 1.97555
0.416978
0.122533
 0.18412
0.182988
0.308808
 1.97706
0.424391
0.111989
 0.18412
0.182988
0.308808
 1.97706
0.424391
0.111989
0.184264
0.185846
0.302504
 1.97993
0.432815
0.104286
0.184264
0.185846
0.302504
 1.97993
0.432815
0.104286
0.186532
0.190792
0.298002
 1.98661
0.444296
0.104955
0.186532
0.190792
0.298002
 1.98661
0.444296
0.104955
0.188544
0.195169
0.293872
  1.9923
0.454387
 0.10416
0.188544
0.195169
0.293872
  1.9923
0.454387
 0.10416
0.190241
0.198811
0.290317
 1.99674
0.462898
0.101072
0.190241
0.198811
0.290317
 1.99674
0.462898
0.101072
 0.191569
 0.201566
  0.28753
        2
 0.469957
0.0956052
 0.191569
 0.201566
  0.28753
        2
 0.469957
0.0956052
 0.192546
 0.203454
 0.285541
  2.00226
 0.475782
0.0881965
 0.192546
 0.203454
 0.285541
  2.00226
 0.475782
0.0881965
 0.193312
 0.204828
 0.284037
  2.00382
 0.480681
0.0801722
 0.193312
 0.204828
 0.284037
  2.00382
 0.480681
0.0801722
 0.193874
 0.205693
 0.283027
  2.00483
 0.484748
0.0718039
 0.193874
 0.205693
 0.283027
  2.00483
 0.484748
0.0718039
 0.194109
 0.205705
 0.282858
  2.00527
  0.48794
0.0623167
 0.194109
 0.205705
 0.282858
  2.00527
  0.48794
0.0623167
 0.194109
 0.205705
 0.282858
  2.00527
  0.48794
0.0623167
 0.194365
 0.205668
 0.282709
  2.00571
 0.490699
0.0541533
 0.194658
 0.205573
 0.282576
  2.00626
 0.493342
0.0467318
 0.194658
 0.205573
 0.282576
  2.00626
 0.493342
0.0467318
 0.194984
  0.20542
 0.282463
  2.00683
 0.495507
0.0411496
 0.194984
  0.20542
 0.282463
  2.00683
 0.495507
0.0411496
 0.195344
 0.205209
 0.282367
  2.00742
 0.497459
0.0366371
 0.195344
 0.205209
 0.282367
  2.00742
 0.497459
0.0366371
 0.195747
 0.204926
 0.282293
  2.00803
  0.49928
0.0330136
 0.195747
 0.204926
 0.282293
  2.00803
  0.49928
0.0330136
 0.196132
 0.204557
 0.282295
  2.00843
 0.500884
0.0299328
 0.196132
 0.204557
 0.282295
  2.00843
 0.500884
0.0299328
 0.196636
  0.20422
 0.282187
  2.00899
  0.50257
0.0280212
 0.196636
  0.20422
 0.282187
  2.00899
  0.50257
0.0280212
 0.197099
 0.203773
 0.282187
  2.00922
 0.504167
0.0264117
 0.197099
 0.203773
 0.282187
  2.00922
 0.504167
0.0264117
 0.197629
 0.203259
 0.282187
  2.00941
 0.505507
0.0253096
 0.197629
 0.203259
 0.282187
  2.00941
 0.505507
0.0253096
 0.198148
 0.202754
 0.282187
  2.00959
 0.507244
0.0247269
 0.198148
 0.202754
 0.282187
  2.00959
 0.507244
0.0247269
 0.198798
 0.202117
 0.282187
  2.00954
 0.508604
0.0247923
 0.198798
 0.202117
 0.282187
  2.00954
 0.508604
0.0247923
 0.199447
 0.201478
 0.282186
  2.00936
 0.510152
0.0252359
 0.199447
 0.201478
 0.282186
  2.00936
 0.510152
0.0252359
 0.200081
 0.200715
 0.282281
  2.00903
 0.511663
0.0257878
 0.200081
 0.200715
 0.282281
  2.00903
 0.511663
0.0257878
 0.200081
 0.200715
 0.282281
  2.00903
 0.511663
0.0257878
 0.200759
 0.199932
 0.282355
  2.00826
 0.513229
0.0266717
 0.201471
 0.199085
 0.282446
  2.00735
  0.51495
0.0280026
  0.20184
 0.198634
   0.2825
  2.00687
 0.515811
0.0287664
  0.20184
 0.198634
   0.2825
  2.00687
 0.515811
0.0287664
  0.20184
 0.198634
   0.2825
  2.00687
 0.515811
0.0287664
 0.202994
 0.197181
 0.282691
   2.0049
 0.518454
0.0316046
 0.202994
 0.197181
 0.282691
   2.0049
 0.518454
0.0316046
 0.203798
 0.196141
 0.282836
  2.00316
 0.520385
0.0339855
 0.203798
 0.196141
 0.282836
  2.00316
 0.520385
0.0339855
 0.204622
 0.195049
 0.282997
  2.00119
 0.522294
0.0365163
 0.204622
 0.195049
 0.282997
  2.00119
 0.522294
0.0365163
 0.205469
 0.193899
 0.283173
  1.99902
 0.524263
0.0392425
 0.205469
 0.193899
 0.283173
  1.99902
 0.524263
0.0392425
 0.206339
 0.192692
 0.283365
  1.99663
 0.526295
0.0421673
 0.206339
 0.192692
 0.283365
  1.99663
 0.526295
0.0421673
  0.20723
 0.191427
 0.283571
  1.99401
 0.528393
0.0452865
  0.20723
 0.191427
 0.283571
  1.99401
 0.528393
0.0452865
 0.208141
 0.190105
 0.283793
  1.99115
  0.53056
0.0485932
 0.208141
 0.190105
 0.283793
  1.99115
  0.53056
0.0485932
 0.209071
 0.188727
  0.28403
  1.98805
 0.532798
0.0520852
 0.209071
 0.188727
  0.28403
  1.98805
 0.532798
0.0520852
0.210019
0.187292
 0.28428
  1.9847
0.535109
0.055758
0.210019
0.187292
 0.28428
  1.9847
0.535109
0.055758
 0.210983
 0.185801
 0.284545
   1.9811
 0.537495
0.0596077
 0.210983
 0.185801
 0.284545
   1.9811
 0.537495
0.0596077
 0.211962
 0.184254
 0.284823
  1.97724
 0.539957
0.0636305
 0.211962
 0.184254
 0.284823
  1.97724
 0.539957
0.0636305
 0.212955
 0.182652
 0.285114
  1.97312
 0.542496
0.0678241
 0.212955
 0.182652
 0.285114
  1.97312
 0.542496
0.0678241
  0.21396
 0.180995
 0.285417
  1.96875
 0.545113
0.0721852
  0.21396
 0.180995
 0.285417
  1.96875
 0.545113
0.0721852
0.216397
0.180532
0.286256
  1.9671
0.549425
0.082133
0.216397
0.180532
0.286256
  1.9671
0.549425
0.082133
0.219222
0.180327
 0.28724
 1.96583
0.554125
0.093324
0.219222
0.180327
 0.28724
 1.96583
0.554125
0.093324
0.222137
0.180119
0.288262
 1.96407
0.558771
0.104191
0.222137
0.180119
0.288262
 1.96407
0.558771
0.104191
0.225128
0.179905
 0.28932
 1.96175
0.563345
0.114676
0.225128
0.179905
 0.28932
 1.96175
0.563345
0.114676
0.225128
0.179905
 0.28932
 1.96175
0.563345
0.114676
0.228128
0.179688
 0.29038
 1.95865
0.567742
0.124684
0.231151
0.179466
0.291445
 1.95472
0.572246
0.135079
0.231151
0.179466
0.291445
 1.95472
0.572246
0.135079
0.234136
0.179243
0.292494
 1.95032
0.576284
0.144215
0.234136
0.179243
0.292494
 1.95032
0.576284
0.144215
0.237114
0.179018
0.293537
 1.94544
0.580172
0.152992
0.237114
0.179018
0.293537
 1.94544
0.580172
0.152992
0.240084
 0.17879
0.294575
 1.94014
0.583955
0.161517
0.240084
 0.17879
0.294575
 1.94014
0.583955
0.161517
0.243048
 0.17856
0.295607
 1.93447
0.587653
0.169835
0.243048
 0.17856
0.295607
 1.93447
0.587653
0.169835
0.246005
0.178327
0.296635
  1.9285
 0.59128
0.177979
0.246005
0.178327
0.296635
  1.9285
 0.59128
0.177979
0.248956
0.178092
0.297658
 1.92228
0.594849
0.185977
0.248956
0.178092
0.297658
 1.92228
0.594849
0.185977
  0.2519
0.177855
0.298676
 1.91584
0.598367
 0.19385
  0.2519
0.177855
0.298676
 1.91584
0.598367
 0.19385
0.254839
0.177616
0.299689
 1.90922
0.601845
0.201618
0.254839
0.177616
0.299689
 1.90922
0.601845
0.201618
0.257771
0.177374
0.300699
 1.90245
0.605287
0.209297
0.257771
0.177374
0.300699
 1.90245
0.605287
0.209297
0.260697
0.177131
0.301703
 1.89555
0.608699
0.216901
0.260697
0.177131
0.301703
 1.89555
0.608699
0.216901
0.260697
0.177131
0.301703
 1.89555
0.608699
0.216901
0.263617
0.176886
0.302704
 1.88854
0.612087
 0.22444
0.266561
0.176636
0.303711
 1.88095
0.615686
0.232522
0.266561
0.176636
0.303711
 1.88095
0.615686
0.232522
0.269471
0.176388
0.304703
 1.87381
0.619022
0.239915
0.269471
0.176388
0.304703
 1.87381
0.619022
0.239915
0.272374
0.176137
0.305692
 1.86664
0.622326
0.247224
0.272374
0.176137
0.305692
 1.86664
0.622326
0.247224
0.275272
0.175885
0.306677
 1.85941
 0.62562
0.254509
0.275272
0.175885
0.306677
 1.85941
 0.62562
0.254509
0.278165
0.175632
0.307659
 1.85213
0.628905
 0.26178
0.278165
0.175632
0.307659
 1.85213
0.628905
 0.26178
0.281054
0.175377
0.308638
 1.84479
0.632183
0.269036
0.281054
0.175377
0.308638
 1.84479
0.632183
0.269036
0.283937
 0.17512
0.309613
 1.83742
0.635454
0.276282
0.283937
 0.17512
0.309613
 1.83742
0.635454
0.276282
0.286816
0.174862
0.310585
 1.83001
 0.63872
0.283516
0.286816
0.174862
0.310585
 1.83001
 0.63872
0.283516
0.289691
0.174603
0.311554
 1.82257
0.641981
0.290742
0.289691
0.174603
0.311554
 1.82257
0.641981
0.290742
0.292561
0.174343
0.312521
  1.8151
0.645237
0.297958
0.292561
0.174343
0.312521
  1.8151
0.645237
0.297958
0.295426
0.174081
0.313485
 1.80761
0.648489
0.305167
0.295426
0.174081
0.313485
 1.80761
0.648489
0.305167
0.298288
0.173818
0.314446
 1.80011
0.651738
0.312368
0.298288
0.173818
0.314446
 1.80011
0.651738
0.312368
0.301146
0.173555
0.315405
 1.79259
0.654982
0.319562
0.301146
0.173555
0.315405
 1.79259
0.654982
0.319562
0.303999
 0.17329
0.316362
 1.78505
0.658224
 0.32675
0.303999
 0.17329
0.316362
 1.78505
0.658224
 0.32675
0.306849
0.173024
0.317317
  1.7775
0.661462
0.333932
0.306849
0.173024
0.317317
  1.7775
0.661462
0.333932
0.309696
0.172757
0.318269
 1.76994
0.664697
0.341108
0.309696
0.172757
0.318269
 1.76994
0.664697
0.341108
0.312538
0.172489
 0.31922
 1.76236
0.667929
0.348279
0.312538
0.172489
 0.31922
 1.76236
0.667929
0.348279
0.315378
0.172221
0.320169
 1.75478
0.671159
0.355445
0.315378
0.172221
0.320169
 1.75478
0.671159
0.355445
0.318214
0.171952
0.321116
 1.74719
0.674385
0.362606
0.318214
0.171952
0.321116
 1.74719
0.674385
0.362606
0.321046
0.171682
0.322062
 1.73959
0.677609
0.369761
0.321046
0.171682
0.322062
 1.73959
0.677609
0.369761
0.323823
0.171412
 0.32298
  1.7318
0.680708
 0.37681
0.323823
0.171412
 0.32298
  1.7318
0.680708
 0.37681
0.326506
0.171142
0.323851
 1.72372
0.683595
0.383662
0.326506
0.171142
0.323851
 1.72372
0.683595
0.383662
0.329093
0.170874
0.324677
 1.71542
0.686279
0.390309
0.329093
0.170874
0.324677
 1.71542
0.686279
0.390309
0.331586
0.170605
0.325456
 1.70698
0.688778
0.396749
0.331586
0.170605
0.325456
 1.70698
0.688778
0.396749
0.333985
0.170337
0.326189
 1.69845
0.691103
0.402984
0.333985
0.170337
0.326189
 1.69845
0.691103
0.402984
0.336289
 0.17007
0.326876
 1.68989
0.693265
0.409015
0.336289
 0.17007
0.326876
 1.68989
0.693265
0.409015
0.338499
0.169803
0.327516
 1.68134
0.695275
0.414842
0.338499
0.169803
0.327516
 1.68134
0.695275
0.414842
0.340615
0.169537
0.328111
 1.67283
0.697139
0.420469
0.340615
0.169537
0.328111
 1.67283
0.697139
0.420469
0.342638
0.169271
 0.32866
 1.66441
0.698864
0.425895
0.342638
0.169271
 0.32866
 1.66441
0.698864
0.425895
0.344566
0.169006
0.329164
 1.65601
0.700314
0.431005
0.344566
0.169006
0.329164
 1.65601
0.700314
0.431005
0.346401
0.168741
0.329622
 1.64792
0.701926
0.436159
0.346401
0.168741
0.329622
 1.64792
0.701926
0.436159
0.348143
0.168476
0.330034
 1.63986
0.703238
0.440971
0.348143
0.168476
0.330034
 1.63986
0.703238
0.440971
0.349792
0.168212
  0.3304
   1.632
0.704473
0.445624
0.349792
0.168212
  0.3304
   1.632
0.704473
0.445624
0.351347
0.167948
0.330722
 1.62434
0.705628
0.450115
0.351347
0.167948
0.330722
 1.62434
0.705628
0.450115
0.352809
0.167684
0.330998
 1.61688
0.706699
 0.45444
0.352809
0.167684
0.330998
 1.61688
0.706699
 0.45444
0.354179
0.167421
0.331229
 1.60946
0.707397
0.458346
0.354179
0.167421
0.331229
 1.60946
0.707397
0.458346
0.355455
0.167158
0.331414
 1.60243
 0.70829
0.462323
0.355455
0.167158
0.331414
 1.60243
 0.70829
0.462323
0.356639
0.166896
0.331555
 1.59542
0.708763
0.465839
0.356639
0.166896
0.331555
 1.59542
0.708763
0.465839
0.357731
0.166633
0.331651
 1.58892
0.709209
0.469421
0.357731
0.166633
0.331651
 1.58892
0.709209
0.469421
 0.35873
0.166372
0.331702
 1.58225
0.709713
0.472559
 0.35873
0.166372
0.331702
 1.58225
0.709713
0.472559
0.359661
0.166124
0.331673
 1.57608
0.710071
0.475743
0.359661
0.166124
0.331673
 1.57608
0.710071
0.475743
0.360469
0.165859
0.331644
 1.56998
0.710292
0.478551
0.360469
0.165859
0.331644
 1.56998
0.710292
0.478551
0.361152
0.165576
0.331614
 1.56395
0.710377
0.480982
0.361152
0.165576
0.331614
 1.56395
0.710377
0.480982
0.361802
0.165327
0.331458
 1.55864
0.710335
 0.48368
0.361802
0.165327
0.331458
 1.55864
0.710335
 0.48368
0.362341
0.165067
0.331285
 1.55334
0.710231
0.485986
0.362341
0.165067
0.331285
 1.55334
0.710231
0.485986
0.362787
0.164807
0.331068
 1.54825
0.710027
0.488076
0.362787
0.164807
0.331068
 1.54825
0.710027
0.488076
0.363143
0.164548
0.330806
 1.54339
0.709725
0.489968
0.363143
0.164548
0.330806
 1.54339
0.709725
0.489968
 0.36339
 0.16432
  0.3305
 1.53896
 0.70947
0.491791
 0.36339
 0.16432
  0.3305
 1.53896
 0.70947
0.491791
0.363569
0.164043
0.330151
 1.53439
0.708799
0.493125
0.363569
0.164043
0.330151
 1.53439
0.708799
0.493125
 0.36365
0.163781
0.329756
 1.53032
0.708322
0.494526
 0.36365
0.163781
0.329756
 1.53032
0.708322
0.494526
0.363655
0.163486
0.329318
 1.52619
0.707468
 0.49547
0.363655
0.163486
0.329318
 1.52619
0.707468
 0.49547
 0.36354
0.163255
0.328836
 1.52266
0.706767
0.496438
 0.36354
0.163255
0.328836
 1.52266
0.706767
0.496438
0.363345
0.162999
0.328309
 1.51914
0.705753
0.497002
0.363345
0.162999
0.328309
 1.51914
0.705753
0.497002
0.363082
0.162752
0.327755
 1.51606
0.704896
 0.49753
0.363082
0.162752
0.327755
 1.51606
0.704896
 0.49753
0.362819
0.162547
0.327224
 1.51346
0.704183
 0.49785
0.362819
0.162547
0.327224
 1.51346
0.704183
 0.49785
0.362557
0.162383
0.326714
 1.51127
0.703602
0.498003
0.362557
0.162383
0.326714
 1.51127
0.703602
0.498003
0.362295
0.162261
0.326228
 1.50958
0.703368
0.498259
0.362295
0.162261
0.326228
 1.50958
0.703368
0.498259
0.361999
0.162245
0.325772
 1.50809
0.703358
0.498281
0.361999
0.162245
0.325772
 1.50809
0.703358
0.498281
0.361776
 0.16214
0.325323
 1.50671
0.703216
0.498421
0.361776
 0.16214
0.325323
 1.50671
0.703216
0.498421
0.361502
0.162169
0.324909
 1.50588
0.703185
0.498666
0.361502
0.162169
0.324909
 1.50588
0.703185
0.498666
0.361239
0.162223
0.324515
 1.50475
0.703365
0.498673
0.361239
0.162223
0.324515
 1.50475
0.703365
0.498673
0.360984
0.162305
0.324142
 1.50417
0.703372
0.499024
0.360984
0.162305
0.324142
 1.50417
0.703372
0.499024
0.360736
0.162419
0.323791
 1.50343
0.703474
  0.4993
0.360736
0.162419
0.323791
 1.50343
0.703474
  0.4993
0.360496
0.162562
0.323462
 1.50271
0.703578
0.499637
0.360496
0.162562
0.323462
 1.50271
0.703578
0.499637
0.360262
0.162738
0.323156
 1.50201
0.703677
0.500047
0.360262
0.162738
0.323156
 1.50201
0.703677
0.500047
 0.35999
0.163026
 0.32288
 1.50124
 0.70395
0.500367
 0.35999
0.163026
 0.32288
 1.50124
 0.70395
0.500367
0.359765
0.163273
0.322618
 1.50052
0.704019
0.500936
0.359765
0.163273
0.322618
 1.50052
0.704019
0.500936
0.359489
0.163656
0.322391
 1.49968
0.704298
 0.50138
0.359489
0.163656
0.322391
 1.49968
0.704298
 0.50138
0.359271
 0.16398
0.322174
 1.49878
0.704178
0.501992
0.359271
 0.16398
0.322174
 1.49878
0.704178
0.501992
0.358993
0.164454
0.321995
 1.49795
0.704585
0.502725
0.358993
0.164454
0.321995
 1.49795
0.704585
0.502725
 0.35878
0.164856
0.321825
 1.49699
0.704466
0.503574
 0.35878
0.164856
0.321825
 1.49699
0.704466
0.503574
0.358502
0.165418
0.321692
 1.49588
0.704632
0.504285
0.358502
0.165418
0.321692
 1.49588
0.704632
0.504285
0.358293
0.165902
0.321569
 1.49494
0.704682
0.505537
0.358293
0.165902
0.321569
 1.49494
0.704682
0.505537
0.358058
0.166574
0.321484
 1.49382
0.704925
0.506616
0.358058
0.166574
0.321484
 1.49382
0.704925
0.506616
0.357806
0.167115
0.321484
 1.49254
0.704714
0.507771
0.357806
0.167115
0.321484
 1.49254
0.704714
0.507771
0.357558
0.167863
0.321369
 1.49113
0.704766
0.508909
0.357558
0.167863
0.321369
 1.49113
0.704766
0.508909
0.357273
0.168469
0.321369
 1.48965
0.704516
0.510238
0.357273
0.168469
0.321369
 1.48965
0.704516
0.510238
0.357037
0.169304
0.321383
 1.48805
0.704429
0.511511
0.357037
0.169304
0.321383
 1.48805
0.704429
0.511511
0.356849
0.170053
0.321382
 1.48653
0.704153
0.513229
0.356849
0.170053
0.321382
 1.48653
0.704153
0.513229
0.356614
0.170968
0.321395
 1.48485
0.704144
0.514851
0.356614
0.170968
0.321395
 1.48485
0.704144
0.514851
0.356391
0.171783
0.321493
 1.48304
0.703719
0.516599
0.356391
0.171783
0.321493
 1.48304
0.703719
0.516599
0.356129
0.172758
0.321598
 1.48108
0.703545
0.518282
0.356129
0.172758
0.321598
 1.48108
0.703545
0.518282
0.355927
0.173677
0.321714
 1.47913
0.703102
0.520293
0.355927
0.173677
0.321714
 1.47913
0.703102
0.520293
0.355672
0.174731
0.321866
 1.47699
0.702835
0.522184
0.355672
0.174731
0.321866
 1.47699
0.702835
0.522184
0.355469
0.175741
0.322031
 1.47483
0.702329
0.524368
0.355469
0.175741
0.322031
 1.47483
0.702329
0.524368
0.355221
0.176871
 0.32223
  1.4725
0.701959
0.526466
0.355221
0.176871
 0.32223
  1.4725
0.701959
0.526466
0.355015
0.177976
0.322445
 1.47013
0.701391
0.528818
0.355015
0.177976
0.322445
 1.47013
0.701391
0.528818
0.354808
0.179128
0.322685
 1.46766
0.700794
0.531252
0.354808
0.179128
0.322685
 1.46766
0.700794
0.531252
0.354556
0.180399
0.322957
 1.46501
0.700337
0.533589
0.354556
0.180399
0.322957
 1.46501
0.700337
0.533589
0.354345
0.181648
0.323247
 1.46232
0.699686
0.536178
0.354345
0.181648
0.323247
 1.46232
0.699686
0.536178
 0.35413
0.182947
0.323561
 1.45953
0.699004
0.538849
 0.35413
0.182947
0.323561
 1.45953
0.699004
0.538849
0.353913
0.184295
0.323901
 1.45663
0.698298
0.541593
0.353913
0.184295
0.323901
 1.45663
0.698298
0.541593
0.353692
0.185694
0.324266
 1.45361
0.697568
 0.54441
0.353692
0.185694
0.324266
 1.45361
0.697568
 0.54441
0.353467
0.187144
0.324657
 1.45049
0.696811
0.547301
0.353467
0.187144
0.324657
 1.45049
0.696811
0.547301
0.353238
0.188646
0.325073
 1.44726
0.696031
 0.55026
0.353238
0.188646
0.325073
 1.44726
0.696031
 0.55026
0.353064
0.190107
0.325503
 1.44401
0.695011
0.553536
0.353064
0.190107
0.325503
 1.44401
0.695011
0.553536
0.352825
0.191714
 0.32597
 1.44055
0.694188
 0.55663
0.352825
0.191714
 0.32597
 1.44055
0.694188
 0.55663
0.352654
0.193261
 0.32645
  1.4371
0.693093
0.560081
0.352654
0.193261
 0.32645
  1.4371
0.693093
0.560081
0.352451
0.194901
 0.32696
 1.43349
0.692072
0.563488
0.352451
0.194901
 0.32696
 1.43349
0.692072
0.563488
 0.35225
0.196585
0.327494
 1.42977
0.691013
0.566978
 0.35225
0.196585
0.327494
 1.42977
0.691013
0.566978
 0.35205
0.198311
0.328053
 1.42595
0.689912
0.570559
 0.35205
0.198311
0.328053
 1.42595
0.689912
0.570559
0.351853
0.200079
0.328637
 1.42203
0.688765
0.574233
0.351853
0.200079
0.328637
 1.42203
0.688765
0.574233
0.351656
 0.20189
0.329245
   1.418
0.687578
0.577993
0.351656
 0.20189
0.329245
   1.418
0.687578
0.577993
0.351462
0.203734
0.329873
 1.41386
0.686315
0.581872
0.351462
0.203734
0.329873
 1.41386
0.686315
0.581872
 0.35127
0.205579
0.330505
 1.40957
0.684928
0.585895
 0.35127
0.205579
0.330505
 1.40957
0.684928
0.585895
 0.35108
0.207426
0.331141
 1.40516
0.683435
0.590038
 0.35108
0.207426
0.331141
 1.40516
0.683435
0.590038
0.350893
0.209275
0.331782
 1.40065
0.681818
0.594324
0.350893
0.209275
0.331782
 1.40065
0.681818
0.594324
0.350707
0.211125
0.332427
 1.39604
0.680131
0.598689
0.350707
0.211125
0.332427
 1.39604
0.680131
0.598689
0.350524
0.212978
0.333076
 1.39137
0.678382
0.603125
0.350524
0.212978
0.333076
 1.39137
0.678382
0.603125
0.350343
0.214832
0.333729
 1.38663
0.676571
0.607633
0.350343
0.214832
0.333729
 1.38663
0.676571
0.607633
0.350165
0.216688
0.334387
 1.38184
0.674717
 0.61219
0.350165
0.216688
0.334387
 1.38184
0.674717
 0.61219
0.349989
0.218546
0.335049
   1.377
0.672821
0.616795
0.349989
0.218546
0.335049
   1.377
0.672821
0.616795
0.349815
0.220405
0.335716
 1.37213
0.670892
0.621438
0.349815
0.220405
0.335716
 1.37213
0.670892
0.621438
0.349643
0.222267
0.336387
 1.36724
0.668934
0.626115
0.349643
0.222267
0.336387
 1.36724
0.668934
0.626115
0.349474
 0.22413
0.337062
 1.36231
0.666954
0.630818
0.349474
 0.22413
0.337062
 1.36231
0.666954
0.630818
0.349307
0.225995
0.337743
 1.35737
0.664955
0.635543
0.349307
0.225995
0.337743
 1.35737
0.664955
0.635543
0.349143
0.227862
0.338427
 1.35241
0.662938
0.640287
0.349143
0.227862
0.338427
 1.35241
0.662938
0.640287
0.348981
0.229731
0.339116
 1.34743
0.660907
0.645047
0.348981
0.229731
0.339116
 1.34743
0.660907
0.645047
0.348821
0.231602
 0.33981
 1.34244
0.658865
0.649822
0.348821
0.231602
 0.33981
 1.34244
0.658865
0.649822
0.348664
0.233474
0.340508
 1.33745
0.656813
0.654607
0.348664
0.233474
0.340508
 1.33745
0.656813
0.654607
0.348509
0.235349
 0.34121
 1.33244
0.654752
0.659402
0.348509
0.235349
 0.34121
 1.33244
0.654752
0.659402
0.348357
0.237226
0.341918
 1.32743
0.652683
0.664206
0.348357
0.237226
0.341918
 1.32743
0.652683
0.664206
0.348206
0.239104
 0.34263
 1.32241
0.650608
0.669016
0.348206
0.239104
 0.34263
 1.32241
0.650608
0.669016
0.348059
0.240985
0.343346
 1.31739
0.648529
0.673832
0.348059
0.240985
0.343346
 1.31739
0.648529
0.673832
0.347913
0.242867
0.344068
 1.31237
0.646443
0.678654
0.347913
0.242867
0.344068
 1.31237
0.646443
0.678654
0.347913
0.242867
0.344068
 1.31237
0.646443
0.678654
 0.34777
0.244752
0.344793
 1.30734
0.644355
0.683479
0.347628
0.246657
0.345531
 1.30194
0.642112
0.688674
0.347628
0.246657
0.345531
 1.30194
0.642112
0.688674
 0.34749
0.248546
0.346266
 1.29693
 0.64003
0.693477
 0.34749
0.248546
0.346266
 1.29693
 0.64003
0.693477
0.347355
0.250436
0.347006
 1.29195
0.637953
0.698259
0.347355
0.250436
0.347006
 1.29195
0.637953
0.698259
0.347221
0.252328
0.347751
 1.28697
0.635871
 0.70305
0.347221
0.252328
0.347751
 1.28697
0.635871
 0.70305
 0.34709
0.254222
  0.3485
 1.28197
0.633784
0.707851
 0.34709
0.254222
  0.3485
 1.28197
0.633784
0.707851
0.346962
0.256119
0.349254
 1.27697
0.631691
0.712659
0.346962
0.256119
0.349254
 1.27697
0.631691
0.712659
0.346836
0.258017
0.350013
 1.27196
0.629594
0.717475
0.346836
0.258017
0.350013
 1.27196
0.629594
0.717475
0.346713
0.259917
0.350776
 1.26695
0.627494
0.722297
0.346713
0.259917
0.350776
 1.26695
0.627494
0.722297
0.346591
 0.26182
0.351544
 1.26194
 0.62539
0.727124
0.346591
 0.26182
0.351544
 1.26194
 0.62539
0.727124
0.346473
0.263724
0.352317
 1.25692
0.623282
0.731955
0.346473
0.263724
0.352317
 1.25692
0.623282
0.731955
0.346356
0.265631
0.353095
  1.2519
0.621172
 0.73679
0.346356
0.265631
0.353095
  1.2519
0.621172
 0.73679
0.346242
0.267539
0.353878
 1.24688
0.619059
0.741629
0.346242
0.267539
0.353878
 1.24688
0.619059
0.741629
0.346131
 0.26945
0.354665
 1.24185
0.616943
 0.74647
0.346131
 0.26945
0.354665
 1.24185
0.616943
 0.74647
0.346022
0.271363
0.355457
 1.23683
0.614825
0.751314
0.346022
0.271363
0.355457
 1.23683
0.614825
0.751314
0.345915
0.273278
0.356254
  1.2318
0.612704
0.756159
0.345915
0.273278
0.356254
  1.2318
0.612704
0.756159
0.345811
0.275194
0.357056
 1.22677
0.610582
0.761007
0.345811
0.275194
0.357056
 1.22677
0.610582
0.761007
 0.34571
0.277113
0.357862
 1.22175
0.608457
0.765857
 0.34571
0.277113
0.357862
 1.22175
0.608457
0.765857
 0.34561
0.279034
0.358673
 1.21672
0.606329
0.770708
 0.34561
0.279034
0.358673
 1.21672
0.606329
0.770708
0.345513
0.280957
 0.35949
 1.21169
0.604199
0.775561
0.345513
0.280957
 0.35949
 1.21169
0.604199
0.775561
0.345419
0.282882
0.360311
 1.20666
0.602067
0.780415
0.345419
0.282882
0.360311
 1.20666
0.602067
0.780415
0.345327
0.284808
0.361136
 1.20163
0.599932
0.785271
0.345327
0.284808
0.361136
 1.20163
0.599932
0.785271
0.345238
0.286737
0.361967
  1.1966
0.597795
0.790129
0.345238
0.286737
0.361967
  1.1966
0.597795
0.790129
0.345151
0.288668
0.362802
 1.19158
0.595656
0.794988
0.345151
0.288668
0.362802
 1.19158
0.595656
0.794988
0.345066
0.290601
0.363642
 1.18655
0.593514
0.799848
0.345066
0.290601
0.363642
 1.18655
0.593514
0.799848
0.344984
0.292535
0.364487
 1.18152
 0.59137
0.804709
0.344984
0.292535
0.364487
 1.18152
 0.59137
0.804709
0.344904
0.294472
0.365337
 1.17649
0.589223
0.809572
0.344904
0.294472
0.365337
 1.17649
0.589223
0.809572
0.344827
 0.29641
0.366191
 1.17146
0.587073
0.814437
0.344827
 0.29641
0.366191
 1.17146
0.587073
0.814437
0.344753
0.298341
0.367045
 1.16642
0.584902
0.819325
0.344753
0.298341
0.367045
 1.16642
0.584902
0.819325
0.344681
0.300232
0.367884
 1.16135
0.582659
0.824295
0.344681
0.300232
0.367884
 1.16135
0.582659
0.824295
0.344613
0.302085
0.368707
 1.15635
0.580436
0.829506
0.344613
0.302085
0.368707
 1.15635
0.580436
0.829506
0.344547
0.303899
0.369514
 1.15122
0.578064
0.834506
0.344547
0.303899
0.369514
 1.15122
0.578064
0.834506
0.344485
0.305674
0.370306
 1.14596
 0.57556
0.839269
0.344485
0.305674
0.370306
 1.14596
 0.57556
0.839269
0.344425
 0.30741
0.371082
 1.14101
0.573249
0.844526
0.344425
 0.30741
0.371082
 1.14101
0.573249
0.844526
0.344368
0.309108
0.371843
 1.13601
0.570868
0.849612
0.344368
0.309108
0.371843
 1.13601
0.570868
0.849612
0.344315
0.310766
0.372588
 1.13106
0.568488
0.854656
0.344315
0.310766
0.372588
 1.13106
0.568488
0.854656
0.344236
0.312409
0.373324
 1.12611
0.566141
0.859552
0.344236
0.312409
0.373324
 1.12611
0.566141
0.859552
0.344201
0.313979
0.374034
 1.12132
0.563781
0.864567
0.344201
0.313979
0.374034
 1.12132
0.563781
0.864567
0.344211
0.315477
0.374719
 1.11668
0.561415
 0.86969
0.344211
0.315477
0.374719
 1.11668
0.561415
 0.86969
 0.34413
0.317012
0.375411
 1.11193
0.559148
0.874381
 0.34413
0.317012
0.375411
 1.11193
0.559148
0.874381
0.344091
0.318477
0.376077
 1.10733
0.556888
0.879147
0.344091
0.318477
0.376077
 1.10733
0.556888
0.879147
0.344054
0.319903
0.376728
 1.10283
0.554661
0.883855
0.344054
0.319903
0.376728
 1.10283
0.554661
0.883855
0.344021
 0.32129
0.377363
 1.09841
0.552471
0.888489
0.344021
 0.32129
0.377363
 1.09841
0.552471
0.888489
 0.34399
0.322639
0.377982
 1.09408
0.550322
0.893047
 0.34399
0.322639
0.377982
 1.09408
0.550322
0.893047
0.343961
 0.32395
0.378585
 1.08985
0.548215
0.897523
0.343961
 0.32395
0.378585
 1.08985
0.548215
0.897523
0.343936
0.325221
0.379172
 1.08571
 0.54615
0.901917
0.343936
0.325221
0.379172
 1.08571
 0.54615
0.901917
0.343913
0.326455
0.379744
 1.08167
0.544129
0.906224
0.343913
0.326455
0.379744
 1.08167
0.544129
0.906224
0.343892
 0.32765
  0.3803
 1.07772
0.542154
0.910445
0.343892
 0.32765
  0.3803
 1.07772
0.542154
0.910445
0.343874
0.328806
 0.38084
 1.07387
0.540224
0.914577
0.343874
0.328806
 0.38084
 1.07387
0.540224
0.914577
0.343858
0.329924
0.381364
 1.07011
0.538339
0.918619
0.343858
0.329924
0.381364
 1.07011
0.538339
0.918619
0.343845
0.331004
0.381872
 1.06646
0.536501
0.922569
0.343845
0.331004
0.381872
 1.06646
0.536501
0.922569
0.343834
0.332045
0.382364
  1.0629
0.534708
0.926427
0.343834
0.332045
0.382364
  1.0629
0.534708
0.926427
0.343841
0.333031
0.382841
  1.0594
0.532962
0.930191
0.343841
0.333031
0.382841
  1.0594
0.532962
0.930191
0.343854
0.333976
0.383301
 1.05598
0.531262
0.933861
0.343854
0.333976
0.383301
 1.05598
0.531262
0.933861
 0.34385
0.334902
0.383746
 1.05274
0.529608
0.937436
 0.34385
0.334902
0.383746
 1.05274
0.529608
0.937436
0.343829
0.335809
0.384175
 1.04964
0.527999
0.940916
0.343829
0.335809
0.384175
 1.04964
0.527999
0.940916
0.343793
0.336695
0.384587
  1.0467
0.526437
  0.9443
0.343793
0.336695
0.384587
  1.0467
0.526437
  0.9443
0.343813
0.337488
0.384985
 1.04368
0.524918
0.947588
0.343813
0.337488
0.384985
 1.04368
0.524918
0.947588
0.343783
0.338294
0.385366
 1.04091
0.523445
0.950778
0.343783
0.338294
0.385366
 1.04091
0.523445
0.950778
0.343824
0.338994
0.385731
 1.03803
0.522017
0.953872
0.343824
0.338994
0.385731
 1.03803
0.522017
0.953872
0.343833
0.339689
 0.38608
 1.03536
0.520634
0.956868
0.343833
0.339689
 0.38608
 1.03536
0.520634
0.956868
0.343843
0.340346
0.386413
  1.0328
0.519294
0.959766
0.343843
0.340346
0.386413
  1.0328
0.519294
0.959766
0.343856
0.340965
 0.38673
 1.03033
   0.518
0.962566
0.343856
0.340965
 0.38673
 1.03033
   0.518
0.962566
 0.34387
0.341545
0.387031
 1.02797
0.516748
0.965269
 0.34387
0.341545
0.387031
 1.02797
0.516748
0.965269
0.343886
0.342087
0.387316
  1.0257
 0.51554
0.967873
0.343886
0.342087
0.387316
  1.0257
 0.51554
0.967873
0.343904
0.342591
0.387585
 1.02354
0.514375
0.970378
0.343904
0.342591
0.387585
 1.02354
0.514375
0.970378
0.343924
0.343056
0.387837
 1.02147
0.513253
0.972785
0.343924
0.343056
0.387837
 1.02147
0.513253
0.972785
0.343946
0.343483
0.388074
  1.0195
0.512174
0.975093
0.343946
0.343483
0.388074
  1.0195
0.512174
0.975093
 0.34397
0.343872
0.388294
 1.01763
0.511137
0.977302
 0.34397
0.343872
0.388294
 1.01763
0.511137
0.977302
0.343995
0.344222
0.388498
 1.01586
0.510142
0.979411
0.343995
0.344222
0.388498
 1.01586
0.510142
0.979411
0.344023
0.344533
0.388686
 1.01419
0.509189
0.981422
0.344023
0.344533
0.388686
 1.01419
0.509189
0.981422
0.344052
0.344806
0.388858
 1.01262
0.508279
0.983334
0.344052
0.344806
0.388858
 1.01262
0.508279
0.983334
0.344083
0.345041
0.389013
 1.01115
0.507409
0.985145
0.344083
0.345041
0.389013
 1.01115
0.507409
0.985145
0.344115
0.345237
0.389152
 1.00977
0.506581
0.986858
0.344115
0.345237
0.389152
 1.00977
0.506581
0.986858
 0.34415
0.345395
0.389274
  1.0085
0.505794
 0.98847
 0.34415
0.345395
0.389274
  1.0085
0.505794
 0.98847
0.344186
0.345514
0.389381
 1.00732
0.505048
0.989983
0.344186
0.345514
0.389381
 1.00732
0.505048
0.989983
0.344224
0.345594
 0.38947
 1.00625
0.504343
0.991396
0.344224
0.345594
 0.38947
 1.00625
0.504343
0.991396
0.344299
0.345682
0.389471
 1.00528
0.503826
0.992728
0.344299
0.345682
0.389471
 1.00528
0.503826
0.992728
0.344235
0.345588
0.389611
 1.00426
 0.50288
0.993782
0.344235
0.345588
0.389611
 1.00426
 0.50288
0.993782
0.344168
 0.34561
0.389651
 1.00304
0.502447
0.994323
0.344168
 0.34561
0.389651
 1.00304
0.502447
0.994323
 0.34405
0.345685
0.389569
 1.00153
0.502289
 0.99435
 0.34405
0.345685
0.389569
 1.00153
0.502289
 0.99435
0.343799
0.345706
0.389492
0.999726
0.501972
0.993867
0.343799
0.345706
0.389492
0.999726
0.501972
0.993867
0.343457
0.345728
0.389374
0.997646
0.501631
0.992936
0.343457
0.345728
0.389374
0.997646
0.501631
0.992936
0.343026
0.345753
0.389213
0.995303
0.501243
0.991598
0.343026
0.345753
0.389213
0.995303
0.501243
0.991598
0.342504
 0.34578
0.389009
0.992705
0.500777
0.989881
0.342504
 0.34578
0.389009
0.992705
0.500777
0.989881
0.341891
 0.34581
0.388764
0.989754
0.500343
0.987762
0.341891
 0.34581
0.388764
0.989754
0.500343
0.987762
0.341189
0.345841
0.388475
 0.98672
0.499472
0.985261
0.341189
0.345841
0.388475
 0.98672
0.499472
0.985261
0.340396
0.345875
0.388144
0.983274
0.498748
0.982452
0.340396
0.345875
0.388144
0.983274
0.498748
0.982452
0.339513
 0.34591
0.387771
0.979829
 0.49761
0.979536
0.339513
 0.34591
0.387771
0.979829
 0.49761
0.979536
 0.33854
0.345948
0.387354
0.976074
 0.49645
0.976367
 0.33854
0.345948
0.387354
0.976074
 0.49645
0.976367
0.337477
0.345988
0.386896
0.972105
0.495128
0.972991
0.337477
0.345988
0.386896
0.972105
0.495128
0.972991
0.336323
0.346029
0.386394
0.967809
0.493551
0.969043
0.336323
0.346029
0.386394
0.967809
0.493551
0.969043
0.335054
0.346097
0.385849
0.963393
0.491785
0.964925
0.335054
0.346097
0.385849
0.963393
0.491785
0.964925
0.333745
0.346118
0.385262
0.958609
0.489807
0.960565
0.333745
0.346118
0.385262
0.958609
0.489807
0.960565
0.332301
0.346184
0.384631
0.953737
0.487611
0.955962
0.332301
0.346184
0.384631
0.953737
0.487611
0.955962
0.330807
0.346215
0.383958
0.948542
0.485191
0.951119
0.330807
0.346215
0.383958
0.948542
0.485191
0.951119
0.329187
 0.34628
0.383241
0.943235
0.482541
0.946041
0.329187
 0.34628
0.383241
0.943235
0.482541
0.946041
0.327493
0.346331
0.382482
0.937672
0.479657
 0.94073
0.327493
0.346331
0.382482
0.937672
0.479657
 0.94073
0.325709
0.346385
0.381679
  0.9319
0.476537
0.935189
0.325709
0.346385
0.381679
  0.9319
0.476537
0.935189
0.323834
 0.34644
0.380833
0.925924
0.473176
0.929422
0.323834
 0.34644
0.380833
0.925924
0.473176
0.929422
0.321868
0.346498
0.379943
0.919746
0.469571
0.923431
0.321868
0.346498
0.379943
0.919746
0.469571
0.923431
0.319812
0.346558
0.379011
0.913369
0.465721
0.917216
0.319812
0.346558
0.379011
0.913369
0.465721
0.917216
0.317681
0.346605
0.378035
0.906749
0.461622
0.910782
0.316568
0.346637
0.377526
0.903268
0.459399
0.907365
0.316568
0.346637
0.377526
0.903268
0.459399
0.907365
0.313054
0.346782
0.375949
0.893288
0.452908
0.897395
0.313054
0.346782
0.375949
0.893288
0.452908
0.897395
0.310723
0.346794
0.374861
0.886411
0.448374
0.890786
0.310723
0.346794
0.374861
0.886411
0.448374
0.890786
 0.30821
0.346892
 0.37373
0.879573
0.443555
0.883904
 0.30821
0.346892
 0.37373
0.879573
0.443555
0.883904
0.305679
0.346927
0.372555
 0.87227
0.438457
0.876757
0.305679
0.346927
0.372555
 0.87227
0.438457
0.876757
0.302954
0.347055
0.371337
0.865051
 0.43308
0.869355
0.302954
0.347055
0.371337
0.865051
 0.43308
0.869355
0.300278
0.347065
0.370076
 0.85718
0.427426
0.861705
0.300278
0.347065
0.370076
 0.85718
0.427426
0.861705
0.297443
0.347136
0.368772
0.849323
0.421493
0.853813
0.297443
0.347136
0.368772
0.849323
0.421493
0.853813
0.294525
0.347209
0.367429
0.841284
0.415284
0.845713
0.294525
0.347209
0.367429
0.841284
0.415284
0.845713
0.291595
0.347283
 0.36608
 0.83335
0.408803
0.837681
0.291595
0.347283
 0.36608
 0.83335
0.408803
0.837681
0.288666
0.347359
0.364734
0.825566
0.402088
0.829759
0.288666
0.347359
0.364734
0.825566
0.402088
0.829759
0.285739
0.347436
0.363391
0.817911
0.395176
0.821934
0.285739
0.347436
0.363391
0.817911
0.395176
0.821934
0.282828
0.347503
0.362051
0.810381
0.388099
0.814236
0.282828
0.347503
0.362051
0.810381
0.388099
0.814236
0.279893
0.347592
0.360712
0.802919
0.380874
0.806514
0.279893
0.347592
0.360712
0.802919
0.380874
0.806514
0.276968
0.347676
0.359377
0.795549
0.373533
0.798886
0.276968
0.347676
0.359377
0.795549
0.373533
0.798886
0.274048
0.347758
0.358044
0.788251
 0.36609
0.791317
0.274048
0.347758
0.358044
0.788251
 0.36609
0.791317
0.271129
0.347842
0.356713
0.781011
0.358562
0.783789
0.271129
0.347842
0.356713
0.781011
0.358562
0.783789
0.268212
0.347927
0.355385
0.773823
0.350962
0.776295
0.268212
0.347927
0.355385
0.773823
0.350962
0.776295
0.265297
0.348012
0.354059
0.766677
  0.3433
0.768831
0.265297
0.348012
0.354059
0.766677
  0.3433
0.768831
0.262382
  0.3481
0.352736
0.759568
0.335586
 0.76139
0.262382
  0.3481
0.352736
0.759568
0.335586
 0.76139
 0.25947
0.348188
0.351414
 0.75249
0.327829
0.753969
 0.25947
0.348188
0.351414
 0.75249
0.327829
0.753969
0.256559
0.348278
0.350095
0.745439
0.320035
0.746566
0.256559
0.348278
0.350095
0.745439
0.320035
0.746566
0.253649
0.348369
0.348778
0.738409
0.312209
0.739177
0.253649
0.348369
0.348778
0.738409
0.312209
0.739177
 0.25074
0.348461
0.347463
0.731399
0.304358
0.731799
 0.25074
0.348461
0.347463
0.731399
0.304358
0.731799
0.247833
0.348554
 0.34615
0.724404
0.296483
0.724431
0.247833
0.348554
 0.34615
0.724404
0.296483
0.724431
0.244928
0.348648
 0.34484
0.717423
 0.28859
0.717071
0.244928
0.348648
 0.34484
0.717423
 0.28859
0.717071
0.242023
0.348743
0.343531
0.710453
0.280681
0.709717
0.242023
0.348743
0.343531
0.710453
0.280681
0.709717
 0.23912
0.348839
0.342224
0.703492
0.272759
0.702369
 0.23912
0.348839
0.342224
0.703492
0.272759
0.702369
0.236218
0.348936
0.340919
0.696539
0.264825
0.695025
0.236218
0.348936
0.340919
0.696539
0.264825
0.695025
0.233317
0.349034
0.339616
0.689591
0.256882
0.687684
0.233317
0.349034
0.339616
0.689591
0.256882
0.687684
0.230417
0.349133
0.338315
 0.68265
0.248931
0.680346
0.230417
0.349133
0.338315
 0.68265
0.248931
0.680346
0.228975
0.349182
0.337672
0.679303
0.245104
0.676809
0.228975
0.349182
0.337672
0.679303
0.245104
0.676809
0.224594
0.349334
0.335689
0.668277
0.232384
0.665134
0.224594
0.349334
0.335689
0.668277
0.232384
0.665134
0.221698
0.349436
0.334394
0.661427
0.224506
0.657885
0.221698
0.349436
0.334394
0.661427
0.224506
0.657885
0.218803
0.349538
  0.3331
0.654565
0.216612
0.650623
0.218803
0.349538
  0.3331
0.654565
0.216612
0.650623
 0.21591
0.349641
0.331808
0.647692
0.208704
0.643351
 0.21591
0.349641
0.331808
0.647692
0.208704
0.643351
0.213017
0.349745
0.330518
0.640812
0.200783
 0.63607
0.213017
0.349745
0.330518
0.640812
0.200783
 0.63607
0.210125
 0.34985
0.329229
0.633924
0.192852
0.628781
0.210125
 0.34985
0.329229
0.633924
0.192852
0.628781
0.207234
0.349956
0.327941
0.627029
0.184912
0.621484
0.207234
0.349956
0.327941
0.627029
0.184912
0.621484
0.204344
0.350062
0.326655
0.620129
0.176964
0.614183
0.204344
0.350062
0.326655
0.620129
0.176964
0.614183
0.201455
0.350169
 0.32537
0.613223
 0.16901
0.606876
0.201455
0.350169
 0.32537
0.613223
 0.16901
0.606876
0.198567
0.350276
0.324087
0.606313
0.161051
0.599564
0.198567
0.350276
0.324087
0.606313
0.161051
0.599564
0.195732
0.350385
0.322832
0.599566
0.153129
 0.59244
0.195732
0.350385
0.322832
0.599566
0.153129
 0.59244
0.192989
0.350494
0.321625
0.593095
0.145298
0.585632
0.192989
0.350494
0.321625
0.593095
0.145298
0.585632
0.190338
0.350604
0.320464
0.586885
0.137585
0.579123
0.190338
0.350604
0.320464
0.586885
0.137585
0.579123
0.187778
0.350715
0.319352
0.580924
0.130012
0.572902
0.187778
0.350715
0.319352
0.580924
0.130012
0.572902
0.185309
0.350827
0.318286
0.575202
0.122597
0.566956
0.185309
0.350827
0.318286
0.575202
0.122597
0.566956
0.182932
0.350939
0.317268
 0.56971
0.115357
0.561274
0.182932
0.350939
0.317268
 0.56971
0.115357
0.561274
0.180645
0.351052
0.316297
0.564441
0.108304
0.555851
0.180645
0.351052
0.316297
0.564441
0.108304
0.555851
 0.17845
0.351166
0.315373
0.559389
0.101449
0.550678
 0.17845
0.351166
0.315373
0.559389
0.101449
0.550678
 0.176346
  0.35128
 0.314496
 0.554548
0.0948021
  0.54575
 0.176346
  0.35128
 0.314496
 0.554548
0.0948021
  0.54575
 0.174333
 0.351395
 0.313665
 0.549916
0.0883686
 0.541064
 0.174333
 0.351395
 0.313665
 0.549916
0.0883686
 0.541064
0.172411
0.351511
0.312882
0.545489
0.082156
0.536614
0.172411
0.351511
0.312882
0.545489
0.082156
0.536614
 0.170581
 0.351627
 0.312145
 0.541264
0.0761691
 0.532397
 0.170581
 0.351627
 0.312145
 0.541264
0.0761691
 0.532397
 0.168794
 0.351692
 0.311539
 0.537245
0.0701974
 0.528478
 0.168794
 0.351692
 0.311539
 0.537245
0.0701974
 0.528478
 0.167193
 0.351861
  0.31081
 0.533416
0.0649178
 0.524646
 0.167193
 0.351861
  0.31081
 0.533416
0.0649178
 0.524646
 0.165621
 0.351964
 0.310237
  0.52979
0.0595629
 0.521137
 0.165621
 0.351964
 0.310237
  0.52979
0.0595629
 0.521137
 0.164156
 0.352084
 0.309683
 0.526362
0.0545213
 0.517832
 0.164156
 0.352084
 0.309683
 0.526362
0.0545213
 0.517832
 0.162796
  0.35222
 0.309151
 0.523129
0.0497826
  0.51473
 0.162796
  0.35222
 0.309151
 0.523129
0.0497826
  0.51473
  0.16154
 0.352371
 0.308641
 0.520094
0.0453358
 0.511835
  0.16154
 0.352371
 0.308641
 0.520094
0.0453358
 0.511835
 0.160311
 0.352453
 0.308289
  0.51726
0.0408227
 0.509262
 0.160311
 0.352453
 0.308289
  0.51726
0.0408227
 0.509262
 0.159207
 0.352572
 0.307923
 0.514623
0.0367302
 0.506854
 0.159207
 0.352572
 0.307923
 0.514623
0.0367302
 0.506854
 0.158194
 0.352692
 0.307604
 0.512204
0.0329128
 0.504814
 0.158194
 0.352692
 0.307604
 0.512204
0.0329128
 0.504814
 0.157272
 0.352812
  0.30733
 0.509943
0.0292611
 0.502684
 0.157272
 0.352812
  0.30733
 0.509943
0.0292611
 0.502684
  0.15644
 0.352932
 0.307103
 0.507905
0.0258905
 0.500942
  0.15644
 0.352932
 0.307103
 0.507905
0.0258905
 0.500942
 0.155699
 0.353052
 0.306921
 0.506058
0.0227408
 0.499343
 0.155699
 0.353052
 0.306921
 0.506058
0.0227408
 0.499343
 0.155049
 0.353173
 0.306785
 0.504437
0.0198751
 0.498152
 0.155049
 0.353173
 0.306785
 0.504437
0.0198751
 0.498152
 0.154489
 0.353294
 0.306695
 0.503007
0.0172241
 0.497078
 0.154489
 0.353294
 0.306695
 0.503007
0.0172241
 0.497078
  0.15402
 0.353415
  0.30665
 0.501781
0.0148117
 0.496225
  0.15402
 0.353415
  0.30665
 0.501781
0.0148117
 0.496225
0.153666
0.353566
0.306653
0.500728
0.012721
0.495562
0.153666
0.353566
0.306653
0.500728
0.012721
0.495562
 0.153357
 0.353661
 0.306697
 0.499947
0.0106999
 0.495189
 0.153357
 0.353661
 0.306697
 0.499947
0.0106999
 0.495189
 0.153156
 0.353777
 0.306789
 0.499348
0.0089821
 0.495011
 0.153156
 0.353777
 0.306789
 0.499348
0.0089821
 0.495011
  0.153049
  0.353898
  0.306926
  0.498952
0.00751569
   0.49505
  0.153049
  0.353898
  0.306926
  0.498952
0.00751569
   0.49505
  0.153033
   0.35402
  0.307109
  0.498767
0.00628305
  0.495312
  0.153033
   0.35402
  0.307109
  0.498767
0.00628305
  0.495312
  0.153108
  0.354141
  0.307336
  0.498795
0.00528456
  0.495798
  0.153108
  0.354141
  0.307336
  0.498795
0.00528456
  0.495798
   0.15325
  0.354216
  0.307552
  0.498739
0.00472653
  0.496285
   0.15325
  0.354216
  0.307552
  0.498739
0.00472653
  0.496285
   0.15341
  0.354147
  0.307552
  0.497679
0.00532073
  0.495997
   0.15341
  0.354147
  0.307552
  0.497679
0.00532073
  0.495997
  0.153532
   0.35382
  0.307436
  0.495651
0.00666447
  0.495114
  0.153532
   0.35382
  0.307436
  0.495651
0.00666447
  0.495114
  0.153672
   0.35335
  0.307105
  0.492639
0.00902514
  0.493382
  0.153672
   0.35335
  0.307105
  0.492639
0.00902514
  0.493382
 0.153812
 0.352698
 0.306592
 0.488658
0.0122231
 0.490852
 0.153812
 0.352698
 0.306592
 0.488658
0.0122231
 0.490852
 0.153951
 0.351864
 0.305896
 0.483711
0.0162044
 0.487498
 0.153951
 0.351864
 0.305896
 0.483711
0.0162044
 0.487498
  0.15409
 0.350847
 0.305019
 0.477801
0.0209207
 0.483295
  0.15409
 0.350847
 0.305019
 0.477801
0.0209207
 0.483295
 0.154228
 0.349649
 0.303959
 0.470926
0.0263304
 0.478219
 0.154228
 0.349649
 0.303959
 0.470926
0.0263304
 0.478219
 0.154365
 0.348268
 0.302717
 0.463086
0.0323947
 0.472247
 0.154365
 0.348268
 0.302717
 0.463086
0.0323947
 0.472247
 0.154501
 0.346705
 0.301293
 0.454279
0.0390814
  0.46536
 0.154501
 0.346705
 0.301293
 0.454279
0.0390814
  0.46536
 0.154636
  0.34496
 0.299686
 0.444672
0.0462709
 0.457543
 0.154636
  0.34496
 0.299686
 0.444672
0.0462709
 0.457543
  0.15477
 0.343032
 0.297897
 0.433719
0.0542044
  0.44875
  0.15477
 0.343032
 0.297897
 0.433719
0.0542044
  0.44875
 0.154903
 0.340923
 0.295926
 0.421986
0.0625701
 0.438989
 0.154903
 0.340923
 0.295926
 0.421986
0.0625701
 0.438989
 0.155035
  0.33863
 0.293773
 0.412584
0.0699323
 0.428465
 0.155035
  0.33863
 0.293773
 0.412584
0.0699323
 0.428465
 0.155166
 0.336156
 0.291438
 0.399788
0.0789247
   0.4168
 0.155166
 0.336156
 0.291438
 0.399788
0.0789247
   0.4168
0.155295
0.333499
 0.28892
0.379683
0.091089
0.403556
0.155295
0.333499
 0.28892
0.379683
0.091089
0.403556
0.155423
0.330659
0.286221
0.364122
0.101254
  0.3897
0.155423
0.330659
0.286221
0.364122
0.101254
  0.3897
 0.15555
0.327745
0.283446
0.355698
0.108408
0.376028
 0.15555
0.327745
0.283446
0.355698
0.108408
0.376028
0.155676
0.324831
 0.28067
0.339231
0.118309
0.361355
0.155676
0.324831
 0.28067
0.339231
0.118309
0.361355
0.155801
0.321918
0.277895
0.313948
0.131391
0.345049
0.155801
0.321918
0.277895
0.313948
0.131391
0.345049
0.155925
0.319005
 0.27512
0.305499
0.137223
0.331373
0.155925
0.319005
 0.27512
0.305499
0.137223
0.331373
0.156048
0.316093
0.272345
0.281661
0.149704
0.314112
0.156048
0.316093
0.272345
0.281661
0.149704
0.314112
0.156169
0.313181
 0.26957
0.266008
0.158372
0.298526
0.156169
0.313181
 0.26957
0.266008
0.158372
0.298526
 0.15629
 0.31027
0.266794
0.250574
0.166835
0.282842
 0.15629
 0.31027
0.266794
0.250574
0.166835
0.282842
0.156409
0.307359
0.264019
0.241212
0.171821
 0.26986
0.156409
0.307359
0.264019
0.241212
0.171821
 0.26986
0.156526
0.304448
0.261243
0.219563
0.183617
0.250812
0.156526
0.304448
0.261243
0.219563
0.183617
0.250812
0.156643
0.301539
0.258467
0.213061
0.189678
0.236572
0.156643
0.301539
0.258467
0.213061
0.189678
0.236572
0.156759
 0.29863
 0.25569
0.191425
0.197327
0.222026
0.156759
 0.29863
 0.25569
0.191425
0.197327
0.222026
0.156873
0.295721
0.252912
0.170077
0.208739
0.201669
0.156873
0.295721
0.252912
0.170077
0.208739
0.201669
0.156987
0.292814
0.250133
0.158006
0.214235
0.189248
0.156987
0.292814
0.250133
0.158006
0.214235
0.189248
0.157048
0.291369
 0.24875
0.145348
0.220982
0.177192
0.157048
0.291369
 0.24875
0.145348
0.220982
0.177192
0.157199
0.286969
0.244542
0.121018
0.233155
0.150903
0.157199
0.286969
0.244542
0.121018
0.233155
0.150903
0.157312
0.284065
0.241759
0.108518
0.239192
0.138588
0.157312
0.284065
0.241759
0.108518
0.239192
0.138588
 0.157424
 0.281176
  0.23899
0.0924845
 0.247226
  0.12207
 0.157424
 0.281176
  0.23899
0.0924845
 0.247226
  0.12207
 0.159201
 0.280376
  0.23674
0.0708072
 0.260742
0.0980865
 0.159201
 0.280376
  0.23674
0.0708072
 0.260742
0.0980865
 0.161706
 0.280561
 0.234815
0.0554773
 0.272465
0.0801641
 0.161706
 0.280561
 0.234815
0.0554773
 0.272465
0.0801641
  0.16405
 0.280702
 0.233014
0.0391017
 0.283327
0.0613012
  0.16405
 0.280702
 0.233014
0.0391017
 0.283327
0.0613012
  0.16623
 0.280804
 0.231341
0.0238585
 0.292297
0.0450423
  0.16623
 0.280804
 0.231341
0.0238585
 0.292297
0.0450423
 0.168242
 0.280871
   0.2298
0.0118701
 0.299669
0.0313874
 0.168242
 0.280871
   0.2298
0.0118701
 0.299669
0.0313874
  0.170084
  0.280909
  0.228393
0.00141706
    0.3058
 0.0194595
  0.170084
  0.280909
  0.228393
0.00141706
    0.3058
 0.0194595
   0.171755
   0.280921
   0.227125
-0.00736717
   0.310824
 0.00921013
   0.171755
   0.280921
   0.227125
-0.00736717
   0.310824
 0.00921013
   0.173251
   0.280911
   0.225998
 -0.0147275
   0.314854
0.000502261
   0.173251
   0.280911
   0.225998
 -0.0147275
   0.314854
0.000502261
   0.174572
   0.280883
   0.225014
 -0.0206476
   0.317981
-0.00669223
   0.174572
   0.280883
   0.225014
 -0.0206476
   0.317981
-0.00669223
  0.175715
   0.28084
  0.224177
-0.0251953
  0.320276
-0.0124497
  0.175715
   0.28084
  0.224177
-0.0251953
  0.320276
-0.0124497
  0.176681
  0.280783
  0.223487
-0.0283991
  0.321636
-0.0168782
  0.176681
  0.280783
  0.223487
-0.0283991
  0.321636
-0.0168782
  0.177467
  0.280717
  0.222948
  -0.03033
  0.322772
-0.0198696
  0.177467
  0.280717
  0.222948
  -0.03033
  0.322772
-0.0198696
  0.178072
  0.280641
  0.222559
-0.0308696
  0.322657
-0.0216726
  0.178072
  0.280641
  0.222559
-0.0308696
  0.322657
-0.0216726
   0.17851
  0.280545
   0.22233
-0.0304936
  0.322089
-0.0222454
   0.17851
  0.280545
   0.22233
-0.0304936
  0.322089
-0.0222454
   0.17874
  0.280469
  0.222241
-0.0287869
   0.32079
-0.0216884
   0.17874
  0.280469
  0.222241
-0.0287869
   0.32079
-0.0216884
  0.178801
  0.280373
  0.222313
-0.0259521
  0.318872
-0.0199231
  0.178801
  0.280373
  0.222313
-0.0259521
  0.318872
-0.0199231
  0.178729
  0.280271
  0.222499
-0.0223731
  0.316567
-0.0173663
  0.178729
  0.280271
  0.222499
-0.0223731
  0.316567
-0.0173663
  0.178671
  0.280162
  0.222683
-0.0191329
  0.314669
-0.0150218
  0.178671
  0.280162
  0.222683
-0.0191329
  0.314669
-0.0150218
  0.178626
  0.280047
  0.222865
-0.0161001
  0.313131
-0.0128104
  0.178626
  0.280047
  0.222865
-0.0161001
  0.313131
-0.0128104
  0.178593
  0.279924
  0.223044
-0.0132981
  0.311909
-0.0107163
  0.178593
  0.279924
  0.223044
-0.0132981
  0.311909
-0.0107163
   0.178574
   0.279795
   0.223221
 -0.0106205
   0.310969
-0.00868071
   0.178574
   0.279795
   0.223221
 -0.0106205
   0.310969
-0.00868071
   0.178569
    0.27966
   0.223395
-0.00803605
   0.310282
-0.00663681
   0.178569
    0.27966
   0.223395
-0.00803605
   0.310282
-0.00663681
   0.178576
   0.279517
   0.223568
 -0.0055292
   0.309817
-0.00468352
   0.178576
   0.279517
   0.223568
 -0.0055292
   0.309817
-0.00468352
   0.178597
   0.279368
   0.223737
-0.00304341
   0.309557
-0.00267108
   0.178597
   0.279368
   0.223737
-0.00304341
   0.309557
-0.00267108
    0.178632
    0.279212
    0.223905
-0.000526985
    0.309479
-0.000634719
    0.178632
    0.279212
    0.223905
-0.000526985
    0.309479
-0.000634719
  0.178706
  0.279068
  0.224025
0.00189454
  0.309687
0.00140078
  0.178706
  0.279068
  0.224025
0.00189454
  0.309687
0.00140078
  0.178739
  0.278879
  0.224233
0.00448916
   0.30991
0.00367674
  0.178739
  0.278879
  0.224233
0.00448916
   0.30991
0.00367674
  0.178829
  0.278714
  0.224367
0.00703707
  0.310373
0.00587344
  0.178829
  0.278714
  0.224367
0.00703707
  0.310373
0.00587344
  0.178926
  0.278538
  0.224508
0.00968183
  0.310864
0.00816651
  0.178926
  0.278538
  0.224508
0.00968183
  0.310864
0.00816651
  0.17903
  0.27835
 0.224658
0.0124162
  0.31138
0.0105632
  0.17903
  0.27835
 0.224658
0.0124162
  0.31138
0.0105632
  0.17914
 0.278151
 0.224817
0.0152429
 0.312121
0.0131089
  0.17914
 0.278151
 0.224817
0.0152429
 0.312121
0.0131089
 0.179257
  0.27794
 0.224984
0.0181695
 0.312932
0.0157975
 0.179257
  0.27794
 0.224984
0.0181695
 0.312932
0.0157975
 0.179382
 0.277718
 0.225159
0.0212104
 0.313823
0.0186139
 0.179382
 0.277718
 0.225159
0.0212104
 0.313823
0.0186139
 0.179513
 0.277485
 0.225341
0.0243632
 0.314793
0.0215563
 0.179513
 0.277485
 0.225341
0.0243632
 0.314793
0.0215563
 0.179706
  0.27728
 0.225441
0.0275783
 0.316082
0.0244668
 0.179706
  0.27728
 0.225441
0.0275783
 0.316082
0.0244668
 0.179851
 0.277023
  0.22564
0.0309821
 0.317168
0.0277155
 0.179851
 0.277023
  0.22564
0.0309821
 0.317168
0.0277155
 0.180082
 0.276813
 0.225714
0.0344324
 0.318687
0.0308413
 0.180082
 0.276813
 0.225714
0.0344324
 0.318687
0.0308413
  0.18029
 0.276569
 0.225847
0.0380492
   0.3201
0.0342402
  0.18029
 0.276569
 0.225847
0.0380492
   0.3201
0.0342402
 0.180511
 0.276318
 0.225978
0.0418042
 0.321592
0.0377719
 0.180511
 0.276318
 0.225978
0.0418042
 0.321592
0.0377719
 0.180745
 0.276061
 0.226105
0.0456901
 0.323163
0.0414425
 0.180745
 0.276061
 0.226105
0.0456901
 0.323163
0.0414425
 0.180993
 0.275796
  0.22623
0.0497113
 0.324811
0.0452497
 0.180993
 0.275796
  0.22623
0.0497113
 0.324811
0.0452497
 0.181253
 0.275524
 0.226352
0.0538692
 0.326534
0.0492001
 0.181253
 0.275524
 0.226352
0.0538692
 0.326534
0.0492001
 0.181528
 0.275246
 0.226471
0.0581659
  0.32833
0.0532912
 0.181528
 0.275246
 0.226471
0.0581659
  0.32833
0.0532912
 0.181815
  0.27496
 0.226588
0.0626048
 0.330197
0.0575256
 0.181815
  0.27496
 0.226588
0.0626048
 0.330197
0.0575256
 0.182115
 0.274668
 0.226701
0.0671823
 0.332135
0.0619015
 0.182115
 0.274668
 0.226701
0.0671823
 0.332135
0.0619015
 0.182429
 0.274368
 0.226812
0.0719055
 0.334142
0.0664251
 0.182429
 0.274368
 0.226812
0.0719055
 0.334142
0.0664251
 0.182755
 0.274061
  0.22692
0.0767723
 0.336218
0.0710921
 0.182755
 0.274061
  0.22692
0.0767723
 0.336218
0.0710921
 0.183095
 0.273747
 0.227025
 0.081784
 0.338361
0.0759051
 0.183095
 0.273747
 0.227025
 0.081784
 0.338361
0.0759051
 0.183448
 0.273426
 0.227127
0.0869386
  0.34057
0.0808649
 0.183448
 0.273426
 0.227127
0.0869386
  0.34057
0.0808649
 0.183814
 0.273098
 0.227227
0.0922435
 0.342844
0.0859723
 0.183814
 0.273098
 0.227227
0.0922435
 0.342844
0.0859723
 0.184192
 0.272762
 0.227323
0.0976924
 0.345182
0.0912273
 0.184192
 0.272762
 0.227323
0.0976924
 0.345182
0.0912273
 0.184584
 0.272419
 0.227417
  0.10329
 0.347583
0.0966284
 0.184584
 0.272419
 0.227417
  0.10329
 0.347583
0.0966284
0.184989
0.272068
0.227508
0.109035
0.350047
 0.10218
0.184989
0.272068
0.227508
0.109035
0.350047
 0.10218
0.185406
 0.27171
0.227596
0.114929
0.352573
0.107879
0.185406
 0.27171
0.227596
0.114929
0.352573
0.107879
0.185836
0.271345
0.227681
0.120972
 0.35516
0.113727
0.185836
0.271345
0.227681
0.120972
 0.35516
0.113727
0.186279
0.270972
0.227763
0.127165
0.357807
0.119724
0.186279
0.270972
0.227763
0.127165
0.357807
0.119724
0.186735
0.270591
0.227843
0.133507
0.360513
 0.12587
0.186735
0.270591
0.227843
0.133507
0.360513
 0.12587
0.187203
0.270203
0.227919
0.139998
0.363279
0.132165
0.187203
0.270203
0.227919
0.139998
0.363279
0.132165
0.187684
0.269807
0.227993
 0.14664
0.366101
0.138611
0.187684
0.269807
0.227993
 0.14664
0.366101
0.138611
0.188177
0.269403
0.228064
0.153433
0.368981
0.145204
0.188177
0.269403
0.228064
0.153433
0.368981
0.145204
0.188683
0.268991
0.228132
0.160377
0.371918
0.151949
0.188683
0.268991
0.228132
0.160377
0.371918
0.151949
0.189201
0.268571
0.228198
0.167473
 0.37491
0.158843
0.189201
0.268571
0.228198
0.167473
 0.37491
0.158843
0.189732
0.268143
 0.22826
 0.17472
0.377957
0.165886
0.189732
0.268143
 0.22826
 0.17472
0.377957
0.165886
0.190274
0.267708
 0.22832
0.182117
0.381059
 0.17308
0.190274
0.267708
 0.22832
0.182117
0.381059
 0.17308
0.190829
0.267264
0.228377
0.189669
0.384214
0.180423
0.190829
0.267264
0.228377
0.189669
0.384214
0.180423
0.191397
0.266812
0.228431
0.197371
0.387421
0.187915
0.191397
0.266812
0.228431
0.197371
0.387421
0.187915
0.191972
0.266353
0.228482
0.205169
0.390674
0.195509
0.191972
0.266353
0.228482
0.205169
0.390674
0.195509
0.192548
0.265894
0.228533
0.212897
0.393946
 0.20306
0.192548
0.265894
0.228533
0.212897
0.393946
 0.20306
0.193123
0.265435
0.228581
0.220563
0.397235
0.210574
0.193123
0.265435
0.228581
0.220563
0.397235
0.210574
0.193697
0.264976
0.228628
0.228177
0.400538
0.218055
0.193697
0.264976
0.228628
0.228177
0.400538
0.218055
 0.19427
0.264517
0.228674
0.235747
0.403853
0.225507
 0.19427
0.264517
0.228674
0.235747
0.403853
0.225507
0.194843
0.264057
0.228718
 0.24328
0.407179
0.232935
0.194843
0.264057
0.228718
 0.24328
0.407179
0.232935
0.195416
0.263597
 0.22876
0.250781
0.410513
 0.24034
0.195416
0.263597
 0.22876
0.250781
0.410513
 0.24034
0.195988
0.263136
0.228801
0.258254
0.413855
0.247725
0.195988
0.263136
0.228801
0.258254
0.413855
0.247725
0.196559
0.262676
 0.22884
0.265703
0.417202
0.255093
0.196559
0.262676
 0.22884
0.265703
0.417202
0.255093
0.197129
0.262215
0.228877
0.273131
0.420556
0.262444
0.197129
0.262215
0.228877
0.273131
0.420556
0.262444
0.197699
0.261754
0.228913
0.280542
0.423913
0.269782
0.197699
0.261754
0.228913
0.280542
0.423913
0.269782
0.198268
0.261293
0.228948
0.288065
 0.42729
 0.27708
0.198268
0.261293
0.228948
0.288065
 0.42729
 0.27708
0.198837
0.260832
0.228981
 0.29547
0.430655
0.284388
0.198837
0.260832
0.228981
 0.29547
0.430655
0.284388
0.199405
 0.26037
0.229012
0.302763
0.434009
0.291708
0.199405
 0.26037
0.229012
0.302763
0.434009
0.291708
0.199973
0.259909
0.229041
0.309945
0.437354
0.299037
0.199973
0.259909
0.229041
0.309945
0.437354
0.299037
 0.20054
0.259447
0.229069
0.317366
0.440733
0.306305
 0.20054
0.259447
0.229069
0.317366
0.440733
0.306305
0.201106
0.258985
0.229095
0.324715
0.444103
0.313579
0.201106
0.258985
0.229095
0.324715
0.444103
0.313579
0.201671
0.258523
 0.22912
0.332056
0.447475
0.320844
0.201671
0.258523
 0.22912
0.332056
0.447475
0.320844
0.202236
0.258061
0.229143
 0.33939
0.450846
0.328101
0.202236
0.258061
0.229143
 0.33939
0.450846
0.328101
  0.2028
0.257599
0.229165
0.346717
0.454218
0.335352
  0.2028
0.257599
0.229165
0.346717
0.454218
0.335352
0.203364
0.257137
0.229184
0.354039
0.457589
0.342596
0.203364
0.257137
0.229184
0.354039
0.457589
0.342596
0.203927
0.256674
0.229202
0.361355
0.460961
0.349832
0.203927
0.256674
0.229202
0.361355
0.460961
0.349832
0.204489
0.256212
0.229219
0.368666
0.464332
0.357062
0.204489
0.256212
0.229219
0.368666
0.464332
0.357062
 0.20505
0.255749
0.229234
0.375973
0.467703
0.364285
 0.20505
0.255749
0.229234
0.375973
0.467703
0.364285
0.205611
0.255287
0.229247
0.383275
0.471073
0.371502
0.205611
0.255287
0.229247
0.383275
0.471073
0.371502
0.206171
0.254824
0.229259
0.390573
0.474444
0.378713
0.206171
0.254824
0.229259
0.390573
0.474444
0.378713
0.206731
0.254361
0.229269
0.397867
0.477813
0.385917
0.206731
0.254361
0.229269
0.397867
0.477813
0.385917
0.207289
0.253899
0.229278
0.405158
0.481182
0.393116
0.207289
0.253899
0.229278
0.405158
0.481182
0.393116
0.207847
0.253436
0.229284
0.412444
0.484551
0.400308
0.207847
0.253436
0.229284
0.412444
0.484551
0.400308
0.208405
0.252973
 0.22929
0.419727
0.487919
0.407495
0.208405
0.252973
 0.22929
0.419727
0.487919
0.407495
0.208961
 0.25251
0.229293
0.427006
0.491287
0.414676
0.208961
 0.25251
0.229293
0.427006
0.491287
0.414676
0.209517
0.252047
0.229295
0.434282
0.494655
0.421851
0.209517
0.252047
0.229295
0.434282
0.494655
0.421851
0.210072
0.251584
0.229295
0.441554
0.498022
 0.42902
0.210072
0.251584
0.229295
0.441554
0.498022
 0.42902
0.211393
0.251908
0.229393
0.447991
0.503968
0.435142
0.211393
0.251908
0.229393
0.447991
0.503968
0.435142
0.212693
0.252212
0.229487
0.454581
0.509524
0.441438
0.212693
0.252212
0.229487
0.454581
0.509524
0.441438
0.213987
 0.25251
0.229578
0.461285
 0.51479
0.447865
0.213987
 0.25251
0.229578
0.461285
 0.51479
0.447865
0.215275
0.252801
0.229666
0.468085
0.519809
0.454402
0.215275
0.252801
0.229666
0.468085
0.519809
0.454402
0.216557
0.253086
0.229752
0.474966
 0.52462
0.461034
0.216557
0.253086
0.229752
0.474966
 0.52462
0.461034
0.217832
0.253365
0.229835
0.481914
0.529251
0.467746
0.217832
0.253365
0.229835
0.481914
0.529251
0.467746
0.219102
0.253638
0.229916
0.488918
0.533731
0.474526
0.219102
0.253638
0.229916
0.488918
0.533731
0.474526
0.220366
0.253905
0.229994
 0.49597
0.538081
0.481364
0.220366
0.253905
0.229994
 0.49597
0.538081
0.481364
0.221624
0.254167
 0.23007
0.503061
0.542322
0.488251
0.221624
0.254167
 0.23007
0.503061
0.542322
0.488251
0.222876
0.254422
0.230143
0.510184
0.546468
0.495179
0.222876
0.254422
0.230143
0.510184
0.546468
0.495179
0.224123
0.254672
0.230214
0.517336
0.550536
0.502142
0.224123
0.254672
0.230214
0.517336
0.550536
0.502142
0.225364
0.254916
0.230283
0.524509
0.554535
0.509135
0.225364
0.254916
0.230283
0.524509
0.554535
0.509135
  0.2266
0.255155
0.230349
0.531702
0.558477
0.516152
  0.2266
0.255155
0.230349
0.531702
0.558477
0.516152
0.227831
0.255389
0.230412
0.538911
0.562369
0.523191
0.227831
0.255389
0.230412
0.538911
0.562369
0.523191
0.229018
0.255581
0.230552
0.546161
0.565998
0.530301
0.229018
0.255581
0.230552
0.546161
0.565998
0.530301
0.230277
0.255841
0.230531
0.553359
 0.57007
 0.53731
0.230277
0.255841
0.230531
0.553359
 0.57007
 0.53731
0.231458
0.256027
0.230658
0.560626
 0.57365
0.544439
0.231458
0.256027
0.230658
0.560626
 0.57365
0.544439
0.232698
0.256273
0.230641
0.567782
0.577637
 0.55143
0.232698
0.256273
0.230641
0.567782
0.577637
 0.55143
 0.23385
0.256455
0.230753
0.574741
0.581201
0.558316
 0.23385
0.256455
0.230753
0.574741
0.581201
0.558316
0.235034
0.256685
0.230742
0.581424
0.585101
0.564937
0.235034
0.256685
0.230742
0.581424
0.585101
0.564937
0.236141
0.256862
0.230838
0.587926
 0.58864
0.571445
0.236141
0.256862
0.230838
0.587926
 0.58864
0.571445
0.237271
0.257079
0.230835
0.594182
0.592438
0.577718
0.237271
0.257079
0.230835
0.594182
0.592438
0.577718
0.238333
0.257251
0.230918
0.600266
0.595932
0.583871
0.238333
0.257251
0.230918
0.600266
0.595932
0.583871
0.239373
0.257421
0.230994
 0.60615
0.599413
0.589848
0.239373
0.257421
0.230994
 0.60615
0.599413
0.589848
 0.24044
0.257635
0.230958
0.611811
 0.60317
0.595601
 0.24044
0.257635
0.230958
0.611811
 0.60317
0.595601
0.241434
0.257799
0.231023
0.617321
0.606563
0.601248
0.241434
0.257799
0.231023
0.617321
0.606563
0.601248
0.242406
0.257961
0.231082
0.622649
0.609929
 0.60673
0.242406
0.257961
0.231082
0.622649
0.609929
 0.60673
0.243355
0.258119
0.231136
0.627798
0.613262
0.612049
0.243355
0.258119
0.231136
0.627798
0.613262
0.612049
0.244324
0.258316
0.231093
0.632749
0.616818
0.617168
0.244324
0.258316
0.231093
0.632749
0.616818
0.617168
0.245227
0.258469
0.231138
0.637558
0.620036
0.622176
0.245227
0.258469
0.231138
0.637558
0.620036
0.622176
0.246106
0.258619
0.231179
0.642196
0.623214
0.627027
0.246106
0.258619
0.231179
0.642196
0.623214
0.627027
0.246962
0.258765
0.231217
0.646669
0.626345
0.631722
0.246962
0.258765
0.231217
0.646669
0.626345
0.631722
0.247795
0.258908
0.231251
0.650976
0.629429
0.636265
0.247795
0.258908
0.231251
0.650976
0.629429
0.636265
0.248605
0.259048
0.231282
0.655122
 0.63246
0.640654
0.248605
0.259048
0.231282
0.655122
 0.63246
0.640654
0.249391
0.259185
0.231309
0.659106
0.635438
0.644893
0.249391
0.259185
0.231309
0.659106
0.635438
0.644893
0.250154
0.259319
0.231334
0.662931
0.638359
0.648981
0.250154
0.259319
0.231334
0.662931
0.638359
0.648981
0.250937
 0.25949
0.231264
0.666579
0.641477
0.652889
0.250937
 0.25949
0.231264
0.666579
0.641477
0.652889
0.251703
 0.25957
0.231283
0.669903
0.644247
0.656682
0.251703
 0.25957
0.231283
0.669903
0.644247
0.656682
0.252346
0.259743
  0.2313
0.673475
0.646961
0.660326
0.252346
0.259743
  0.2313
0.673475
0.646961
0.660326
 0.25303
0.259842
0.231314
0.676372
 0.64954
0.663624
 0.25303
0.259842
0.231314
0.676372
 0.64954
0.663624
0.253654
0.259982
0.231327
0.679542
0.652146
0.667002
0.253654
0.259982
0.231327
0.679542
0.652146
0.667002
  0.2543
0.260073
0.231338
 0.68219
0.654795
0.670123
  0.2543
0.260073
0.231338
 0.68219
0.654795
0.670123
0.254918
0.260165
0.231348
0.685084
0.657145
0.673319
0.254918
0.260165
0.231348
0.685084
0.657145
0.673319
0.255452
0.260315
0.231356
0.687799
0.659598
0.676202
0.255452
0.260315
0.231356
0.687799
0.659598
0.676202
0.256009
0.260415
0.231363
0.690199
0.661953
0.678967
0.256009
0.260415
0.231363
0.690199
0.661953
0.678967
0.256537
0.260518
0.231368
0.692516
0.664212
 0.68161
0.256537
0.260518
0.231368
0.692516
0.664212
 0.68161
0.257035
0.260623
0.231372
0.694744
0.666375
0.684131
0.257035
0.260623
0.231372
0.694744
0.666375
0.684131
0.257504
0.260731
0.231375
0.696878
0.668444
0.686529
0.257504
0.260731
0.231375
0.696878
0.668444
0.686529
0.257943
0.260842
0.231377
0.698672
0.670575
0.688652
0.257943
0.260842
0.231377
0.698672
0.670575
0.688652
0.258462
0.260931
0.231285
0.700337
 0.67271
0.690782
0.258462
0.260931
0.231285
0.700337
 0.67271
0.690782
0.258843
0.261047
0.231286
0.701787
0.674732
0.692552
0.258843
0.261047
0.231286
0.701787
0.674732
0.692552
0.259265
0.261096
0.231285
0.703033
0.676553
0.694306
0.259265
0.261096
0.231285
0.703033
0.676553
0.694306
0.259591
0.261215
0.231285
0.704425
0.678305
0.695915
0.259591
0.261215
0.231285
0.704425
0.678305
0.695915
0.259975
0.261249
0.231283
0.705333
0.679987
0.697378
0.259975
0.261249
0.231283
0.705333
0.679987
0.697378
0.260244
0.261371
0.231282
0.706468
0.681599
0.698697
0.260244
0.261371
0.231282
0.706468
0.681599
0.698697
0.260592
0.261389
0.231279
0.707035
0.683139
0.699871
0.260592
0.261389
0.231279
0.707035
0.683139
0.699871
0.260871
0.261541
0.231173
0.707619
0.684877
0.700695
0.260871
0.261541
0.231173
0.707619
0.684877
0.700695
0.261163
0.261561
0.231171
0.708175
0.686244
0.701798
0.261163
0.261561
0.231171
0.708175
0.686244
0.701798
0.261378
0.261633
0.231168
0.708508
0.687533
0.702485
0.261378
0.261633
0.231168
0.708508
0.687533
0.702485
0.261585
0.261687
0.231165
0.708713
0.688753
0.703101
0.261585
0.261687
0.231165
0.708713
0.688753
0.703101
0.261783
0.261723
0.231162
0.708788
0.689905
0.703638
0.261783
0.261723
0.231162
0.708788
0.689905
0.703638
0.262023
0.261789
0.231047
 0.70872
0.691287
0.704069
0.262023
0.261789
0.231047
 0.70872
0.691287
0.704069
0.262117
0.261879
0.231042
0.708421
0.692243
0.704028
0.262117
0.261879
0.231042
0.708421
0.692243
0.704028
 0.26223
0.261925
0.231038
0.707898
0.693134
0.704056
 0.26223
0.261925
0.231038
0.707898
0.693134
0.704056
0.262319
0.261968
0.231034
0.707526
0.693963
0.703948
0.262319
0.261968
0.231034
0.707526
0.693963
0.703948
0.262383
0.262005
0.230918
0.706814
0.694835
0.703687
0.262383
0.262005
0.230918
0.706814
0.694835
0.703687
0.262481
0.262094
0.230912
0.706004
0.695687
0.703275
0.262481
0.262094
0.230912
0.706004
0.695687
0.703275
0.262478
0.262101
0.230908
0.705196
0.696148
0.702803
0.262478
0.262101
0.230908
0.705196
0.696148
0.702803
0.262519
0.262149
0.230806
0.704489
0.696805
0.702383
0.262519
0.262149
0.230806
0.704489
0.696805
0.702383
0.262597
0.262233
  0.2308
0.703666
0.697381
0.702014
0.262597
0.262233
  0.2308
0.703666
0.697381
0.702014
0.262595
0.262239
0.230797
0.703346
0.697502
0.701826
0.262595
0.262239
0.230797
0.703346
0.697502
0.701826
0.262643
0.262293
0.230681
0.702745
0.698107
0.701448
0.262643
0.262293
0.230681
0.702745
0.698107
0.701448
 0.26264
0.262299
0.230677
 0.70244
0.698212
0.701261
 0.26264
0.262299
0.230677
 0.70244
0.698212
0.701261
0.262709
0.262374
0.230672
0.701867
0.698561
0.701057
0.262709
0.262374
0.230672
0.701867
0.698561
0.701057
0.262764
0.262434
0.230542
 0.70144
0.698886
0.700652
0.262764
0.262434
0.230542
 0.70144
0.698886
0.700652
0.262761
0.262439
0.230539
0.701295
0.699093
0.700689
0.262761
0.262439
0.230539
0.701295
0.699093
0.700689
0.262799
0.262483
0.230446
0.701195
0.699127
0.700504
0.262799
0.262483
0.230446
0.701195
0.699127
0.700504
0.262797
0.262488
0.230443
0.700824
 0.69931
0.700511
0.262797
0.262488
0.230443
0.700824
 0.69931
0.700511
0.262838
0.262534
0.230344
0.700773
0.699337
 0.70036
0.262838
0.262534
0.230344
0.700773
0.699337
 0.70036
0.262835
0.262539
0.230341
0.700615
0.699516
0.700364
0.262835
0.262539
0.230341
0.700615
0.699516
0.700364
0.262879
0.262587
0.230236
0.700631
0.699519
0.700259
0.262879
0.262587
0.230236
0.700631
0.699519
0.700259
0.262876
0.262592
0.230233
0.700681
0.699555
0.700391
0.262876
0.262592
0.230233
0.700681
0.699555
0.700391
0.262922
0.262642
0.230124
0.700504
0.699694
0.700161
0.262922
0.262642
0.230124
0.700504
0.699694
0.700161
 0.26292
0.262646
0.230121
0.700373
0.699707
0.700302
 0.26292
0.262646
0.230121
0.700373
0.699707
0.700302
0.262968
0.262698
0.230007
 0.70022
0.699848
0.700089
0.262968
0.262698
0.230007
 0.70022
0.699848
0.700089
0.262966
0.262703
0.230004
0.700309
0.699849
0.700237
0.262966
0.262703
0.230004
0.700309
0.699849
0.700237
0.263017
0.262756
0.229885
0.700173
0.699993
0.700037
0.263017
0.262756
0.229885
0.700173
0.699993
0.700037
0.263015
0.262761
0.229882
0.700274
0.699978
0.700188
0.263015
0.262761
0.229882
0.700274
0.699978
0.700188
0.263009
0.262759
0.229761
0.700171
0.699922
0.700015
0.263009
0.262759
0.229761
0.700171
0.699922
0.700015
0.263007
0.262763
0.229758
0.700261
0.699922
0.700165
0.263007
0.262763
0.229758
0.700261
0.699922
0.700165
0.263062
 0.26282
 0.22963
0.700128
 0.70009
0.699967
0.263062
 0.26282
 0.22963
0.700128
 0.70009
0.699967
0.262992
 0.26276
0.229629
 0.70026
0.699846
0.700153
0.262992
 0.26276
0.229629
 0.70026
0.699846
0.700153
0.263049
0.262818
0.229497
0.700111
0.700036
0.699945
0.263049
0.262818
0.229497
0.700111
0.700036
0.699945
0.263048
0.262822
0.229494
0.700011
0.700037
0.700118
0.263048
0.262822
0.229494
0.700011
0.700037
0.700118
0.263023
0.262802
0.229361
0.699912
0.699937
0.699951
0.263023
0.262802
0.229361
0.699912
0.699937
0.699951
0.263022
0.262806
0.229357
0.700002
0.699956
0.700114
0.263022
0.262806
0.229357
0.700002
0.699956
0.700114
0.263019
0.262806
 0.22922
 0.69988
0.699946
 0.69993
0.263019
0.262806
 0.22922
 0.69988
0.699946
 0.69993
0.263018
 0.26281
0.229216
0.699975
0.699975
0.700105
0.263018
 0.26281
0.229216
0.699975
0.699975
0.700105
 0.26301
0.262806
0.229075
0.699852
0.699956
0.699922
 0.26301
0.262806
0.229075
0.699852
0.699956
0.699922
0.263009
 0.26281
0.229072
0.699947
0.699989
0.700099
0.263009
 0.26281
0.229072
0.699947
0.699989
0.700099
0.262997
0.262801
0.228927
0.699822
0.699961
0.699916
0.262997
0.262801
0.228927
0.699822
0.699961
0.699916
0.262996
0.262805
0.228924
0.699915
     0.7
0.700095
0.262996
0.262805
0.228924
0.699915
     0.7
0.700095
 0.26298
0.262792
0.228776
0.700021
0.699972
0.699917
 0.26298
0.262792
0.228776
0.700021
0.699972
0.699917
0.262979
0.262796
0.228772
0.700111
0.700016
0.700098
0.262979
0.262796
0.228772
0.700111
0.700016
0.700098
0.262959
0.262779
0.228621
0.699981
0.699971
0.699911
0.262959
0.262779
0.228621
0.699981
0.699971
0.699911
0.262959
0.262782
0.228618
 0.70007
0.700022
0.700095
0.262959
0.262782
0.228618
 0.70007
0.700022
0.700095
0.262934
0.262761
0.228464
0.699937
 0.69997
0.699908
0.262934
0.262761
0.228464
0.699937
 0.69997
0.699908
0.262934
0.262764
 0.22846
0.700024
0.700027
0.700093
0.262934
0.262764
 0.22846
0.700024
0.700027
0.700093
0.262906
 0.26274
0.228303
0.699889
0.699968
0.699904
0.262906
 0.26274
0.228303
0.699889
0.699968
0.699904
0.262906
0.262743
  0.2283
0.699973
 0.70003
0.700091
0.262906
0.262743
  0.2283
0.699973
 0.70003
0.700091
0.262874
0.262714
 0.22814
0.699836
0.699965
0.699902
0.262874
0.262714
 0.22814
0.699836
0.699965
0.699902
0.262874
0.262718
0.228137
0.699943
0.700167
0.699969
0.262874
0.262718
0.228137
0.699943
0.700167
0.699969
0.262839
0.262686
0.227975
0.700032
0.699952
0.699927
0.262839
0.262686
0.227975
0.700032
0.699952
0.699927
0.262839
0.262689
0.227971
0.699915
0.700147
0.699988
0.262839
0.262689
0.227971
0.699915
0.700147
0.699988
0.262801
0.262654
0.227807
 0.69999
0.699934
0.699937
0.262801
0.262654
0.227807
 0.69999
0.699934
0.699937
0.262744
0.262602
0.227805
0.699893
0.699935
0.700018
0.262744
0.262602
0.227805
0.699893
0.699935
0.700018
0.262761
0.262619
0.227637
0.699909
0.699941
0.699925
0.262761
0.262619
0.227637
0.699909
0.699941
0.699925
0.262702
0.262566
0.227635
0.699826
0.699944
0.700026
0.262702
0.262566
0.227635
0.699826
0.699944
0.700026
0.262718
0.262582
0.227464
0.700106
0.699965
0.699938
0.262718
0.262582
0.227464
0.700106
0.699965
0.699938
0.262657
0.262527
0.227463
 0.70002
0.699962
0.700037
0.262657
0.262527
0.227463
 0.70002
0.699962
0.700037
0.262673
0.262542
 0.22729
0.700026
0.699972
0.699938
0.262673
0.262542
 0.22729
0.700026
0.699972
0.699938
 0.26261
0.262485
0.227288
0.699944
0.699964
0.700041
 0.26261
0.262485
0.227288
0.699944
0.699964
0.700041
0.262625
0.262499
0.227113
0.699945
0.699979
0.699939
0.262625
0.262499
0.227113
0.699945
0.699979
0.699939
 0.26256
 0.26244
0.227112
0.699864
0.699964
0.700043
 0.26256
 0.26244
0.227112
0.699864
0.699964
0.700043
0.262574
0.262453
0.226935
0.700119
0.699993
0.699946
0.262574
0.262453
0.226935
0.700119
0.699993
0.699946
0.262508
0.262393
0.226933
0.700037
0.699974
0.700051
0.262508
0.262393
0.226933
0.700037
0.699974
0.700051
0.262521
0.262405
0.226755
0.700028
0.699994
0.699942
0.262521
0.262405
0.226755
0.700028
0.699994
0.699942
0.262454
0.262343
0.226754
 0.69995
0.699972
0.700052
0.262454
0.262343
0.226754
 0.69995
0.699972
0.700052
0.262466
0.262354
0.226574
0.699936
0.699995
 0.69994
0.262466
0.262354
0.226574
0.699936
0.699995
 0.69994
0.262437
0.262328
0.226483
0.700062
0.700216
0.700045
0.262437
0.262328
0.226483
0.700062
0.700216
0.700045
0.262408
0.262301
0.226393
0.700082
0.699979
0.699963
0.262408
0.262301
0.226393
0.700082
0.699979
0.699963
0.262378
0.262273
0.226302
0.699987
 0.70018
0.700047
0.262378
0.262273
0.226302
0.699987
 0.70018
0.700047
0.262348
0.262245
 0.22621
0.699993
 0.69995
0.699956
0.262348
0.262245
 0.22621
0.699993
 0.69995
0.699956
0.262318
0.262217
0.226119
0.699905
0.700153
0.700048
0.262318
0.262217
0.226119
0.699905
0.700153
0.700048
0.262286
0.262187
0.226027
 0.70011
0.699937
0.699957
0.262286
0.262187
0.226027
 0.70011
0.699937
0.699957
0.262255
0.262158
0.225935
0.700024
0.700141
0.700054
0.262255
0.262158
0.225935
0.700024
0.700141
0.700054
0.262223
0.262128
0.225842
0.700009
0.699921
0.699949
0.262223
0.262128
0.225842
0.700009
0.699921
0.699949
0.262191
0.262097
 0.22575
0.699928
0.700125
0.700054
0.262191
0.262097
 0.22575
0.699928
0.700125
0.700054
0.262158
0.262066
0.225657
0.699904
0.699909
0.699945
0.262158
0.262066
0.225657
0.699904
0.699909
0.699945
0.262125
0.262035
0.225564
0.700089
0.700123
 0.70006
0.262125
0.262035
0.225564
0.700089
0.700123
 0.70006
0.262091
0.262004
 0.22547
0.700057
0.699909
0.699945
0.262091
0.262004
 0.22547
0.700057
0.699909
0.699945
0.262057
0.261971
0.225377
0.699982
0.700113
0.700058
0.262057
0.261971
0.225377
0.699982
0.700113
0.700058
0.262023
0.261939
0.225283
0.699946
0.699901
0.699942
0.262023
0.261939
0.225283
0.699946
0.699901
0.699942
0.261989
0.261906
 0.22519
0.700084
0.700112
0.700064
0.261989
0.261906
 0.22519
0.700084
0.700112
0.700064
0.261954
0.261873
0.225096
0.700041
0.699902
0.699942
0.261954
0.261873
0.225096
0.700041
0.699902
0.699942
0.261919
0.261839
0.225002
0.699971
0.700105
0.700061
0.261919
0.261839
0.225002
0.699971
0.700105
0.700061
0.261883
0.261806
0.224908
0.699926
0.699897
0.699939
0.261883
0.261806
0.224908
0.699926
0.699897
0.699939
0.261848
0.261772
0.224814
0.700086
0.700107
0.700066
0.261848
0.261772
0.224814
0.700086
0.700107
0.700066
0.261812
0.261737
0.224719
0.700035
  0.6999
0.699939
0.261812
0.261737
0.224719
0.700035
  0.6999
0.699939
0.261776
0.261702
0.224625
0.699968
0.700101
0.700063
0.261776
0.261702
0.224625
0.699968
0.700101
0.700063
0.261739
0.261667
0.224531
0.699916
0.699895
0.699936
0.261739
0.261667
0.224531
0.699916
0.699895
0.699936
0.261702
0.261632
0.224436
 0.70009
0.700104
0.700068
0.261702
0.261632
0.224436
 0.70009
0.700104
0.700068
0.261666
0.261597
0.224342
0.700032
0.699899
0.699938
0.261666
0.261597
0.224342
0.700032
0.699899
0.699938
0.261629
0.261561
0.224248
0.699968
0.700099
0.700065
0.261629
0.261561
0.224248
0.699968
0.700099
0.700065
0.261591
0.261525
0.224153
0.699909
0.699895
0.699934
0.261591
0.261525
0.224153
0.699909
0.699895
0.699934
0.261554
0.261489
0.224059
0.700093
0.700103
0.700069
0.261554
0.261489
0.224059
0.700093
0.700103
0.700069
0.261516
0.261453
0.223964
0.700031
  0.6999
0.699936
0.261516
0.261453
0.223964
0.700031
  0.6999
0.699936
0.261478
0.261416
 0.22387
0.699969
0.700097
0.700066
0.261478
0.261416
 0.22387
0.699969
0.700097
0.700066
 0.26144
0.261379
0.223776
0.699906
0.699895
0.699933
 0.26144
0.261379
0.223776
0.699906
0.699895
0.699933
0.261402
0.261342
0.223682
0.700097
0.700102
0.700071
0.261402
0.261342
0.223682
0.700097
0.700102
0.700071
0.261364
0.261305
0.223588
0.700029
0.699901
0.699935
0.261364
0.261305
0.223588
0.700029
0.699901
0.699935
0.261326
0.261268
0.223494
 0.69997
0.700096
0.700067
0.261326
0.261268
0.223494
 0.69997
0.700096
0.700067
0.261287
0.261231
  0.2234
0.699902
0.699896
0.699932
0.261287
0.261231
  0.2234
0.699902
0.699896
0.699932
0.261248
0.261193
0.223306
  0.7001
0.700101
0.700072
0.261248
0.261193
0.223306
  0.7001
0.700101
0.700072
 0.26121
0.261156
0.223213
0.700029
0.699901
0.699934
 0.26121
0.261156
0.223213
0.700029
0.699901
0.699934
0.261171
0.261118
0.223119
0.699971
0.700095
0.700068
0.261171
0.261118
0.223119
0.699971
0.700095
0.700068
0.261132
 0.26108
0.223026
  0.6999
0.699896
0.699931
0.261132
 0.26108
0.223026
  0.6999
0.699896
0.699931
0.261093
0.261042
0.222933
0.700102
  0.7001
0.700073
0.261093
0.261042
0.222933
0.700102
  0.7001
0.700073
0.261054
0.261004
 0.22284
0.700028
0.699902
0.699933
0.261054
0.261004
 0.22284
0.700028
0.699902
0.699933
0.261015
0.260966
0.222747
0.699972
0.700094
0.700069
0.261015
0.260966
0.222747
0.699972
0.700094
0.700069
0.260976
0.260928
0.222655
0.699898
0.699897
 0.69993
0.260976
0.260928
0.222655
0.699898
0.699897
 0.69993
0.260937
 0.26089
0.222563
0.700105
  0.7001
0.700074
0.260937
 0.26089
0.222563
0.700105
  0.7001
0.700074
0.260898
0.260852
0.222471
0.700027
0.699904
0.699932
0.260898
0.260852
0.222471
0.700027
0.699904
0.699932
0.260859
0.260814
0.222379
0.699973
0.700094
0.700069
0.260859
0.260814
0.222379
0.699973
0.700094
0.700069
0.260819
0.260775
0.222288
0.699896
0.699898
0.699929
0.260819
0.260775
0.222288
0.699896
0.699898
0.699929
 0.26078
0.260737
0.222196
0.700106
  0.7001
0.700074
 0.26078
0.260737
0.222196
0.700106
  0.7001
0.700074
0.260741
0.260699
0.222105
0.700027
0.699904
0.699932
0.260741
0.260699
0.222105
0.700027
0.699904
0.699932
0.260702
0.260661
0.222015
0.699973
0.700094
 0.70007
0.260702
0.260661
0.222015
0.699973
0.700094
 0.70007
0.260663
0.260622
0.221924
0.699895
0.699899
0.699929
0.260663
0.260622
0.221924
0.699895
0.699899
0.699929
0.260624
0.260584
0.221834
0.700108
  0.7001
0.700074
0.260624
0.260584
0.221834
0.700108
  0.7001
0.700074
0.260545
0.260511
0.221832
0.700032
0.699667
 0.69994
0.260545
0.260511
0.221832
0.700032
0.699667
 0.69994
0.260547
0.260508
0.221653
0.699984
0.700108
0.700088
0.260547
0.260508
0.221653
0.699984
0.700108
0.700088
0.260469
0.260435
0.221651
0.700085
0.699708
0.699941
0.260469
0.260435
0.221651
0.700085
0.699708
0.699941
 0.26047
0.260433
0.221474
0.700032
0.700142
0.700082
 0.26047
0.260433
0.221474
0.700032
0.700142
0.700082
0.260392
 0.26036
0.221472
0.699938
0.699727
0.699936
0.260392
 0.26036
0.221472
0.699938
0.699727
0.699936
0.260393
0.260357
0.221296
0.700105
0.700167
 0.70008
0.260393
0.260357
0.221296
0.700105
0.700167
 0.70008
0.260316
0.260285
0.221294
0.700015
 0.69975
0.699937
0.260316
0.260285
0.221294
0.700015
 0.69975
0.699937
0.260316
0.260282
 0.22112
0.699961
0.700175
0.700073
0.260316
0.260282
 0.22112
0.699961
0.700175
0.700073
 0.26024
0.260211
0.221117
0.699878
0.699757
0.699934
 0.26024
0.260211
0.221117
0.699878
0.699757
0.699934
 0.26024
0.260207
0.220945
0.700108
0.700192
0.700075
 0.26024
0.260207
0.220945
0.700108
0.700192
0.700075
0.260165
0.260136
0.220942
0.700026
0.699775
0.699936
0.260165
0.260136
0.220942
0.700026
0.699775
0.699936
0.260165
0.260133
0.220772
0.699969
0.700192
0.700069
0.260165
0.260133
0.220772
0.699969
0.700192
0.700069
 0.26009
0.260063
 0.22077
0.699892
0.699776
0.699933
 0.26009
0.260063
 0.22077
0.699892
0.699776
0.699933
 0.26009
0.260059
0.220601
0.700107
0.700203
0.700072
 0.26009
0.260059
0.220601
0.700107
0.700203
0.700072
0.260015
0.259989
0.220598
0.700029
0.699789
0.699936
0.260015
0.259989
0.220598
0.700029
0.699789
0.699936
0.260015
0.259985
0.220432
0.699972
0.700199
0.700067
0.260015
0.259985
0.220432
0.699972
0.700199
0.700067
0.259941
0.259916
0.220429
0.699897
0.699787
0.699933
0.259941
0.259916
0.220429
0.699897
0.699787
0.699933
0.259941
0.259912
0.220264
0.700106
0.700207
 0.70007
0.259941
0.259912
0.220264
0.700106
0.700207
 0.70007
0.259868
0.259844
0.220262
0.700029
0.699798
0.699936
0.259868
0.259844
0.220262
0.700029
0.699798
0.699936
0.259867
 0.25984
0.220099
0.699973
0.700201
0.700066
0.259867
 0.25984
0.220099
0.699973
0.700201
0.700066
0.259795
0.259772
0.220097
0.699898
0.699795
0.699933
0.259795
0.259772
0.220097
0.699898
0.699795
0.699933
0.259794
0.259768
0.219936
0.700105
0.700208
 0.70007
0.259794
0.259768
0.219936
0.700105
0.700208
 0.70007
0.259723
0.259701
0.219933
0.700029
0.699804
0.699935
0.259723
0.259701
0.219933
0.700029
0.699804
0.699935
0.259722
0.259697
0.219775
0.699972
  0.7002
0.700065
0.259722
0.259697
0.219775
0.699972
  0.7002
0.700065
0.259652
0.259631
0.219772
0.699899
  0.6998
0.699933
0.259652
0.259631
0.219772
0.699899
  0.6998
0.699933
0.259651
0.259626
0.219616
0.700104
0.700206
0.700069
0.259651
0.259626
0.219616
0.700104
0.700206
0.700069
0.259581
0.259561
0.219614
0.700029
 0.69981
0.699935
0.259581
0.259561
0.219614
0.700029
 0.69981
0.699935
 0.25958
0.259557
 0.21946
0.699973
0.700198
0.700065
 0.25958
0.259557
 0.21946
0.699973
0.700198
0.700065
0.259512
0.259493
0.219457
  0.6999
0.699805
0.699933
0.259512
0.259493
0.219457
  0.6999
0.699805
0.699933
 0.25951
0.259488
0.219306
0.700104
0.700204
0.700069
 0.25951
0.259488
0.219306
0.700104
0.700204
0.700069
0.259443
0.259425
0.219303
0.700029
0.699814
0.699936
0.259443
0.259425
0.219303
0.700029
0.699814
0.699936
0.259441
 0.25942
0.219154
0.699972
0.700195
0.700065
0.259441
 0.25942
0.219154
0.699972
0.700195
0.700065
0.259375
0.259357
0.219151
  0.6999
 0.69981
0.699933
0.259375
0.259357
0.219151
  0.6999
 0.69981
0.699933
0.259373
0.259352
0.219005
0.700103
  0.7002
0.700069
0.259373
0.259352
0.219005
0.700103
  0.7002
0.700069
0.259308
0.259291
0.219001
0.700029
0.699819
0.699936
0.259308
0.259291
0.219001
0.700029
0.699819
0.699936
0.259306
0.259286
0.218858
0.699972
0.700192
0.700064
0.259306
0.259286
0.218858
0.699972
0.700192
0.700064
0.259242
0.259226
0.218854
0.699901
0.699814
0.699934
0.259242
0.259226
0.218854
0.699901
0.699814
0.699934
0.259241
0.259221
0.218713
0.700101
0.700198
0.700068
0.259241
0.259221
0.218713
0.700101
0.700198
0.700068
0.259177
0.259162
 0.21871
0.700028
0.699824
0.699936
0.259177
0.259162
 0.21871
0.700028
0.699824
0.699936
0.259175
0.259156
0.218571
0.699972
0.700189
0.700064
0.259175
0.259156
0.218571
0.699972
0.700189
0.700064
0.259113
0.259099
0.218568
0.699901
0.699819
0.699934
0.259113
0.259099
0.218568
0.699901
0.699819
0.699934
0.259112
0.259093
0.218432
0.700101
0.700194
0.700068
0.259112
0.259093
0.218432
0.700101
0.700194
0.700068
0.259051
0.259036
0.218429
0.700028
0.699828
0.699936
0.259051
0.259036
0.218429
0.700028
0.699828
0.699936
0.259049
0.259031
0.218296
0.699972
0.700185
0.700063
0.259049
0.259031
0.218296
0.699972
0.700185
0.700063
0.258989
0.258975
0.218292
0.699902
0.699822
0.699934
0.258989
0.258975
0.218292
0.699902
0.699822
0.699934
0.258987
 0.25897
0.218162
  0.7001
 0.70019
0.700067
0.258987
 0.25897
0.218162
  0.7001
 0.70019
0.700067
0.258928
0.258915
0.218158
0.700028
0.699831
0.699936
0.258928
0.258915
0.218158
0.700028
0.699831
0.699936
0.258926
0.258909
0.218031
0.699972
0.700181
0.700063
0.258926
0.258909
0.218031
0.699972
0.700181
0.700063
0.258869
0.258856
0.218027
0.699903
0.699826
0.699935
0.258869
0.258856
0.218027
0.699903
0.699826
0.699935
0.258866
 0.25885
0.217902
0.700099
0.700186
0.700067
0.258866
 0.25885
0.217902
0.700099
0.700186
0.700067
 0.25881
0.258798
0.217899
0.700028
0.699836
0.699937
 0.25881
0.258798
0.217899
0.700028
0.699836
0.699937
0.258808
0.258793
0.217777
0.699971
0.700177
0.700063
0.258808
0.258793
0.217777
0.699971
0.700177
0.700063
0.258753
0.258741
0.217773
0.699904
0.699831
0.699935
0.258753
0.258741
0.217773
0.699904
0.699831
0.699935
0.258751
0.258736
0.217654
0.700098
0.700182
0.700066
0.258751
0.258736
0.217654
0.700098
0.700182
0.700066
0.258754
0.258738
0.217648
0.700009
0.700031
0.699925
0.258754
0.258738
0.217648
0.700009
0.700031
0.699925
0.258694
0.258679
0.217534
0.699964
0.700161
0.700048
0.258694
0.258679
0.217534
0.699964
0.700161
0.700048
0.258696
0.258682
0.217528
0.699903
0.699995
0.699926
0.258696
0.258682
0.217528
0.699903
0.699995
0.699926
0.258638
0.258624
0.217417
0.700081
0.700141
0.700058
0.258638
0.258624
0.217417
0.700081
0.700141
0.700058
0.258641
0.258626
0.217411
 0.70001
0.699979
0.699929
0.258641
0.258626
0.217411
 0.70001
0.699979
0.699929
0.258584
 0.25857
0.217302
0.699968
0.700114
0.700059
0.258584
 0.25857
0.217302
0.699968
0.700114
0.700059
0.258586
0.258573
0.217297
0.699894
0.699957
0.699928
0.258586
0.258573
0.217297
0.699894
0.699957
0.699928
 0.25853
0.258518
0.217191
0.700093
0.700109
0.700065
 0.25853
0.258518
0.217191
0.700093
0.700109
0.700065
0.258533
 0.25852
0.217185
0.700014
0.699954
0.699931
0.258533
 0.25852
0.217185
0.700014
0.699954
0.699931
0.258479
0.258467
0.217083
0.699973
0.700092
0.700063
0.258479
0.258467
0.217083
0.699973
0.700092
0.700063
0.258481
0.258469
0.217077
0.699894
0.699939
 0.69993
0.258481
0.258469
0.217077
0.699894
0.699939
 0.69993
0.258428
0.258417
0.216977
0.700099
0.700094
0.700068
0.258428
0.258417
0.216977
0.700099
0.700094
0.700068
0.258431
0.258419
0.216971
0.700017
0.699941
0.699933
0.258431
0.258419
0.216971
0.700017
0.699941
0.699933
0.258379
0.258368
0.216875
0.699976
0.700081
0.700065
0.258379
0.258368
0.216875
0.699976
0.700081
0.700065
0.258382
0.258371
0.216869
0.699896
 0.69993
0.699931
0.258382
0.258371
0.216869
0.699896
 0.69993
0.699931
0.258332
0.258321
0.216775
0.700102
0.700086
0.700069
0.258332
0.258321
0.216775
0.700102
0.700086
0.700069
0.258335
0.258323
0.216769
 0.70002
0.699935
0.699934
0.258335
0.258323
0.216769
 0.70002
0.699935
0.699934
0.258286
0.258276
0.216679
0.699978
0.700076
0.700065
0.258286
0.258276
0.216679
0.699978
0.700076
0.700065
0.258288
0.258278
0.216673
0.699899
0.699925
0.699933
0.258288
0.258278
0.216673
0.699899
0.699925
0.699933
0.258203
0.258199
 0.21667
0.700105
0.699851
0.700072
0.258203
0.258199
 0.21667
0.700105
0.699851
0.700072
0.258263
 0.25825
0.216537
0.699992
0.700067
0.699914
0.258263
 0.25825
0.216537
0.699992
0.700067
0.699914
 0.25818
0.258173
0.216534
0.699956
0.699991
0.700057
 0.25818
0.258173
0.216534
0.699956
0.699991
0.700057
0.258183
0.258176
0.216528
0.699889
0.699833
0.699932
0.258183
0.258176
0.216528
0.699889
0.699833
0.699932
0.258157
0.258148
0.216405
0.700122
0.700115
 0.70008
0.258157
0.258148
0.216405
0.700122
0.700115
 0.70008
 0.25816
 0.25815
0.216399
0.700037
0.699968
0.699942
 0.25816
 0.25815
0.216399
0.700037
0.699968
0.699942
0.258083
0.258079
0.216396
0.699988
0.699902
0.700065
0.258083
0.258079
0.216396
0.699988
0.699902
0.700065
0.258136
0.258125
0.216278
0.699895
0.700068
0.699922
0.258136
0.258125
0.216278
0.699895
0.700068
0.699922
0.258062
0.258056
0.216274
0.700085
0.700031
0.700059
0.258062
0.258056
0.216274
0.700085
0.700031
0.700059
0.258065
0.258058
0.216268
0.700026
0.699869
0.699939
0.258065
0.258058
0.216268
0.700026
0.699869
0.699939
0.258041
0.258033
 0.21616
0.699982
0.700118
0.700072
0.258041
0.258033
 0.21616
0.699982
0.700118
0.700072
0.258044
0.258035
0.216154
0.699909
0.699966
0.699944
0.258044
0.258035
0.216154
0.699909
0.699966
0.699944
0.257976
0.257972
 0.21615
0.700098
0.699942
0.700066
0.257976
0.257972
 0.21615
0.700098
0.699942
0.700066
0.258023
0.258012
0.216046
0.700014
0.700064
0.699929
0.258023
0.258012
0.216046
0.700014
0.700064
0.699929
0.257957
0.257952
0.216042
0.699966
0.700039
0.700055
0.257957
0.257952
0.216042
0.699966
0.700039
0.700055
 0.25796
0.257954
0.216036
0.699913
0.699875
 0.69994
 0.25796
0.257954
0.216036
0.699913
0.699875
 0.69994
0.257938
0.257931
0.215942
0.700109
0.700127
0.700073
0.257938
0.257931
0.215942
0.700109
0.700127
0.700073
0.257941
0.257933
0.215936
0.700041
0.699972
0.699947
0.257941
0.257933
0.215936
0.700041
0.699972
0.699947
0.257881
0.257878
0.215932
0.699984
0.699961
0.700061
0.257881
0.257878
0.215932
0.699984
0.699961
0.700061
0.257884
 0.25788
0.215926
 0.69991
0.699811
0.699933
0.257884
 0.25788
0.215926
 0.69991
0.699811
0.699933
0.257877
 0.25787
0.215811
0.700109
0.700142
0.700075
0.257877
 0.25787
0.215811
0.700109
0.700142
0.700075
 0.25788
0.257873
0.215805
0.700038
 0.69999
0.699948
 0.25788
0.257873
0.215805
0.700038
 0.69999
0.699948
0.257883
0.257875
0.215799
0.699956
0.700187
0.700045
0.257883
0.257875
0.215799
0.699956
0.700187
0.700045
0.257801
  0.2578
0.215795
 0.69995
0.699729
0.699957
0.257801
  0.2578
0.215795
 0.69995
0.699729
0.699957
0.257848
0.257839
0.215692
0.700103
0.700216
0.700074
0.257848
0.257839
0.215692
0.700103
0.700216
0.700074
0.257851
0.257842
0.215686
0.700031
0.700065
0.699947
0.257851
0.257842
0.215686
0.700031
0.700065
0.699947
0.257775
0.257772
0.215682
0.699972
0.699991
0.700046
0.257775
0.257772
0.215682
0.699972
0.699991
0.700046
0.257778
0.257775
0.215676
0.699922
0.699829
0.699934
0.257778
0.257775
0.215676
0.699922
0.699829
0.699934
0.257781
0.257777
 0.21567
0.700077
0.700053
0.700061
0.257781
0.257777
 0.21567
0.700077
0.700053
0.700061
0.257759
0.257754
0.215562
0.700029
0.699949
0.699946
0.257759
0.257754
0.215562
0.700029
0.699949
0.699946
0.257762
0.257756
0.215556
0.699954
 0.70015
0.700052
0.257762
0.257756
0.215556
0.699954
 0.70015
0.700052
0.257765
0.257758
0.215549
0.699912
0.699983
0.699945
0.257765
0.257758
0.215549
0.699912
0.699983
0.699945
