 0.230469
0.0211416
 0.739773
  2.01977
 0.205813
 0.325861
 0.230461
0.0211805
 0.739671
  2.01977
  0.20588
 0.325787
 0.230438
0.0212986
 0.739369
  2.01975
 0.206078
 0.325567
 0.230399
0.0214958
 0.738866
  2.01973
 0.206409
 0.325201
 0.230346
0.0217722
 0.738163
   2.0197
 0.206872
 0.324688
 0.230278
0.0221278
 0.737259
  2.01966
 0.207468
 0.324028
 0.230194
0.0225625
 0.736155
  2.01961
 0.208196
 0.323221
 0.230096
0.0230764
  0.73485
  2.01955
 0.209057
 0.322268
 0.229983
0.0236695
 0.733345
  2.01949
  0.21005
 0.321168
 0.229854
0.0243418
 0.731639
  2.01941
 0.211175
 0.319922
 0.229711
0.0250933
 0.729733
  2.01933
 0.212433
 0.318529
0.229552
0.025924
0.727626
 2.01923
0.213823
0.316989
 0.229379
0.0268339
 0.725319
  2.01913
 0.215345
 0.315303
0.229191
0.027823
0.722811
 2.01902
   0.217
 0.31347
 0.228987
0.0288913
 0.720103
   2.0189
 0.218787
  0.31149
 0.228769
0.0300388
 0.717195
  2.01877
 0.220707
 0.309364
 0.228536
0.0312656
 0.714086
  2.01863
 0.222759
 0.307091
 0.228287
0.0325716
 0.710776
  2.01849
 0.224943
 0.304672
 0.228024
0.0339568
 0.707266
  2.01833
  0.22726
 0.302106
 0.227746
0.0354212
 0.703556
  2.01816
 0.229709
 0.299393
 0.227453
0.0369649
 0.699646
  2.01799
  0.23229
 0.296533
 0.227145
0.0385879
 0.695535
  2.01781
 0.235004
 0.293527
 0.226822
0.0402901
 0.691223
  2.01762
  0.23785
 0.290375
 0.226484
0.0420715
 0.686712
  2.01742
 0.240829
 0.287075
 0.226131
0.0439322
    0.682
  2.01721
  0.24394
 0.283629
 0.225763
0.0458722
 0.677087
  2.01699
 0.247183
 0.280037
  0.22538
0.0478915
 0.671974
  2.01676
 0.250559
 0.276297
0.224982
 0.04999
0.666662
 2.01653
0.254067
0.272411
  0.22457
0.0521678
 0.661148
  2.01628
 0.257708
 0.268379
 0.224142
0.0544249
 0.655435
  2.01603
 0.261481
   0.2642
   0.2237
0.0567613
 0.649521
  2.01577
 0.265386
 0.259874
0.223243
0.059177
0.643407
  2.0155
0.269424
0.255402
 0.22277
0.061672
0.637092
 2.01522
0.273594
0.250782
 0.222283
0.0642463
 0.630577
  2.01493
 0.277896
 0.246017
0.221784
0.066882
0.623906
 2.01463
0.282302
0.241137
0.221283
0.069521
0.617222
 2.01433
0.286715
0.236249
 0.220781
0.0721589
 0.610536
  2.01404
 0.291127
 0.231361
 0.220278
0.0747956
 0.603847
  2.01374
  0.29554
 0.226473
 0.219774
0.0774312
 0.597155
  2.01344
 0.299953
 0.221585
 0.219268
0.0800656
 0.590462
  2.01315
 0.304366
 0.216697
 0.218762
0.0826989
 0.583766
  2.01285
 0.308779
  0.21181
0.218254
0.085331
0.577068
 2.01255
0.313191
0.206922
0.217745
0.087962
0.570368
 2.01226
0.317604
0.202034
 0.217235
0.0905919
 0.563665
  2.01196
 0.322017
 0.197146
 0.216724
0.0932207
  0.55696
  2.01166
  0.32643
 0.192258
 0.216212
0.0958483
 0.550254
  2.01137
 0.330843
  0.18737
 0.215698
0.0984749
 0.543544
  2.01107
 0.335255
 0.182482
0.215184
  0.1011
0.536833
 2.01078
0.339668
0.177594
0.214668
0.103725
0.530119
 2.01048
0.344081
0.172706
0.214152
0.106348
0.523403
 2.01018
0.348494
0.167818
0.213634
 0.10897
0.516685
 2.00989
0.352907
0.162931
0.213115
0.111591
0.509965
 2.00959
0.357319
0.158043
0.212595
0.114211
0.503243
 2.00929
0.361732
0.153155
0.212074
 0.11683
0.496519
   2.009
0.366145
0.148267
0.211552
0.119448
0.489792
  2.0087
0.370558
0.143379
0.211029
0.122065
0.483063
  2.0084
0.374971
0.138491
0.210505
0.124681
0.476332
 2.00811
0.379383
0.133603
 0.20998
0.127295
  0.4696
 2.00781
0.383796
0.128715
0.209454
0.129909
0.462865
 2.00751
0.388209
0.123827
0.208926
0.132522
0.456128
 2.00722
0.392622
0.118939
0.208398
0.135133
0.449389
 2.00692
0.397035
0.114051
0.207869
0.137744
0.442647
 2.00662
0.401447
0.109164
0.207338
0.140354
0.435904
 2.00633
 0.40586
0.104276
 0.206807
 0.142962
 0.429159
  2.00603
 0.410273
0.0993877
 0.206275
  0.14557
 0.422412
  2.00573
 0.414686
0.0944998
 0.205742
 0.148176
 0.415663
  2.00544
 0.419099
0.0896119
0.205207
0.150782
0.408912
 2.00514
0.423511
0.084724
 0.204673
 0.153382
  0.40217
  2.00484
 0.427917
0.0798442
 0.204148
 0.155919
 0.395579
  2.00456
 0.432219
0.0750785
 0.203636
 0.158374
 0.389185
  2.00427
 0.436389
0.0704594
0.203136
0.160747
0.382987
   2.004
0.440427
0.065987
  0.20265
  0.16304
 0.376984
  2.00374
 0.444332
0.0616612
0.202176
 0.16525
0.371178
 2.00349
0.448105
0.057482
 0.201715
  0.16738
 0.365568
  2.00324
 0.451746
0.0534495
 0.201266
 0.169427
 0.360153
  2.00301
 0.455254
0.0495636
 0.200831
 0.171394
 0.354935
  2.00278
  0.45863
0.0458243
 0.200408
 0.173279
 0.349913
  2.00256
 0.461873
0.0422317
 0.199998
 0.175082
 0.345086
  2.00235
 0.464984
0.0387857
   0.1996
 0.176805
 0.340456
  2.00215
 0.467963
0.0354864
 0.199216
 0.178445
 0.336022
  2.00196
 0.470809
0.0323337
 0.198844
 0.180005
 0.331784
  2.00178
 0.473523
0.0293276
 0.198486
 0.181483
 0.327742
  2.00161
 0.476105
0.0264682
 0.198139
 0.182879
 0.323896
  2.00144
 0.478554
0.0237554
 0.197806
 0.184195
 0.320246
  2.00129
  0.48087
0.0211892
 0.197486
 0.185429
 0.316793
  2.00114
 0.483055
0.0187697
 0.197178
 0.186581
 0.313535
    2.001
 0.485107
0.0164968
 0.196884
 0.187652
 0.310474
  2.00087
 0.487026
0.0143706
0.196602
0.188642
0.307609
 2.00075
0.488813
0.012391
0.196333
 0.18955
 0.30494
 2.00064
0.490468
0.010558
  0.196076
  0.190377
  0.302467
   2.00054
  0.491991
0.00887165
  0.195833
  0.191123
   0.30019
   2.00044
  0.493381
0.00733195
  0.195603
  0.191788
   0.29811
   2.00036
  0.494638
0.00593889
  0.195385
  0.192371
  0.296226
   2.00028
  0.495764
0.00469246
   0.19518
  0.192873
  0.294538
   2.00022
  0.496757
0.00359268
  0.194989
  0.193293
  0.293046
   2.00016
  0.497617
0.00263952
   0.19481
  0.193632
   0.29175
   2.00011
  0.498345
0.00183301
  0.194644
   0.19389
  0.290651
   2.00007
  0.498941
0.00117313
   0.194491
   0.194067
   0.289748
    2.00004
   0.499404
0.000659896
    0.19435
   0.194162
   0.289042
    2.00002
   0.499735
0.000293293
   0.194223
   0.194176
   0.288531
          2
   0.499934
7.33281e-05
   0.194109
   0.194109
   0.288217
          2
        0.5
3.15181e-13
   0.194012
      0.194
   0.288006
    1.99997
   0.500011
2.81216e-05
   0.193936
   0.193891
   0.287805
    1.99989
   0.500045
0.000112493
   0.193883
   0.193781
   0.287614
    1.99975
   0.500101
0.000253114
   0.193851
   0.193671
   0.287432
    1.99955
    0.50018
0.000449986
   0.193841
    0.19356
    0.28726
     1.9993
   0.500281
0.000703107
  0.193852
  0.193447
  0.287097
   1.99899
  0.500405
0.00101248
 0.193886
 0.193335
 0.286945
  1.99862
 0.500551
0.0013781
  0.193941
  0.193221
  0.286802
    1.9982
   0.50072
0.00179997
  0.194018
  0.193107
  0.286669
   1.99772
  0.500911
0.00227809
  0.194117
  0.192992
  0.286546
   1.99719
  0.501125
0.00281246
  0.194237
  0.192876
  0.286432
    1.9966
  0.501361
0.00340308
  0.194379
  0.192759
  0.286329
   1.99595
   0.50162
0.00404995
  0.194543
  0.192642
  0.286235
   1.99525
  0.501901
0.00475307
  0.194729
  0.192524
  0.286151
   1.99449
  0.502205
0.00551244
  0.194937
  0.192406
  0.286077
   1.99367
  0.502531
0.00632806
  0.195166
  0.192286
  0.286013
    1.9928
   0.50288
0.00719993
  0.195418
  0.192166
  0.285958
   1.99187
  0.503251
0.00812805
  0.195691
  0.192046
  0.285914
   1.99089
  0.503645
0.00911242
0.195986
0.191924
0.285879
 1.98985
0.504061
0.010153
 0.196302
 0.191802
 0.285855
  1.98875
   0.5045
0.0112499
0.196641
 0.19168
 0.28584
  1.9876
0.504961
0.012403
 0.197001
 0.191557
 0.285836
  1.98639
 0.505445
0.0136124
0.197384
0.191433
0.285841
 1.98512
0.505951
0.014878
 0.197788
 0.191308
 0.285856
   1.9838
  0.50648
0.0161999
0.198214
0.191183
0.285881
 1.98242
0.507031
0.017578
 0.198662
 0.191057
 0.285917
  1.98099
 0.507605
0.0190124
0.199132
0.190931
0.285962
  1.9795
0.508201
0.020503
 0.199623
 0.190803
 0.286017
  1.97795
  0.50882
0.0220499
0.200137
0.190676
0.286082
 1.97635
0.509461
0.023653
 0.200672
 0.190548
 0.286158
  1.97469
 0.510125
0.0253124
 0.20123
0.190419
0.286243
 1.97297
0.510811
0.027028
 0.201809
 0.190289
 0.286338
   1.9712
  0.51152
0.0287998
 0.20241
0.190159
0.286444
 1.96937
0.512251
0.030628
 0.203034
 0.190029
  0.28656
  1.96749
 0.513005
0.0325123
 0.203679
 0.189897
 0.286685
  1.96555
 0.513781
0.0344529
 0.204346
 0.189766
 0.286821
  1.96355
  0.51458
0.0364498
 0.205035
 0.189633
 0.286967
   1.9615
 0.515401
0.0385029
 0.205745
 0.189501
 0.287124
  1.95939
 0.516245
0.0406123
 0.206478
 0.189367
  0.28729
  1.95722
 0.517111
0.0427779
 0.207233
 0.189233
 0.287466
    1.955
    0.518
0.0449998
  0.20801
 0.189099
 0.287653
  1.95272
 0.518911
0.0472779
 0.208809
 0.188964
  0.28785
  1.95039
 0.519845
0.0496123
 0.209629
 0.188828
 0.288057
    1.948
 0.520801
0.0520029
 0.210472
 0.188692
 0.288274
  1.94555
  0.52178
0.0544497
 0.211337
 0.188556
 0.288502
  1.94305
 0.522781
0.0569529
 0.212223
 0.188419
  0.28874
  1.94049
 0.523805
0.0595122
 0.213132
 0.188281
 0.288988
  1.93787
 0.524851
0.0621278
 0.214063
 0.188143
 0.289246
   1.9352
  0.52592
0.0647997
 0.215016
 0.188005
 0.289515
  1.93247
 0.527011
0.0675278
  0.21599
 0.187866
 0.289794
  1.92969
 0.528125
0.0703122
 0.216987
 0.187726
 0.290083
  1.92685
 0.529261
0.0731528
 0.218006
 0.187586
 0.290382
  1.92395
  0.53042
0.0760497
 0.219047
 0.187446
 0.290692
    1.921
 0.531601
0.0790028
  0.22011
 0.187305
 0.291012
  1.91799
 0.532805
0.0820122
 0.221195
 0.187164
 0.291343
  1.91492
 0.534031
0.0850778
 0.222302
 0.187022
 0.291684
   1.9118
  0.53528
0.0881996
 0.223431
  0.18688
 0.292035
  1.90862
 0.536551
0.0913778
 0.224582
 0.186737
 0.292397
  1.90539
 0.537845
0.0946121
 0.225755
 0.186594
 0.292769
   1.9021
 0.539161
0.0979027
0.226951
0.186451
0.293152
 1.89875
  0.5405
 0.10125
0.228168
0.186307
0.293545
 1.89535
0.541861
0.104653
0.229408
0.186163
0.293948
 1.89189
0.543245
0.108112
0.230669
0.186018
0.294362
 1.88837
0.544651
0.111628
0.231953
0.185873
0.294786
  1.8848
 0.54608
  0.1152
0.233259
0.185728
0.295221
 1.88117
0.547531
0.118828
0.234587
0.185582
0.295667
 1.87749
0.549005
0.122512
0.235936
0.185436
0.296122
 1.87375
  0.5505
 0.12625
0.237289
0.185289
0.296579
    1.87
   0.552
    0.13
0.238642
0.185143
0.297035
 1.86625
  0.5535
 0.13375
0.239995
0.184995
0.297491
  1.8625
   0.555
  0.1375
0.241348
0.184848
0.297946
 1.85875
  0.5565
 0.14125
0.2427
0.1847
0.2984
 1.855
 0.558
 0.145
0.244052
0.184552
0.298853
 1.85125
  0.5595
 0.14875
0.245403
0.184403
0.299306
  1.8475
   0.561
  0.1525
0.246754
0.184254
0.299758
 1.84375
  0.5625
 0.15625
0.248105
0.184105
 0.30021
    1.84
   0.564
    0.16
0.249455
0.183956
0.300661
 1.83625
  0.5655
 0.16375
0.250805
0.183806
0.301111
  1.8325
   0.567
0.167499
0.252155
0.183656
0.301561
 1.82875
  0.5685
0.171249
0.253505
0.183505
 0.30201
   1.825
    0.57
0.174999
0.254854
0.183354
0.302459
 1.82125
  0.5715
0.178749
0.256203
0.183203
0.302907
  1.8175
   0.573
0.182499
0.257552
0.183052
0.303354
 1.81375
  0.5745
0.186249
  0.2589
0.182901
0.303801
    1.81
   0.576
0.189999
0.260249
0.182749
0.304248
 1.80625
  0.5775
0.193749
0.261597
0.182597
0.304694
  1.8025
   0.579
0.197499
0.262944
0.182445
0.305139
 1.79875
  0.5805
0.201249
0.264292
0.182292
0.305584
   1.795
   0.582
0.204999
0.265639
0.182139
0.306028
 1.79125
  0.5835
0.208749
0.266986
0.181986
0.306472
  1.7875
   0.585
0.212499
0.268333
0.181833
0.306916
 1.78375
  0.5865
0.216249
0.269679
0.181679
0.307359
    1.78
   0.588
0.219999
0.271026
0.181526
0.307801
 1.77625
  0.5895
0.223749
0.272372
0.181372
0.308244
  1.7725
   0.591
0.227499
0.273718
0.181218
0.308685
 1.76875
  0.5925
0.231249
0.275063
0.181064
0.309127
   1.765
   0.594
0.234999
0.276409
0.180909
0.309568
 1.76125
  0.5955
0.238749
0.277754
0.180754
0.310009
  1.7575
   0.597
0.242499
0.279099
0.180599
0.310449
 1.75375
  0.5985
0.246249
0.280444
0.180444
0.310889
    1.75
     0.6
0.249999
0.281789
0.180289
0.311328
 1.74625
  0.6015
0.253749
0.283134
0.180134
0.311768
  1.7425
   0.603
0.257499
0.284478
0.179978
0.312207
 1.73875
  0.6045
0.261249
0.285822
0.179823
0.312645
   1.735
   0.606
0.264999
0.287167
0.179667
0.313084
 1.73125
  0.6075
0.268749
0.288511
0.179511
0.313522
  1.7275
   0.609
0.272499
0.289855
0.179355
0.313959
 1.72375
  0.6105
0.276249
0.291198
0.179199
0.314397
    1.72
   0.612
0.279999
0.292542
0.179042
0.314834
 1.71625
  0.6135
0.283749
0.293885
0.178886
0.315271
  1.7125
   0.615
0.287499
0.295229
0.178729
0.315708
 1.70875
  0.6165
0.291249
0.296572
0.178572
0.316145
   1.705
   0.618
0.294999
0.297915
0.178416
0.316581
 1.70125
  0.6195
0.298749
0.299258
0.178259
0.317017
  1.6975
   0.621
0.302499
0.300601
0.178102
0.317453
 1.69375
  0.6225
0.306249
0.301944
0.177945
0.317889
    1.69
   0.624
0.309999
0.303287
0.177787
0.318325
 1.68625
  0.6255
0.313749
 0.30463
 0.17763
 0.31876
  1.6825
   0.627
0.317499
0.305973
0.177473
0.319196
 1.67875
  0.6285
0.321249
0.307315
0.177316
0.319631
   1.675
    0.63
0.324999
0.308658
0.177158
0.320066
 1.67125
  0.6315
0.328749
    0.31
0.177001
0.320501
  1.6675
   0.633
0.332499
0.311343
0.176843
0.320936
 1.66375
  0.6345
0.336249
0.312685
0.176686
0.321371
    1.66
   0.636
0.339999
0.314028
0.176528
0.321806
 1.65625
  0.6375
0.343749
 0.31537
 0.17637
0.322241
  1.6525
   0.639
0.347499
0.316712
0.176213
0.322675
 1.64875
  0.6405
0.351249
0.318055
0.176055
 0.32311
   1.645
   0.642
0.354999
0.319397
0.175897
0.323545
 1.64125
  0.6435
0.358749
0.320739
 0.17574
0.323979
  1.6375
   0.645
0.362499
0.322082
0.175582
0.324414
 1.63375
  0.6465
0.366249
0.323424
0.175424
0.324848
    1.63
   0.648
0.369999
0.324766
0.175267
0.325283
 1.62625
  0.6495
0.373749
0.326104
0.175109
0.325715
 1.62251
0.650995
0.377487
 0.32742
0.174951
0.326137
 1.61883
0.652469
0.381171
0.328713
0.174794
0.326547
  1.6152
 0.65392
0.384799
0.329984
0.174636
0.326946
 1.61163
0.655348
0.388371
0.331233
0.174478
0.327334
 1.60811
0.656755
0.391887
0.332459
0.174321
0.327711
 1.60465
0.658139
0.395346
0.333663
0.174163
0.328077
 1.60125
  0.6595
0.398749
0.334844
0.174006
0.328431
  1.5979
0.660838
0.402096
0.336003
0.173848
0.328774
 1.59461
0.662155
0.405387
 0.33714
0.173691
0.329107
 1.59138
0.663449
0.408621
0.338254
0.173534
0.329428
  1.5882
 0.66472
0.411799
0.339345
0.173377
0.329738
 1.58508
0.665969
0.414921
0.340414
 0.17322
0.330036
 1.58201
0.667195
0.417987
0.341461
0.173062
0.330324
   1.579
0.668398
0.420996
0.342485
0.172905
0.330601
 1.57605
 0.66958
0.423949
0.343487
0.172749
0.330866
 1.57315
0.670739
0.426846
0.344467
0.172592
0.331121
 1.57031
0.671875
0.429687
0.345424
0.172435
0.331364
 1.56753
0.672989
0.432471
0.346358
0.172278
0.331597
  1.5648
 0.67408
0.435199
0.347271
0.172122
0.331818
 1.56213
0.675149
0.437871
 0.34816
0.171966
0.332029
 1.55951
0.676195
0.440487
0.349028
0.171809
0.332228
 1.55695
0.677219
0.443046
0.349873
0.171653
0.332416
 1.55445
 0.67822
 0.44555
0.350696
0.171497
0.332594
   1.552
0.679199
0.447996
0.351496
0.171341
 0.33276
 1.54961
0.680155
0.450387
0.352274
0.171186
0.332915
 1.54728
0.681089
0.452721
0.35303
0.17103
0.33306
  1.545
  0.682
  0.455
0.353763
0.170874
0.333193
 1.54278
0.682889
0.457221
0.354474
0.170719
0.333316
 1.54061
0.683755
0.459387
0.355163
0.170564
0.333427
  1.5385
0.684599
0.461496
0.355829
0.170409
0.333528
 1.53645
 0.68542
 0.46355
0.356473
0.170254
0.333618
 1.53445
0.686219
0.465546
0.357094
  0.1701
0.333696
 1.53251
0.686995
0.467487
0.357694
0.169945
0.333764
 1.53063
0.687749
0.469371
0.358271
0.169791
0.333821
  1.5288
 0.68848
  0.4712
0.358825
0.169637
0.333868
 1.52703
0.689189
0.472971
0.359358
0.169483
0.333903
 1.52531
0.689875
0.474687
0.359868
0.169329
0.333927
 1.52365
0.690539
0.476347
0.360355
0.169175
0.333941
 1.52205
 0.69118
 0.47795
0.360821
0.169022
0.333943
  1.5205
0.691799
0.479497
0.361264
0.168869
0.333935
 1.51901
0.692395
0.480987
0.361685
0.168716
0.333916
 1.51758
0.692969
0.482422
0.362083
0.168563
0.333886
  1.5162
 0.69352
  0.4838
0.362459
0.168411
0.333846
 1.51488
0.694049
0.485122
0.362813
0.168258
0.333794
 1.51361
0.694555
0.486387
0.363145
0.168106
0.333732
  1.5124
0.695039
0.487597
0.363454
0.167955
0.333659
 1.51125
  0.6955
 0.48875
0.363742
0.167803
0.333575
 1.51015
0.695939
0.489847
0.364007
0.167652
0.333481
 1.50911
0.696355
0.490887
0.364249
0.167501
0.333375
 1.50813
0.696749
0.491872
 0.36447
 0.16735
0.333259
  1.5072
 0.69712
  0.4928
0.364668
0.167199
0.333133
 1.50633
0.697469
0.493672
0.364844
0.167049
0.332995
 1.50551
0.697795
0.494487
0.364997
0.166899
0.332847
 1.50475
0.698099
0.495247
0.365129
0.166749
0.332688
 1.50405
 0.69838
 0.49595
0.365238
0.166599
0.332518
  1.5034
0.698639
0.496597
0.365325
 0.16645
0.332338
 1.50281
0.698875
0.497187
 0.36539
0.166301
0.332146
 1.50228
0.699089
0.497722
0.365432
0.166152
0.331945
  1.5018
 0.69928
  0.4982
0.365453
0.166004
0.331732
 1.50138
0.699449
0.498622
0.365451
0.165856
0.331509
 1.50101
0.699595
0.498987
0.365427
0.165708
0.331275
  1.5007
0.699719
0.499297
 0.36538
 0.16556
0.331031
 1.50045
 0.69982
 0.49955
0.365312
0.165413
0.330776
 1.50025
0.699899
0.499747
0.365221
0.165266
 0.33051
 1.50011
0.699955
0.499887
0.365108
 0.16512
0.330234
 1.50003
0.699989
0.499972
0.364973
0.164973
0.329947
     1.5
     0.7
     0.5
0.364827
0.164832
0.329657
 1.49999
0.699995
0.500013
0.364682
0.164702
0.329373
 1.49995
 0.69998
 0.50005
0.364536
0.164581
0.329095
 1.49989
0.699955
0.500112
0.364391
0.164471
0.328822
  1.4998
 0.69992
  0.5002
0.364247
0.164372
0.328556
 1.49969
0.699875
0.500312
0.364102
0.164282
0.328294
 1.49955
 0.69982
 0.50045
0.363958
0.164203
0.328039
 1.49939
0.699755
0.500612
0.363814
0.164134
0.327789
  1.4992
 0.69968
  0.5008
0.363671
0.164076
0.327545
 1.49899
0.699595
0.501012
0.363528
0.164028
0.327306
 1.49875
  0.6995
 0.50125
0.363386
0.163991
0.327074
 1.49849
0.699395
0.501512
0.363243
0.163963
0.326847
  1.4982
 0.69928
  0.5018
0.363101
0.163946
0.326625
 1.49789
0.699155
0.502112
0.36296
0.16394
0.32641
1.49755
0.69902
0.50245
0.362819
0.163944
  0.3262
 1.49719
0.698875
0.502812
0.362678
0.163958
0.325996
  1.4968
 0.69872
  0.5032
0.362537
0.163982
0.325797
 1.49639
0.698555
0.503612
0.362397
0.164017
0.325605
 1.49595
 0.69838
 0.50405
0.362258
0.164063
0.325418
 1.49549
0.698195
0.504512
0.362118
0.164118
0.325237
   1.495
   0.698
   0.505
 0.36198
0.164185
0.325062
 1.49449
0.697795
0.505512
0.361841
0.164261
0.324892
 1.49395
 0.69758
 0.50605
0.361703
0.164348
0.324728
 1.49339
0.697355
0.506612
0.361565
0.164445
0.324571
  1.4928
 0.69712
  0.5072
0.361428
0.164553
0.324418
 1.49219
0.696875
0.507812
0.361291
0.164671
0.324272
 1.49155
 0.69662
 0.50845
0.361155
  0.1648
0.324132
 1.49089
0.696355
0.509112
0.361019
0.164938
0.323997
  1.4902
 0.69608
  0.5098
0.360883
0.165088
0.323868
 1.48949
0.695795
0.510512
0.360748
0.165248
0.323745
 1.48875
  0.6955
 0.51125
0.360613
0.165418
0.323628
 1.48799
0.695195
0.512012
0.360478
0.165598
0.323517
  1.4872
 0.69488
  0.5128
0.360344
0.165789
0.323411
 1.48639
0.694555
0.513612
0.360211
0.165991
0.323312
 1.48555
 0.69422
 0.51445
0.360078
0.166203
0.323218
 1.48469
0.693875
0.515312
0.359945
0.166425
 0.32313
  1.4838
 0.69352
  0.5162
0.359813
0.166658
0.323048
 1.48289
0.693155
0.517112
0.359681
0.166901
0.322972
 1.48195
 0.69278
 0.51805
 0.35955
0.167155
0.322902
 1.48099
0.692395
0.519012
0.359419
0.167419
0.322838
    1.48
   0.692
    0.52
0.359289
0.167693
 0.32278
 1.47899
0.691595
0.521012
0.359159
0.167978
0.322727
 1.47795
 0.69118
 0.52205
0.359029
0.168274
 0.32268
 1.47689
0.690755
0.523112
 0.3589
0.16858
0.32264
 1.4758
0.69032
 0.5242
0.358771
0.168896
0.322605
 1.47469
0.689875
0.525312
0.358643
0.169223
0.322576
 1.47355
 0.68942
 0.52645
0.358516
 0.16956
0.322554
 1.47239
0.688955
0.527612
0.358388
0.169908
0.322537
  1.4712
 0.68848
  0.5288
0.358262
0.170266
0.322526
 1.46999
0.687995
0.530012
0.358135
0.170635
0.322521
 1.46875
  0.6875
 0.53125
 0.35801
0.171014
0.322522
 1.46749
0.686995
0.532512
0.357884
0.171404
0.322529
  1.4662
 0.68648
  0.5338
 0.35776
0.171804
0.322541
 1.46489
0.685955
0.535112
0.357635
0.172215
 0.32256
 1.46355
 0.68542
 0.53645
0.357511
0.172636
0.322585
 1.46219
0.684875
0.537812
0.357388
0.173068
0.322616
  1.4608
 0.68432
  0.5392
0.357265
 0.17351
0.322653
 1.45939
0.683755
0.540612
0.357143
0.173963
0.322696
 1.45795
 0.68318
 0.54205
0.357021
0.174426
0.322744
 1.45649
0.682595
0.543512
  0.3569
0.174899
0.322799
   1.455
   0.682
   0.545
0.356779
0.175384
 0.32286
 1.45349
0.681395
0.546512
0.356658
0.175878
0.322927
 1.45195
 0.68078
 0.54805
0.356539
0.176383
   0.323
 1.45039
0.680155
0.549612
0.356419
0.176899
0.323079
  1.4488
 0.67952
0.551199
0.356301
0.177425
0.323163
 1.44719
0.678875
0.552812
0.356182
0.177962
0.323254
 1.44555
 0.67822
0.554449
0.356064
0.178509
0.323351
 1.44389
0.677555
0.556112
0.355947
0.179067
0.323454
  1.4422
 0.67688
0.557799
 0.35583
0.179635
0.323563
 1.44049
0.676195
0.559512
0.355714
0.180214
0.323678
 1.43875
  0.6755
0.561249
0.355599
0.180803
  0.3238
 1.43699
0.674795
0.563012
0.355483
0.181403
0.323927
  1.4352
 0.67408
0.564799
0.355369
0.182014
 0.32406
 1.43339
0.673355
0.566612
0.355255
0.182635
0.324199
 1.43155
 0.67262
0.568449
0.355141
0.183266
0.324345
 1.42969
0.671875
0.570312
0.355028
0.183908
0.324496
  1.4278
 0.67112
0.572199
0.354916
 0.18456
0.324654
 1.42589
0.670355
0.574112
0.354804
0.185224
0.324817
 1.42395
 0.66958
0.576049
0.354692
0.185897
0.324987
 1.42199
0.668795
0.578012
0.354582
0.186581
0.325163
    1.42
   0.668
0.579999
0.354471
0.187276
0.325345
 1.41799
0.667195
0.582012
0.354361
0.187981
0.325533
 1.41595
 0.66638
0.584049
0.354252
0.188697
0.325727
 1.41389
0.665555
0.586112
0.354144
0.189423
0.325927
  1.4118
 0.66472
0.588199
0.354035
 0.19016
0.326133
 1.40969
0.663875
0.590312
0.353928
0.190908
0.326346
 1.40755
 0.66302
0.592449
0.353821
0.191666
0.326564
 1.40539
0.662155
0.594612
0.353715
0.192434
0.326789
  1.4032
 0.66128
0.596799
0.353609
0.193213
 0.32702
 1.40099
0.660395
0.599012
0.353503
0.194003
0.327257
 1.39875
  0.6595
0.601249
0.353399
0.194803
  0.3275
 1.39649
0.658595
0.603512
0.353294
0.195614
0.327749
  1.3942
 0.65768
0.605799
0.353191
0.196436
0.328004
 1.39189
0.656755
0.608112
0.353088
0.197268
0.328265
 1.38955
 0.65582
0.610449
0.352985
 0.19811
0.328533
 1.38719
0.654875
0.612812
0.352883
0.198963
0.328807
  1.3848
 0.65392
0.615199
0.352782
0.199827
0.329087
 1.38239
0.652955
0.617612
0.352681
0.200701
0.329373
 1.37995
 0.65198
0.620049
0.352581
0.201586
0.329665
 1.37749
0.650995
0.622512
0.352482
0.202481
0.329963
   1.375
    0.65
0.624999
0.352383
0.203382
0.330265
  1.3725
   0.649
0.627499
0.352284
0.204284
0.330568
    1.37
   0.648
0.629999
0.352186
0.205186
0.330873
  1.3675
   0.647
0.632499
0.352089
0.206089
0.331178
   1.365
   0.646
0.634999
0.351992
0.206992
0.331485
  1.3625
   0.645
0.637499
0.351896
0.207896
0.331792
    1.36
   0.644
    0.64
0.351801
0.208801
0.332101
  1.3575
   0.643
  0.6425
0.351706
0.209706
0.332412
   1.355
   0.642
   0.645
0.351612
0.210611
0.332723
  1.3525
   0.641
  0.6475
0.351518
0.211518
0.333035
    1.35
    0.64
    0.65
0.351425
0.212425
0.333349
  1.3475
   0.639
  0.6525
0.351332
0.213332
0.333664
   1.345
   0.638
   0.655
0.35124
0.21424
0.33398
 1.3425
  0.637
 0.6575
0.351149
0.215149
0.334297
    1.34
   0.636
    0.66
0.351058
0.216058
0.334616
  1.3375
   0.635
  0.6625
0.350968
0.216968
0.334936
   1.335
   0.634
   0.665
0.350878
0.217878
0.335256
  1.3325
   0.633
  0.6675
0.350789
0.218789
0.335579
    1.33
   0.632
    0.67
0.350701
0.219701
0.335902
  1.3275
   0.631
  0.6725
0.350613
0.220613
0.336226
   1.325
    0.63
   0.675
0.350526
0.221526
0.336552
  1.3225
   0.629
  0.6775
0.350439
 0.22244
0.336879
    1.32
   0.628
    0.68
0.350353
0.223354
0.337207
  1.3175
   0.627
  0.6825
0.350268
0.224268
0.337536
   1.315
   0.626
0.685001
0.350183
0.225184
0.337867
  1.3125
   0.625
0.687501
0.350099
0.226099
0.338198
    1.31
   0.624
0.690001
0.350016
0.227016
0.338531
  1.3075
   0.623
0.692501
0.349933
0.227933
0.338866
   1.305
   0.622
0.695001
 0.34985
0.228851
0.339201
  1.3025
   0.621
0.697501
0.349769
0.229769
0.339538
     1.3
    0.62
0.700001
0.349688
0.230688
0.339875
  1.2975
   0.619
0.702501
0.349607
0.231608
0.340214
   1.295
   0.618
0.705001
0.349527
0.232528
0.340555
  1.2925
   0.617
0.707501
0.349448
0.233448
0.340896
    1.29
   0.616
0.710001
0.349369
 0.23437
0.341239
  1.2875
   0.615
0.712501
0.349291
0.235292
0.341583
   1.285
0.613999
0.715001
0.349214
0.236214
0.341928
  1.2825
0.612999
0.717501
0.349137
0.237138
0.342274
    1.28
0.611999
0.720001
0.349061
0.238061
0.342622
  1.2775
0.610999
0.722501
0.348985
0.238986
0.342971
   1.275
0.609999
0.725001
 0.34891
0.239911
0.343321
  1.2725
0.608999
0.727502
0.348836
0.240837
0.343672
    1.27
0.607999
0.730002
0.348762
0.241763
0.344025
  1.2675
0.606999
0.732502
0.348689
 0.24269
0.344379
   1.265
0.605999
0.735002
0.348617
0.243617
0.344734
  1.2625
0.604999
0.737502
0.348545
0.244546
 0.34509
    1.26
0.603999
0.740002
0.348474
0.245474
0.345448
  1.2575
0.602999
0.742502
0.348403
0.246404
0.345806
   1.255
0.601999
0.745002
0.348333
0.247334
0.346166
  1.2525
0.600999
0.747502
0.348264
0.248264
0.346528
    1.25
0.599999
0.750002
0.348195
0.249196
 0.34689
  1.2475
0.598999
0.752502
0.348127
0.250128
0.347254
   1.245
0.597999
0.755002
0.348059
 0.25106
0.347619
  1.2425
0.596999
0.757502
0.347992
0.251993
0.347985
    1.24
0.595999
0.760002
0.347926
0.252927
0.348352
  1.2375
0.594999
0.762502
 0.34786
0.253861
0.348721
   1.235
0.593999
0.765002
0.347795
0.254796
0.349091
  1.2325
0.592999
0.767502
0.347731
0.255732
0.349462
    1.23
0.591999
0.770002
0.347667
0.256668
0.349835
  1.2275
0.590999
0.772503
0.347604
0.257605
0.350208
   1.225
0.589999
0.775003
0.347541
0.258542
0.350583
  1.2225
0.588999
0.777503
0.347479
 0.25948
0.350959
    1.22
0.587999
0.780003
0.347418
0.260419
0.351337
  1.2175
0.586999
0.782503
0.347357
0.261358
0.351715
   1.215
0.585999
0.785003
0.347297
0.262298
0.352095
  1.2125
0.584999
0.787503
0.347238
0.263239
0.352476
    1.21
0.583999
0.790003
0.347179
 0.26418
0.352859
  1.2075
0.582999
0.792503
0.347121
0.265122
0.353242
   1.205
0.581999
0.795003
0.347063
0.266064
0.353627
  1.2025
0.580999
0.797503
0.347006
0.267008
0.354013
     1.2
0.579999
0.800003
 0.34695
0.267951
  0.3544
  1.1975
0.578999
0.802503
0.346894
0.268896
0.354789
   1.195
0.577999
0.805003
0.346839
 0.26984
0.355179
  1.1925
0.576999
0.807503
0.346785
0.270786
 0.35557
    1.19
0.575999
0.810003
0.346731
0.271732
0.355962
  1.1875
0.574999
0.812503
0.346678
0.272679
0.356356
   1.185
0.573999
0.815004
0.346625
0.273626
0.356751
  1.1825
0.572999
0.817504
0.346573
0.274574
0.357147
    1.18
0.571999
0.820004
0.346522
0.275523
0.357544
  1.1775
0.570999
0.822504
0.346471
0.276472
0.357942
   1.175
0.569999
0.825004
0.346421
0.277422
0.358342
  1.1725
0.568998
0.827504
0.346371
0.278373
0.358743
    1.17
0.567998
0.830004
0.346322
0.279324
0.359145
  1.1675
0.566998
0.832504
0.346274
0.280276
0.359549
   1.165
0.565998
0.835004
0.346226
0.281228
0.359953
  1.1625
0.564998
0.837504
0.346179
0.282181
0.360359
    1.16
0.563998
0.840004
0.346133
0.283134
0.360766
  1.1575
0.562998
0.842504
0.346087
0.284089
0.361175
   1.155
0.561998
0.845004
0.346042
0.285043
0.361584
  1.1525
0.560998
0.847504
0.345997
0.285999
0.361995
    1.15
0.559998
0.850004
0.345953
0.286955
0.362407
  1.1475
0.558998
0.852504
 0.34591
0.287912
 0.36282
   1.145
0.557998
0.855004
0.345867
0.288869
0.363235
  1.1425
0.556998
0.857504
0.345825
0.289827
0.363651
    1.14
0.555998
0.860005
0.345783
0.290785
0.364068
  1.1375
0.554998
0.862505
0.345742
0.291744
0.364486
   1.135
0.553998
0.865005
0.345702
0.292704
0.364905
  1.1325
0.552998
0.867505
0.345662
0.293664
0.365326
    1.13
0.551998
0.870005
0.345623
0.294625
0.365748
  1.1275
0.550998
0.872505
0.345585
0.295587
0.366171
   1.125
0.549998
0.875005
0.345547
0.296544
0.366592
 1.12251
0.549003
0.877492
 0.34551
0.297492
 0.36701
 1.12005
0.548018
0.879955
0.345473
 0.29843
0.367425
 1.11761
0.547043
0.882392
0.345437
0.299359
0.367835
  1.1152
0.546078
0.884805
0.345402
0.300278
0.368242
 1.11281
0.545123
0.887192
0.345367
0.301189
0.368644
 1.11045
0.544178
0.889555
0.345332
0.302089
0.369043
 1.10811
0.543243
0.891892
0.345299
0.302981
0.369439
  1.1058
0.542318
0.894205
0.345266
0.303863
 0.36983
 1.10351
0.541403
0.896492
0.345233
0.304735
0.370218
 1.10125
0.540498
0.898755
0.345201
0.305598
0.370601
 1.09901
0.539603
0.900992
 0.34517
0.306452
0.370981
  1.0968
0.538718
0.903205
 0.34514
0.307297
0.371358
 1.09461
0.537843
0.905392
 0.34511
0.308131
 0.37173
 1.09245
0.536978
0.907555
 0.34508
0.308957
0.372099
 1.09031
0.536123
0.909692
0.345051
0.309773
0.372463
  1.0882
0.535278
0.911805
0.345023
 0.31058
0.372824
 1.08611
0.534443
0.913892
0.344995
0.311377
0.373181
 1.08405
0.533618
0.915955
0.344968
0.312165
0.373535
 1.08201
0.532803
0.917992
0.344942
0.312944
0.373884
    1.08
0.531998
0.920005
0.344916
0.313713
 0.37423
 1.07801
0.531203
0.921992
 0.34489
0.314472
0.374572
 1.07605
0.530418
0.923955
0.344866
0.315223
 0.37491
 1.07411
0.529643
0.925892
0.344842
0.315963
0.375244
  1.0722
0.528878
0.927805
0.344818
0.316695
0.375574
 1.07031
0.528123
0.929692
0.344795
0.317417
0.375901
 1.06845
0.527378
0.931555
0.344773
 0.31813
0.376224
 1.06661
0.526643
0.933392
0.344751
0.318833
0.376543
  1.0648
0.525918
0.935205
 0.34473
0.319526
0.376858
 1.06301
0.525203
0.936992
0.344709
0.320211
0.377169
 1.06125
0.524498
0.938755
0.344689
0.320886
0.377476
 1.05951
0.523803
0.940492
0.344669
0.321551
 0.37778
  1.0578
0.523118
0.942205
 0.34465
0.322207
0.378079
 1.05611
0.522443
0.943892
0.344632
0.322854
0.378375
 1.05445
0.521778
0.945554
0.344614
0.323491
0.378667
 1.05281
0.521123
0.947192
0.344597
0.324119
0.378955
  1.0512
0.520478
0.948804
0.344581
0.324737
0.379239
 1.04961
0.519843
0.950392
0.344564
0.325346
 0.37952
 1.04805
0.519218
0.951954
0.344549
0.325946
0.379796
 1.04651
0.518603
0.953492
0.344534
0.326536
0.380069
   1.045
0.517998
0.955004
 0.34452
0.327116
0.380338
 1.04351
0.517403
0.956492
0.344506
0.327688
0.380603
 1.04205
0.516818
0.957954
0.344493
0.328249
0.380864
 1.04061
0.516243
0.959392
 0.34448
0.328802
0.381121
  1.0392
0.515678
0.960804
0.344468
0.329344
0.381374
 1.03781
0.515123
0.962192
0.344456
0.329878
0.381623
 1.03645
0.514578
0.963554
0.344445
0.330402
0.381869
 1.03511
0.514043
0.964891
0.344435
0.330916
 0.38211
  1.0338
0.513518
0.966204
0.344425
0.331421
0.382348
 1.03251
0.513003
0.967491
0.344416
0.331917
0.382582
 1.03125
0.512498
0.968754
0.344407
0.332403
0.382812
 1.03001
0.512003
0.969991
0.344399
 0.33288
0.383038
  1.0288
0.511518
0.971204
0.344391
0.333347
 0.38326
 1.02761
0.511043
0.972391
0.344384
0.333805
0.383478
 1.02645
0.510579
0.973554
0.344377
0.334253
0.383692
 1.02531
0.510124
0.974691
0.344371
0.334692
0.383903
  1.0242
0.509679
0.975804
0.344365
0.335122
0.384109
 1.02311
0.509244
0.976891
 0.34436
0.335542
0.384312
 1.02205
0.508819
0.977953
0.344356
0.335952
 0.38451
 1.02101
0.508404
0.978991
0.344352
0.336353
0.384705
    1.02
0.507999
0.980003
0.344349
0.336745
0.384896
 1.01901
0.507604
0.980991
0.344346
0.337127
0.385082
 1.01805
0.507219
0.981953
0.344344
  0.3375
0.385265
 1.01711
0.506844
0.982891
0.344342
0.337863
0.385444
  1.0162
0.506479
0.983803
0.344341
0.338217
0.385619
 1.01531
0.506124
 0.98469
 0.34434
0.338561
 0.38579
 1.01445
0.505779
0.985553
 0.34434
0.338896
0.385957
 1.01361
0.505444
 0.98639
 0.34434
0.339221
 0.38612
  1.0128
0.505119
0.987203
0.344341
0.339537
 0.38628
 1.01201
0.504804
 0.98799
0.344342
0.339843
0.386435
 1.01125
0.504499
0.988753
0.344344
 0.34014
0.386586
 1.01051
0.504204
 0.98949
0.344346
0.340427
0.386733
  1.0098
0.503919
0.990203
0.344349
0.340705
0.386877
 1.00911
0.503644
 0.99089
0.344353
0.340974
0.387016
 1.00845
0.503379
0.991552
0.344357
0.341233
0.387151
 1.00781
0.503124
 0.99219
0.344361
0.341482
0.387283
  1.0072
0.502879
0.992802
0.344366
0.341722
 0.38741
 1.00661
0.502644
 0.99339
0.344371
0.341952
0.387533
 1.00605
0.502419
0.993952
0.344377
0.342173
0.387653
 1.00551
0.502204
0.994489
0.344384
0.342385
0.387768
   1.005
0.501999
0.995002
0.344391
0.342587
0.387879
 1.00451
0.501804
0.995489
0.344398
0.342779
0.387987
 1.00405
0.501619
0.995952
0.344406
0.342962
 0.38809
 1.00361
0.501444
0.996389
0.344415
0.343135
 0.38819
  1.0032
0.501279
0.996802
0.344424
0.343299
0.388285
 1.00281
0.501124
0.997189
0.344433
0.343453
0.388376
 1.00245
0.500979
0.997551
0.344443
0.343598
0.388463
 1.00211
0.500844
0.997889
0.344453
0.343734
0.388547
  1.0018
 0.50072
0.998201
0.344464
 0.34386
0.388626
 1.00151
0.500605
0.998489
0.344475
0.343976
0.388701
 1.00125
  0.5005
0.998751
0.344487
0.344083
0.388772
 1.00101
0.500405
0.998988
  0.3445
 0.34418
0.388839
  1.0008
 0.50032
0.999201
0.344512
0.344268
0.388902
 1.00061
0.500245
0.999388
0.344526
0.344346
0.388961
 1.00045
 0.50018
0.999551
0.344539
0.344415
0.389016
 1.00031
0.500125
0.999688
0.344554
0.344474
0.389067
  1.0002
 0.50008
  0.9998
0.344568
0.344523
0.389114
 1.00011
0.500045
0.999888
0.344583
0.344564
0.389157
 1.00005
 0.50002
 0.99995
0.344599
0.344594
0.389196
 1.00001
0.500005
0.999988
0.344615
0.344615
 0.38923
       1
     0.5
       1
 0.34462
0.344632
0.389258
0.999972
0.499972
0.999972
0.344603
0.344649
0.389275
0.999887
0.499887
0.999887
0.344565
0.344666
0.389281
0.999746
0.499746
0.999746
0.344504
0.344684
0.389278
0.999549
0.499549
0.999549
0.344421
0.344702
0.389264
0.999296
0.499296
0.999296
0.344316
0.344721
0.389239
0.998986
0.498986
0.998986
0.344188
 0.34474
0.389205
 0.99862
 0.49862
 0.99862
0.344039
 0.34476
 0.38916
0.998198
0.498198
0.998198
0.343868
 0.34478
0.389104
 0.99772
 0.49772
 0.99772
0.343675
0.344801
0.389038
0.997185
0.497185
0.997185
0.343459
0.344822
0.388962
0.996594
0.496594
0.996594
0.343222
0.344843
0.388876
0.995947
0.495947
0.995947
0.342963
0.344865
0.388779
0.995244
0.495244
0.995244
0.342681
0.344887
0.388672
0.994484
0.494484
0.994484
0.342377
 0.34491
0.388554
0.993668
0.493668
0.993668
0.342052
0.344933
0.388426
0.992796
0.492796
0.992796
0.341704
0.344957
0.388287
0.991867
0.491867
0.991867
0.341334
0.344981
0.388138
0.990883
0.490883
0.990883
0.340942
0.345005
0.387979
0.989842
0.489842
0.989842
0.340528
 0.34503
0.387809
0.988745
0.488745
0.988745
0.340092
0.345056
0.387629
0.987591
0.487591
0.987591
0.339634
0.345081
0.387439
0.986382
0.486382
0.986382
0.339154
0.345107
0.387238
0.985116
0.485116
0.985116
0.338651
0.345134
0.387026
0.983794
0.483794
0.983794
0.338127
0.345161
0.386805
0.982415
0.482415
0.982415
 0.33758
0.345188
0.386572
 0.98098
 0.48098
 0.98098
0.337012
0.345216
0.386329
 0.97949
 0.47949
 0.97949
0.336421
0.345244
0.386076
0.977942
0.477942
0.977942
0.335808
0.345272
0.385813
0.976339
0.476339
0.976339
0.335173
0.345301
0.385539
0.974679
0.474679
0.974679
0.334516
0.345331
0.385254
0.972963
0.472963
0.972963
0.333837
 0.34536
0.384959
0.971191
0.471191
0.971191
0.333136
0.345391
0.384654
0.969363
0.469363
0.969363
0.332412
0.345421
0.384338
0.967478
0.467478
0.967478
0.331667
0.345452
0.384011
0.965537
0.465537
0.965537
0.330899
0.345483
0.383674
 0.96354
 0.46354
 0.96354
0.330109
0.345515
0.383327
0.961486
0.461486
0.961486
0.329297
0.345547
0.382969
0.959377
0.459377
0.959377
0.328463
0.345579
0.382601
0.957211
0.457211
0.957211
0.327607
0.345612
0.382222
0.954988
0.454988
0.954988
0.326729
0.345645
0.381832
 0.95271
 0.45271
 0.95271
0.325829
0.345679
0.381432
0.950375
0.450375
0.950375
0.324906
0.345713
0.381022
0.947984
0.447984
0.947984
0.323962
0.345747
0.380601
0.945537
0.445537
0.945537
0.322995
0.345781
0.380169
0.943034
0.443034
0.943034
0.322006
0.345816
0.379727
0.940474
0.440474
0.940474
0.320995
0.345852
0.379275
0.937858
0.437858
0.937858
0.319962
0.345887
0.378812
0.935186
0.435186
0.935186
0.318906
0.345923
0.378338
0.932457
0.432457
0.932457
0.317829
 0.34596
0.377854
0.929672
0.429672
0.929672
0.316729
0.345996
0.377359
0.926831
0.426831
0.926831
0.315607
0.346034
0.376854
0.923934
0.423934
0.923934
0.314463
0.346071
0.376338
0.920981
0.420981
0.920981
0.313297
0.346109
0.375812
0.917971
0.417971
0.917971
0.312109
0.346147
0.375275
0.914905
0.414905
0.914905
0.310898
0.346185
0.374727
0.911783
0.411783
0.911783
0.309666
0.346224
0.374169
0.908604
0.408604
0.908604
0.308411
0.346263
  0.3736
0.905369
0.405369
0.905369
0.307134
0.346303
0.373021
0.902078
0.402078
0.902078
0.305835
0.346342
0.372431
0.898731
0.398731
0.898731
0.304513
0.346382
 0.37183
0.895328
0.395328
0.895328
 0.30317
0.346423
0.371219
0.891868
0.391868
0.891868
0.301804
0.346464
0.370597
0.888352
0.388352
0.888352
0.300416
0.346505
0.369965
0.884779
0.384779
0.884779
0.299006
0.346546
0.369322
0.881151
0.381151
0.881151
0.297574
0.346588
0.368668
0.877466
0.377466
0.877466
0.296121
 0.34663
0.368005
0.873728
0.373728
0.873728
0.294663
0.346672
0.367339
0.869978
0.369978
0.869978
0.293206
0.346714
0.366674
0.866228
0.366228
0.866228
0.291749
0.346757
 0.36601
0.862478
0.362478
0.862478
0.290292
  0.3468
0.365347
0.858728
0.358728
0.858728
0.288835
0.346844
0.364683
0.854978
0.354978
0.854978
0.287379
0.346888
0.364021
0.851228
0.351228
0.851228
0.285923
0.346932
0.363359
0.847478
0.347478
0.847478
0.284467
0.346976
0.362698
0.843728
0.343728
0.843728
0.283012
0.347021
0.362037
0.839978
0.339978
0.839978
0.281557
0.347066
0.361377
0.836227
0.336227
0.836227
0.280102
0.347111
0.360717
0.832477
0.332477
0.832477
0.278647
0.347156
0.360058
0.828727
0.328727
0.828727
0.277193
0.347202
  0.3594
0.824977
0.324977
0.824977
0.275739
0.347248
0.358742
0.821227
0.321227
0.821227
0.274285
0.347295
0.358085
0.817477
0.317477
0.817477
0.272832
0.347341
0.357428
0.813727
0.313727
0.813727
0.271379
0.347388
0.356771
0.809977
0.309977
0.809977
0.269926
0.347435
0.356116
0.806227
0.306227
0.806227
0.268473
0.347483
 0.35546
0.802477
0.302477
0.802477
0.267021
 0.34753
0.354806
0.798727
0.298727
0.798727
0.265569
0.347578
0.354152
0.794977
0.294977
0.794977
0.264117
0.347626
0.353498
0.791226
0.291226
0.791226
0.262665
0.347675
0.352845
0.787476
0.287476
0.787476
0.261214
0.347723
0.352192
0.783726
0.283726
0.783726
0.259763
0.347772
 0.35154
0.779976
0.279976
0.779976
0.258312
0.347821
0.350888
0.776226
0.276226
0.776226
0.256861
0.347871
0.350237
0.772476
0.272476
0.772476
0.255411
0.347921
0.349586
0.768726
0.268726
0.768726
0.253961
 0.34797
0.348936
0.764976
0.264976
0.764976
0.252511
0.348021
0.348286
0.761226
0.261226
0.761226
0.251061
0.348071
0.347637
0.757476
0.257476
0.757476
0.249612
0.348121
0.346988
0.753726
0.253726
0.753726
0.248163
0.348172
 0.34634
0.749976
0.249976
0.749976
0.246714
0.348223
0.345692
0.746225
0.246225
0.746225
0.245265
0.348275
0.345044
0.742475
0.242475
0.742475
0.243816
0.348326
0.344397
0.738725
0.238725
0.738725
0.242368
0.348378
0.343751
0.734975
0.234975
0.734975
 0.24092
 0.34843
0.343105
0.731225
0.231225
0.731225
0.239472
0.348482
0.342459
0.727475
0.227475
0.727475
0.238024
0.348534
0.341814
0.723725
0.223725
0.723725
0.236577
0.348587
0.341169
0.719975
0.219975
0.719975
 0.23513
 0.34864
0.340524
0.716225
0.216225
0.716225
0.233682
0.348693
 0.33988
0.712475
0.212475
0.712475
0.232236
0.348746
0.339236
0.708725
0.208725
0.708725
0.230789
0.348799
0.338593
0.704974
0.204974
0.704974
0.229342
0.348853
 0.33795
0.701224
0.201224
0.701224
0.227896
0.348906
0.337308
0.697474
0.197474
0.697474
 0.22645
 0.34896
0.336666
0.693724
0.193724
0.693724
0.225004
0.349015
0.336024
0.689974
0.189974
0.689974
0.223559
0.349069
0.335383
0.686224
0.186224
0.686224
0.222113
0.349123
0.334742
0.682474
0.182474
0.682474
0.220668
0.349178
0.334101
0.678724
0.178724
0.678724
0.219223
0.349233
0.333461
0.674974
0.174974
0.674974
0.217778
0.349288
0.332821
0.671224
0.171224
0.671224
0.216333
0.349343
0.332181
0.667474
0.167474
0.667474
0.214888
0.349399
0.331542
0.663724
0.163724
0.663724
0.213444
0.349454
0.330903
0.659973
0.159973
0.659973
0.211999
 0.34951
0.330265
0.656223
0.156223
0.656223
0.210555
0.349566
0.329627
0.652473
0.152473
0.652473
0.209111
0.349622
0.328989
0.648723
0.148723
0.648723
0.207668
0.349678
0.328351
0.644973
0.144973
0.644973
0.206224
0.349735
0.327714
0.641223
0.141223
0.641223
 0.20478
0.349791
0.327077
0.637473
0.137473
0.637473
0.203337
0.349848
0.326441
0.633723
0.133723
0.633723
0.201894
0.349905
0.325804
0.629973
0.129973
0.629973
0.200451
0.349962
0.325168
0.626223
0.126223
0.626223
0.199013
0.350019
0.324535
0.622485
0.122485
0.622485
0.197597
0.350076
0.323913
0.618801
0.118801
0.618801
0.196203
0.350134
0.323302
0.615174
0.115174
0.615174
0.194832
0.350191
0.322703
0.611602
0.111602
0.611602
0.193484
0.350249
0.322115
0.608087
0.108087
0.608087
0.192158
0.350307
0.321539
0.604628
0.104628
0.604628
0.190855
0.350365
0.320975
0.601225
0.101225
0.601225
 0.189574
 0.350423
 0.320422
 0.597878
0.0978783
 0.597878
 0.188316
 0.350481
  0.31988
 0.594588
0.0945881
 0.594588
0.187081
 0.35054
 0.31935
0.591354
0.091354
0.591354
 0.185869
 0.350598
 0.318832
 0.588176
0.0881763
 0.588176
 0.184679
 0.350657
 0.318324
 0.585055
0.0850547
 0.585055
 0.183511
 0.350715
 0.317829
 0.581989
0.0819895
 0.581989
 0.182366
 0.350774
 0.317345
  0.57898
0.0789804
  0.57898
 0.181244
 0.350833
 0.316872
 0.576028
0.0760277
 0.576028
 0.180145
 0.350892
 0.316411
 0.573131
0.0731312
 0.573131
 0.179068
 0.350952
 0.315961
 0.570291
0.0702909
 0.570291
 0.178014
 0.351011
 0.315523
 0.567507
0.0675069
 0.567507
 0.176982
  0.35107
 0.315096
 0.564779
0.0647791
 0.564779
 0.175973
  0.35113
 0.314681
 0.562108
0.0621076
 0.562108
 0.174986
 0.351189
 0.314277
 0.559492
0.0594924
 0.559492
 0.174022
 0.351249
 0.313885
 0.556933
0.0569334
 0.556933
 0.173081
 0.351309
 0.313504
 0.554431
0.0544307
 0.554431
 0.172162
 0.351369
 0.313134
 0.551984
0.0519842
 0.551984
 0.171266
 0.351429
 0.312776
 0.549594
0.0495939
 0.549594
 0.170393
 0.351489
 0.312429
  0.54726
0.0472599
  0.54726
 0.169542
 0.351549
 0.312094
 0.544982
0.0449822
 0.544982
 0.168713
 0.351609
  0.31177
 0.542761
0.0427607
 0.542761
 0.167907
 0.351669
 0.311458
 0.540596
0.0405955
 0.540596
 0.167124
  0.35173
 0.311157
 0.538487
0.0384865
 0.538487
 0.166364
  0.35179
 0.310867
 0.536434
0.0364338
 0.536434
 0.165626
 0.351851
 0.310589
 0.534437
0.0344373
 0.534437
  0.16491
 0.351911
 0.310322
 0.532497
0.0324971
 0.532497
 0.164217
 0.351972
 0.310066
 0.530613
0.0306132
 0.530613
 0.163547
 0.352033
 0.309822
 0.528785
0.0287854
 0.528785
0.162899
0.352093
 0.30959
0.527014
0.027014
0.527014
 0.162274
 0.352154
 0.309368
 0.525299
0.0252988
 0.525299
 0.161671
 0.352215
 0.309158
  0.52364
0.0236398
  0.52364
 0.161091
 0.352276
  0.30896
 0.522037
0.0220371
 0.522037
 0.160534
 0.352337
 0.308773
 0.520491
0.0204907
 0.520491
 0.159999
 0.352398
 0.308597
    0.519
0.0190005
    0.519
 0.159486
  0.35246
 0.308432
 0.517567
0.0175665
 0.517567
 0.158996
 0.352521
 0.308279
 0.516189
0.0161888
 0.516189
 0.158529
 0.352582
 0.308137
 0.514867
0.0148674
 0.514867
 0.158084
 0.352643
 0.308007
 0.513602
0.0136022
 0.513602
 0.157662
 0.352705
 0.307888
 0.512393
0.0123933
 0.512393
 0.157262
 0.352766
  0.30778
 0.511241
0.0112406
 0.511241
 0.156885
 0.352827
 0.307684
 0.510144
0.0101442
 0.510144
   0.15653
  0.352889
  0.307598
  0.509104
0.00910399
  0.509104
  0.156198
   0.35295
  0.307525
   0.50812
0.00812006
   0.50812
  0.155889
  0.353012
  0.307462
  0.507192
0.00719239
  0.507192
  0.155602
  0.353073
  0.307411
  0.506321
0.00632097
  0.506321
  0.155337
  0.353135
  0.307371
  0.505506
0.00550581
  0.505506
  0.155095
  0.353197
  0.307342
  0.504747
0.00474689
  0.504747
  0.154876
  0.353258
  0.307325
  0.504044
0.00404423
  0.504044
  0.154679
   0.35332
  0.307319
  0.503398
0.00339782
  0.503398
  0.154505
  0.353381
  0.307324
  0.502808
0.00280767
  0.502808
  0.154353
  0.353443
  0.307341
  0.502274
0.00227377
  0.502274
  0.154223
  0.353505
  0.307369
  0.501796
0.00179611
  0.501796
  0.154116
  0.353567
  0.307408
  0.501375
0.00137472
  0.501375
  0.154032
  0.353628
  0.307458
   0.50101
0.00100957
   0.50101
    0.15397
    0.35369
    0.30752
   0.500701
0.000700678
   0.500701
   0.153931
   0.353752
   0.307593
   0.500448
0.000448038
   0.500448
  0.153914
  0.353813
  0.307677
  0.500252
0.00025165
  0.500252
    0.15392
   0.353875
   0.307773
   0.500112
0.000111515
   0.500112
   0.153948
   0.353937
   0.307879
   0.500028
2.76323e-05
   0.500028
   0.153999
   0.353999
   0.307997
        0.5
5.19613e-09
        0.5
    0.15406
   0.354038
   0.308098
   0.499885
6.86928e-05
   0.499885
   0.154122
   0.354031
   0.308153
   0.499546
0.000272387
   0.499546
   0.154184
    0.35398
   0.308164
   0.498982
0.000611086
   0.498982
  0.154246
  0.353884
   0.30813
  0.498192
0.00108479
  0.498192
 0.154307
 0.353743
  0.30805
 0.497177
0.0016935
 0.497177
  0.154369
  0.353557
  0.307926
  0.495938
0.00243722
  0.495938
  0.154431
  0.353325
  0.307756
  0.494473
0.00331595
  0.494473
  0.154492
  0.353049
  0.307541
  0.492784
0.00432968
  0.492784
  0.154554
  0.352728
  0.307282
  0.490869
0.00547842
  0.490869
  0.154616
  0.352362
  0.306977
   0.48873
0.00676216
   0.48873
  0.154677
   0.35195
  0.306627
  0.486365
0.00818091
  0.486365
  0.154739
  0.351494
  0.306232
  0.483776
0.00973466
  0.483776
   0.1548
 0.350992
 0.305793
 0.480961
0.0114234
 0.480961
 0.154862
 0.350446
 0.305308
 0.477921
0.0132472
 0.477921
0.154923
0.349855
0.304778
0.474657
0.015206
0.474657
 0.154985
 0.349218
 0.304203
 0.471167
0.0172997
 0.471167
 0.155046
 0.348537
 0.303583
 0.467452
0.0195285
 0.467452
 0.155107
  0.34781
 0.302917
 0.463513
0.0218923
 0.463513
 0.155169
 0.347038
 0.302207
 0.459348
0.0243911
 0.459348
  0.15523
 0.346222
 0.301452
 0.454958
0.0270249
 0.454958
 0.155291
  0.34536
 0.300651
 0.450344
0.0297937
 0.450344
 0.155352
 0.344453
 0.299806
 0.445504
0.0326976
 0.445504
 0.155414
 0.343501
 0.298915
 0.440439
0.0357364
 0.440439
 0.155475
 0.342505
 0.297979
  0.43515
0.0389102
  0.43515
 0.155536
 0.341463
 0.296999
 0.429635
0.0422191
 0.429635
 0.155597
 0.340376
 0.295973
 0.423895
0.0456629
 0.423895
 0.155658
 0.339244
 0.294901
  0.41793
0.0492417
  0.41793
 0.155719
 0.338067
 0.293785
 0.411741
0.0529556
 0.411741
 0.155779
 0.336845
 0.292624
 0.405326
0.0568045
 0.405326
  0.15584
 0.335577
 0.291418
 0.398686
0.0607883
 0.398686
 0.155901
 0.334265
 0.290166
 0.391821
0.0649072
 0.391821
 0.155962
 0.332908
 0.288869
 0.384732
0.0691611
 0.384732
0.156022
0.331505
0.287528
0.377417
 0.07355
0.377417
0.156083
0.330068
0.286151
0.369928
0.078043
0.369928
 0.156143
 0.328629
 0.284772
 0.362428
0.0825431
 0.362428
 0.156203
 0.327189
 0.283392
 0.354928
0.0870432
 0.354928
 0.156264
 0.325749
 0.282013
 0.347428
0.0915433
 0.347428
 0.156324
 0.324309
 0.280633
 0.339928
0.0960434
 0.339928
0.156384
 0.32287
0.279254
0.332428
0.100543
0.332428
0.156444
 0.32143
0.277874
0.324927
0.105044
0.324927
0.156504
 0.31999
0.276494
0.317427
0.109544
0.317427
0.156564
0.318549
0.275113
0.309927
0.114044
0.309927
0.156624
0.317109
0.273733
0.302427
0.118544
0.302427
0.156684
0.315669
0.272353
0.294927
0.123044
0.294927
0.156743
0.314229
0.270972
0.287426
0.127544
0.287426
0.156803
0.312788
0.269591
0.279926
0.132044
0.279926
0.156862
0.311348
 0.26821
0.272426
0.136544
0.272426
0.156922
0.309907
0.266829
0.264926
0.141044
0.264926
0.156981
0.308466
0.265447
0.257426
0.145545
0.257426
 0.15704
0.307025
0.264065
0.249926
0.150045
0.249926
0.157099
0.305584
0.262684
0.242425
0.154545
0.242425
0.157158
0.304143
0.261302
0.234925
0.159045
0.234925
0.157217
0.302702
0.259919
0.227425
0.163545
0.227425
0.157276
0.301261
0.258537
0.219925
0.168045
0.219925
0.157335
 0.29982
0.257154
0.212425
0.172545
0.212425
0.157393
0.298378
0.255771
0.204925
0.177045
0.204925
0.157452
0.296937
0.254388
0.197424
0.181545
0.197424
 0.15751
0.295495
0.253005
0.189924
0.186045
0.189924
0.157568
0.294053
0.251622
0.182424
0.190546
0.182424
0.157627
0.292611
0.250238
0.174924
0.195046
0.174924
0.157685
0.291169
0.248854
0.167424
0.199546
0.167424
0.157743
0.289727
 0.24747
0.159924
0.204046
0.159924
  0.1578
0.288285
0.246085
0.152423
0.208546
0.152423
0.157858
0.286843
0.244701
0.144923
0.213046
0.144923
0.157916
  0.2854
0.243316
0.137423
0.217546
0.137423
0.157973
0.283958
0.241931
0.129923
0.222046
0.129923
 0.15803
0.282518
0.240548
0.122436
0.226538
0.122436
0.158088
0.281113
  0.2392
0.115126
0.230925
0.115126
0.158145
0.279753
0.237897
 0.10804
0.235176
 0.10804
0.158202
0.278438
0.236639
 0.10118
0.239292
 0.10118
 0.158258
 0.277167
 0.235426
0.0945447
 0.243273
0.0945447
 0.158315
 0.275942
 0.234257
0.0881344
 0.247119
0.0881344
 0.158372
 0.274762
 0.233133
0.0819491
 0.250831
0.0819491
 0.158428
 0.273626
 0.232054
0.0759888
 0.254407
0.0759888
 0.158484
 0.272535
  0.23102
0.0702535
 0.257848
0.0702535
 0.158541
 0.271489
  0.23003
0.0647432
 0.261154
0.0647432
0.158597
0.270488
0.229085
0.059458
0.264325
0.059458
 0.158653
 0.269532
 0.228185
0.0543977
 0.267361
0.0543977
 0.158708
 0.268621
 0.227329
0.0495625
 0.270263
0.0495625
 0.158764
 0.267754
 0.226518
0.0449523
 0.273029
0.0449523
 0.158819
 0.266933
 0.225752
0.0405671
  0.27566
0.0405671
 0.158875
 0.266156
 0.225031
0.0364069
 0.278156
0.0364069
  0.15893
 0.265424
 0.224354
0.0324717
 0.280517
0.0324717
 0.158985
 0.264737
 0.223722
0.0287615
 0.282743
0.0287615
  0.15904
 0.264095
 0.223135
0.0252763
 0.284834
0.0252763
 0.159095
 0.263498
 0.222592
0.0220162
  0.28679
0.0220162
0.159149
0.262945
0.222094
0.018981
0.288611
0.018981
 0.159204
 0.262438
 0.221641
0.0161709
 0.290297
0.0161709
 0.159258
 0.261975
 0.221233
0.0135858
 0.291849
0.0135858
 0.159312
 0.261557
 0.220869
0.0112256
 0.293265
0.0112256
  0.159366
  0.261184
   0.22055
0.00909053
  0.294546
0.00909053
   0.15942
  0.260856
  0.220276
0.00718043
  0.295692
0.00718043
  0.159473
  0.260572
  0.220046
0.00549534
  0.296703
0.00549534
  0.159527
  0.260334
  0.219861
0.00403526
  0.297579
0.00403526
  0.15958
  0.26014
 0.219721
0.0028002
  0.29832
0.0028002
  0.159633
  0.259991
  0.219625
0.00179014
  0.298926
0.00179014
  0.159686
  0.259887
  0.219574
0.00100509
  0.299397
0.00100509
   0.159739
   0.259828
   0.219568
0.000445056
   0.299733
0.000445056
  0.159792
  0.259814
  0.219606
0.00011003
  0.299934
0.00011003
   0.159844
   0.259844
   0.219689
2.14168e-09
        0.3
2.14168e-09
   0.159899
   0.259897
   0.219794
1.78901e-05
    0.30001
1.78901e-05
   0.159959
   0.259949
   0.219898
7.07798e-05
    0.30004
7.07798e-05
   0.160024
   0.260001
   0.220002
0.000158671
   0.300091
0.000158671
   0.160093
   0.260053
   0.220106
0.000281564
   0.300161
0.000281564
   0.160167
   0.260105
   0.220209
0.000439458
   0.300251
0.000439458
   0.160246
   0.260156
   0.220312
0.000632354
   0.300361
0.000632354
    0.16033
   0.260207
   0.220415
0.000860252
   0.300492
0.000860252
  0.160419
  0.260258
  0.220517
0.00112315
  0.300642
0.00112315
  0.160512
  0.260309
  0.220619
0.00142105
  0.300812
0.00142105
  0.160611
   0.26036
   0.22072
0.00175395
  0.301002
0.00175395
  0.160714
  0.260411
  0.220822
0.00212186
  0.301212
0.00212186
  0.160822
  0.260461
  0.220922
0.00252476
  0.301443
0.00252476
  0.160935
  0.260511
  0.221023
0.00296267
  0.301693
0.00296267
  0.161052
  0.260561
  0.221123
0.00343558
  0.301963
0.00343558
  0.161175
  0.260611
  0.221223
0.00394349
  0.302253
0.00394349
 0.161302
 0.260661
 0.221322
0.0044864
 0.302564
0.0044864
  0.161434
  0.260711
  0.221421
0.00506432
  0.302894
0.00506432
  0.161571
   0.26076
   0.22152
0.00567723
  0.303244
0.00567723
  0.161713
  0.260809
  0.221618
0.00632515
  0.303614
0.00632515
  0.161859
  0.260858
  0.221716
0.00700807
  0.304005
0.00700807
   0.16201
  0.260907
  0.221813
0.00772599
  0.304415
0.00772599
  0.162167
  0.260955
   0.22191
0.00847891
  0.304845
0.00847891
  0.162327
  0.261004
  0.222007
0.00926683
  0.305295
0.00926683
 0.162493
 0.261052
 0.222104
0.0100898
 0.305766
0.0100898
 0.162664
   0.2611
 0.222199
0.0109477
 0.306256
0.0109477
 0.162839
 0.261148
 0.222295
0.0118406
 0.306766
0.0118406
 0.163019
 0.261195
  0.22239
0.0127685
 0.307296
0.0127685
 0.163204
 0.261243
 0.222485
0.0137315
 0.307847
0.0137315
 0.163394
  0.26129
 0.222579
0.0147294
 0.308417
0.0147294
 0.163588
 0.261337
 0.222673
0.0157623
 0.309007
0.0157623
 0.163788
 0.261383
 0.222767
0.0168303
 0.309617
0.0168303
 0.163992
  0.26143
  0.22286
0.0179332
 0.310248
0.0179332
 0.164201
 0.261476
 0.222953
0.0190712
 0.310898
0.0190712
 0.164415
 0.261523
 0.223045
0.0202441
 0.311568
0.0202441
0.164633
0.261569
0.223137
0.021452
0.312258
0.021452
0.164857
0.261614
0.223229
0.022695
0.312969
0.022695
 0.165085
  0.26166
  0.22332
0.0239729
 0.313699
0.0239729
 0.165318
 0.261705
 0.223411
0.0252859
 0.314449
0.0252859
 0.165555
 0.261751
 0.223501
0.0266338
 0.315219
0.0266338
 0.165798
 0.261795
 0.223591
0.0280168
  0.31601
0.0280168
 0.166045
  0.26184
  0.22368
0.0294347
  0.31682
0.0294347
 0.166297
 0.261885
  0.22377
0.0308877
  0.31765
0.0308877
 0.166554
 0.261929
 0.223858
0.0323756
   0.3185
0.0323756
 0.166816
 0.261973
 0.223946
0.0338986
 0.319371
0.0338986
 0.167082
 0.262017
 0.224034
0.0354565
 0.320261
0.0354565
 0.167354
 0.262061
 0.224122
0.0370495
 0.321171
0.0370495
  0.16763
 0.262104
 0.224209
0.0386775
 0.322101
0.0386775
  0.16791
 0.262148
 0.224295
0.0403404
 0.323052
0.0403404
 0.168196
 0.262191
 0.224381
0.0420384
 0.324022
0.0420384
 0.168487
 0.262233
 0.224467
0.0437714
 0.325012
0.0437714
 0.168782
 0.262276
 0.224552
0.0455393
 0.326022
0.0455393
 0.169082
 0.262318
 0.224637
0.0473423
 0.327053
0.0473423
 0.169386
 0.262361
 0.224721
0.0491803
 0.328103
0.0491803
 0.169696
 0.262403
 0.224805
0.0510533
 0.329173
0.0510533
  0.17001
 0.262444
 0.224889
0.0529612
 0.330264
0.0529612
 0.170329
 0.262486
 0.224972
0.0549042
 0.331374
0.0549042
 0.170653
 0.262527
 0.225055
0.0568822
 0.332504
0.0568822
 0.170982
 0.262568
 0.225137
0.0588952
 0.333654
0.0588952
 0.171315
 0.262609
 0.225218
0.0609431
 0.334825
0.0609431
 0.171654
  0.26265
   0.2253
0.0630261
 0.336015
0.0630261
 0.171997
  0.26269
 0.225381
0.0651441
 0.337225
0.0651441
 0.172344
 0.262731
 0.225461
0.0672971
 0.338455
0.0672971
 0.172697
 0.262771
 0.225541
0.0694851
 0.339706
0.0694851
 0.173054
  0.26281
  0.22562
0.0717081
 0.340976
0.0717081
 0.173416
  0.26285
   0.2257
0.0739661
 0.342266
0.0739661
 0.173783
 0.262889
 0.225778
0.0762591
 0.343577
0.0762591
0.174155
0.262928
0.225856
0.078587
0.344907
0.078587
0.174531
0.262967
0.225934
 0.08095
0.346257
 0.08095
0.174913
0.263006
0.226011
0.083348
0.347627
0.083348
0.175298
0.263044
0.226088
0.085781
0.349018
0.085781
0.175689
0.263082
0.226164
0.088249
0.350428
0.088249
0.176085
 0.26312
 0.22624
0.090752
0.351858
0.090752
0.176485
0.263158
0.226316
 0.09329
0.353309
 0.09329
  0.17689
 0.263195
 0.226391
0.0958631
 0.354779
0.0958631
   0.1773
 0.263233
 0.226465
0.0984711
 0.356269
0.0984711
0.177714
 0.26327
0.226539
0.101114
0.357779
0.101114
0.178134
0.263306
0.226613
0.103792
 0.35931
0.103792
0.178558
0.263343
0.226686
0.106505
 0.36086
0.106505
0.178987
0.263379
0.226759
0.109253
 0.36243
0.109253
0.179421
0.263415
0.226831
0.112036
0.364021
0.112036
0.179859
0.263451
0.226903
0.114854
0.365631
0.114854
0.180302
0.263487
0.226974
0.117707
0.367261
0.117707
 0.18075
0.263522
0.227045
0.120595
0.368912
0.120595
0.181203
0.263557
0.227115
0.123518
0.370582
0.123518
 0.18166
0.263592
0.227185
0.126476
0.372272
0.126476
0.182123
0.263627
0.227254
0.129469
0.373982
0.129469
 0.18259
0.263662
0.227323
0.132497
0.375713
0.132497
0.183061
0.263696
0.227391
 0.13556
0.377463
 0.13556
0.183538
 0.26373
0.227459
0.138658
0.379233
0.138658
0.184019
0.263763
0.227527
0.141791
0.381024
0.141791
0.184505
0.263797
0.227594
0.144959
0.382834
0.144959
0.184996
 0.26383
0.227661
0.148162
0.384664
0.148162
0.185492
0.263863
0.227727
  0.1514
0.386515
  0.1514
0.185992
0.263896
0.227792
0.154673
0.388385
0.154673
0.186497
0.263929
0.227857
0.157982
0.390275
0.157982
0.187007
0.263961
0.227922
0.161325
0.392185
0.161325
0.187522
0.263993
0.227986
0.164703
0.394116
0.164703
0.188041
0.264025
 0.22805
0.168116
0.396066
0.168116
0.188566
0.264057
0.228113
0.171564
0.398036
0.171564
0.189095
0.264088
0.228176
0.175047
0.400027
0.175047
0.189626
0.264119
0.228238
0.178547
0.402027
0.178547
0.190157
 0.26415
  0.2283
0.182047
0.404027
0.182047
0.190687
0.264181
0.228361
0.185547
0.406027
0.185547
0.191218
0.264211
0.228422
0.189047
0.408027
0.189047
0.191748
0.264241
0.228482
0.192547
0.410027
0.192547
0.192278
0.264271
0.228542
0.196047
0.412027
0.196047
0.192807
0.264301
0.228601
0.199547
0.414027
0.199547
0.193337
 0.26433
 0.22866
0.203047
0.416027
0.203047
0.193866
0.264359
0.228719
0.206547
0.418027
0.206547
0.194395
0.264388
0.228777
0.210048
0.420027
0.210048
0.194924
0.264417
0.228834
0.213548
0.422027
0.213548
0.195452
0.264445
0.228891
0.217048
0.424027
0.217048
0.195981
0.264474
0.228947
0.220548
0.426027
0.220548
0.196509
0.264502
0.229003
0.224048
0.428027
0.224048
0.197036
0.264529
0.229059
0.227548
0.430027
0.227548
0.197564
0.264557
0.229114
0.231048
0.432027
0.231048
0.198091
0.264584
0.229168
0.234548
0.434027
0.234548
0.198618
0.264611
0.229222
0.238048
0.436028
0.238048
0.199145
0.264638
0.229276
0.241548
0.438028
0.241548
0.199671
0.264665
0.229329
0.245048
0.440028
0.245048
0.200198
0.264691
0.229382
0.248548
0.442028
0.248548
0.200724
0.264717
0.229434
0.252048
0.444028
0.252048
 0.20125
0.264743
0.229485
0.255549
0.446028
0.255549
0.201775
0.264768
0.229536
0.259049
0.448028
0.259049
0.202301
0.264794
0.229587
0.262549
0.450028
0.262549
0.202826
0.264819
0.229637
0.266049
0.452028
0.266049
 0.20335
0.264843
0.229687
0.269549
0.454028
0.269549
0.203875
0.264868
0.229736
0.273049
0.456028
0.273049
0.204399
0.264892
0.229785
0.276549
0.458028
0.276549
0.204924
0.264917
0.229833
0.280049
0.460028
0.280049
0.205447
 0.26494
0.229881
0.283549
0.462028
0.283549
0.205971
0.264964
0.229928
0.287049
0.464028
0.287049
0.206494
0.264987
0.229975
0.290549
0.466028
0.290549
0.207018
 0.26501
0.230021
0.294049
0.468028
0.294049
 0.20754
0.265033
0.230067
 0.29755
0.470028
 0.29755
0.208063
0.265056
0.230112
 0.30105
0.472028
 0.30105
0.208585
0.265078
0.230157
 0.30455
0.474028
 0.30455
0.209108
0.265101
0.230201
 0.30805
0.476028
 0.30805
 0.20963
0.265122
0.230245
 0.31155
0.478028
 0.31155
0.210151
0.265144
0.230288
 0.31505
0.480029
 0.31505
0.210673
0.265166
0.230331
 0.31855
0.482029
 0.31855
0.211194
0.265187
0.230373
 0.32205
0.484029
 0.32205
0.211715
0.265208
0.230415
 0.32555
0.486029
 0.32555
0.212236
0.265228
0.230457
 0.32905
0.488029
 0.32905
0.212756
0.265249
0.230498
 0.33255
0.490029
 0.33255
0.213276
0.265269
0.230538
 0.33605
0.492029
 0.33605
0.213796
0.265289
0.230578
 0.33955
0.494029
 0.33955
0.214316
0.265309
0.230617
0.343051
0.496029
0.343051
0.214835
0.265328
0.230656
0.346551
0.498029
0.346551
0.215355
0.265347
0.230695
0.350051
0.500029
0.350051
0.215874
0.265366
0.230733
0.353551
0.502029
0.353551
0.216392
0.265385
 0.23077
0.357051
0.504029
0.357051
0.216911
0.265404
0.230807
0.360551
0.506029
0.360551
0.217429
0.265422
0.230844
0.364051
0.508029
0.364051
0.217947
 0.26544
 0.23088
0.367551
0.510029
0.367551
0.218465
0.265458
0.230916
0.371051
0.512029
0.371051
0.218983
0.265475
0.230951
0.374551
0.514029
0.374551
  0.2195
0.265493
0.230985
0.378051
0.516029
0.378051
0.220017
 0.26551
 0.23102
0.381551
0.518029
0.381551
0.220534
0.265527
0.231053
0.385052
0.520029
0.385052
0.221051
0.265543
0.231086
0.388552
 0.52203
0.388552
0.221567
 0.26556
0.231119
0.392052
 0.52403
0.392052
0.222083
0.265576
0.231151
0.395552
 0.52603
0.395552
0.222599
0.265592
0.231183
0.399052
 0.52803
0.399052
0.223115
0.265607
0.231214
0.402552
 0.53003
0.402552
 0.22363
0.265623
0.231245
0.406052
 0.53203
0.406052
0.224145
0.265638
0.231275
0.409552
 0.53403
0.409552
 0.22466
0.265653
0.231305
0.413052
 0.53603
0.413052
0.225175
0.265667
0.231335
0.416552
 0.53803
0.416552
0.225689
0.265682
0.231364
0.420052
 0.54003
0.420052
0.226204
0.265696
0.231392
0.423552
 0.54203
0.423552
0.226717
 0.26571
 0.23142
0.427052
 0.54403
0.427052
0.227231
0.265724
0.231447
0.430553
 0.54603
0.430553
0.227745
0.265737
0.231474
0.434053
 0.54803
0.434053
0.228258
 0.26575
0.231501
0.437553
 0.55003
0.437553
0.228771
0.265764
0.231527
0.441053
 0.55203
0.441053
0.229284
0.265776
0.231553
0.444553
 0.55403
0.444553
0.229796
0.265789
0.231578
0.448053
 0.55603
0.448053
0.230309
0.265801
0.231602
0.451553
 0.55803
0.451553
0.230821
0.265813
0.231627
0.455053
 0.56003
0.455053
0.231333
0.265825
 0.23165
0.458553
 0.56203
0.458553
0.231844
0.265837
0.231674
0.462053
 0.56403
0.462053
0.232356
0.265848
0.231696
0.465553
0.566031
0.465553
0.232867
0.265859
0.231719
0.469053
0.568031
0.469053
0.233378
 0.26587
 0.23174
0.472554
0.570031
0.472554
0.233889
0.265881
0.231762
0.476054
0.572031
0.476054
0.234399
0.265891
0.231783
0.479554
0.574031
0.479554
0.234909
0.265902
0.231803
0.483054
0.576031
0.483054
0.235419
0.265912
0.231823
0.486554
0.578031
0.486554
0.235929
0.265921
0.231843
0.490054
0.580031
0.490054
0.236439
0.265931
0.231862
0.493554
0.582031
0.493554
0.236948
 0.26594
0.231881
0.497054
0.584031
0.497054
0.237457
0.265949
0.231899
0.500554
0.586031
0.500554
0.237966
0.265958
0.231916
0.504054
0.588031
0.504054
0.238475
0.265967
0.231934
0.507554
0.590031
0.507554
0.238983
0.265975
 0.23195
0.511054
0.592031
0.511054
0.239491
0.265983
0.231967
0.514555
0.594031
0.514555
0.239999
0.265991
0.231983
0.518055
0.596031
0.518055
0.240507
0.265999
0.231998
0.521555
0.598031
0.521555
0.241014
0.266007
0.232013
0.525055
0.600031
0.525055
0.241519
0.266014
0.232028
0.528537
0.602021
0.528537
0.242019
0.266021
0.232042
0.531984
0.603991
0.531984
0.242513
0.266028
0.232055
0.535396
 0.60594
0.535396
0.243002
0.266034
0.232069
0.538773
 0.60787
0.538773
0.243486
0.266041
0.232081
0.542115
 0.60978
0.542115
0.243964
0.266047
0.232094
0.545422
 0.61167
0.545422
0.244438
0.266053
0.232106
0.548694
0.613539
0.548694
0.244906
0.266059
0.232117
0.551931
0.615389
0.551931
0.245369
0.266064
0.232128
0.555133
0.617219
0.555133
0.245826
0.266069
0.232139
  0.5583
0.619029
  0.5583
0.246279
0.266074
0.232149
0.561432
0.620818
0.561432
0.246726
0.266079
0.232158
0.564529
0.622588
0.564529
0.247168
0.266084
0.232167
0.567591
0.624338
0.567591
0.247605
0.266088
0.232176
0.570618
0.626067
0.570618
0.248037
0.266092
0.232185
 0.57361
0.627777
 0.57361
0.248463
0.266096
0.232193
0.576567
0.629467
0.576567
0.248884
  0.2661
  0.2322
0.579489
0.631137
0.579489
  0.2493
0.266104
0.232207
0.582376
0.632786
0.582376
0.249711
0.266107
0.232214
0.585228
0.634416
0.585228
0.250116
 0.26611
 0.23222
0.588045
0.636026
0.588045
0.250517
0.266113
0.232226
0.590827
0.637615
0.590827
0.250912
0.266116
0.232231
0.593574
0.639185
0.593574
0.251302
0.266118
0.232236
0.596286
0.640735
0.596286
0.251686
 0.26612
 0.23224
0.598963
0.642265
0.598963
0.252066
0.266122
0.232245
0.601605
0.643774
0.601605
 0.25244
0.266124
0.232248
0.604212
0.645264
0.604212
0.252809
0.266126
0.232251
0.606784
0.646734
0.606784
0.253173
0.266127
0.232254
0.609321
0.648183
0.609321
0.253532
0.266128
0.232257
0.611823
0.649613
0.611823
0.253885
0.266129
0.232259
 0.61429
0.651023
 0.61429
0.254233
 0.26613
 0.23226
0.616722
0.652413
0.616722
0.254576
0.266131
0.232261
0.619119
0.653782
0.619119
0.254914
0.266131
0.232262
0.621481
0.655132
0.621481
0.255247
0.266131
0.232262
0.623808
0.656462
0.623808
0.255574
0.266131
0.232262
  0.6261
0.657771
  0.6261
0.255896
0.266131
0.232262
0.628357
0.659061
0.628357
0.256213
 0.26613
0.232261
0.630579
0.660331
0.630579
0.256525
 0.26613
 0.23226
0.632766
 0.66158
0.632766
0.256831
0.266129
0.232258
0.634918
 0.66281
0.634918
0.257133
0.266128
0.232256
0.637035
 0.66402
0.637035
0.257429
0.266127
0.232253
0.639117
 0.66521
0.639117
 0.25772
0.266125
 0.23225
0.641164
0.666379
0.641164
0.258006
0.266123
0.232247
0.643176
0.667529
0.643176
0.258286
0.266122
0.232243
0.645153
0.668659
0.645153
0.258562
 0.26612
0.232239
0.647095
0.669768
0.647095
0.258832
0.266117
0.232235
0.649002
0.670858
0.649002
0.259097
0.266115
 0.23223
0.650873
0.671928
0.650873
0.259357
0.266112
0.232224
 0.65271
0.672977
 0.65271
0.259611
0.266109
0.232219
0.654512
0.674007
0.654512
0.259861
0.266106
0.232213
0.656279
0.675017
0.656279
0.260105
0.266103
0.232206
0.658011
0.676006
0.658011
0.260344
  0.2661
0.232199
0.659708
0.676976
0.659708
0.260578
0.266096
0.232192
 0.66137
0.677926
 0.66137
0.260806
0.266092
0.232185
0.662997
0.678856
0.662997
 0.26103
0.266088
0.232177
0.664589
0.679765
0.664589
0.261248
0.266084
0.232168
0.666146
0.680655
0.666146
0.261461
 0.26608
0.232159
0.667668
0.681525
0.667668
0.261669
0.266075
 0.23215
0.669155
0.682374
0.669155
0.261871
 0.26607
0.232141
0.670607
0.683204
0.670607
0.262069
0.266066
0.232131
0.672024
0.684014
0.672024
0.262261
 0.26606
0.232121
0.673406
0.684803
0.673406
0.262448
0.266055
 0.23211
0.674753
0.685573
0.674753
 0.26263
 0.26605
0.232099
0.676065
0.686323
0.676065
0.262807
0.266044
0.232088
0.677342
0.687052
0.677342
0.262979
0.266038
0.232076
0.678583
0.687762
0.678583
0.263145
0.266032
0.232064
 0.67979
0.688452
 0.67979
0.263306
0.266026
0.232052
0.680962
0.689121
0.680962
0.263462
0.266019
0.232039
0.682099
0.689771
0.682099
0.263613
0.266013
0.232026
0.683201
0.690401
0.683201
0.263759
0.266006
0.232012
0.684268
 0.69101
0.684268
0.263899
0.265999
0.231998
  0.6853
  0.6916
  0.6853
0.264034
0.265992
0.231984
0.686297
 0.69217
0.686297
0.264165
0.265985
0.231969
0.687259
0.692719
0.687259
 0.26429
0.265977
0.231955
0.688186
0.693249
0.688186
0.264409
 0.26597
0.231939
0.689078
0.693759
0.689078
0.264524
0.265962
0.231924
0.689935
0.694248
0.689935
0.264633
0.265954
0.231908
0.690756
0.694718
0.690756
0.264738
0.265946
0.231891
0.691543
0.695168
0.691543
0.264837
0.265937
0.231875
0.692295
0.695597
0.692295
0.264931
0.265929
0.231858
0.693012
0.696007
0.693012
0.265019
 0.26592
 0.23184
0.693694
0.696397
0.693694
0.265103
0.265911
0.231823
0.694341
0.696766
0.694341
0.265181
0.265902
0.231805
0.694953
0.697116
0.694953
0.265255
0.265893
0.231786
 0.69553
0.697446
 0.69553
0.265323
0.265884
0.231768
0.696072
0.697755
0.696072
0.265386
0.265874
0.231749
0.696579
0.698045
0.696579
0.265443
0.265865
0.231729
0.697051
0.698315
0.697051
0.265496
0.265855
 0.23171
0.697487
0.698564
0.697487
0.265543
0.265845
 0.23169
0.697889
0.698794
0.697889
0.265586
0.265835
0.231669
0.698256
0.699004
0.698256
0.265623
0.265824
0.231649
0.698588
0.699193
0.698588
0.265655
0.265814
0.231628
0.698885
0.699363
0.698885
0.265681
0.265803
0.231606
0.699147
0.699512
0.699147
0.265703
0.265792
0.231585
0.699374
0.699642
0.699374
0.265719
0.265781
0.231563
0.699566
0.699752
0.699566
0.265731
 0.26577
0.231541
0.699722
0.699841
0.699722
0.265737
0.265759
0.231518
0.699844
0.699911
0.699844
0.265738
0.265748
0.231495
0.699931
0.699961
0.699931
0.265734
0.265736
0.231472
0.699983
 0.69999
0.699983
0.265724
0.265724
0.231449
     0.7
     0.7
     0.7
0.265712
0.265712
0.231425
     0.7
     0.7
     0.7
  0.2657
  0.2657
0.231401
     0.7
     0.7
     0.7
0.265688
0.265688
0.231377
     0.7
     0.7
     0.7
0.265676
0.265676
0.231352
     0.7
     0.7
     0.7
0.265664
0.265664
0.231327
     0.7
     0.7
     0.7
0.265651
0.265651
0.231302
     0.7
     0.7
     0.7
0.265638
0.265638
0.231276
     0.7
     0.7
     0.7
0.265625
0.265625
 0.23125
     0.7
     0.7
     0.7
0.265612
0.265612
0.231224
     0.7
     0.7
     0.7
0.265599
0.265599
0.231198
     0.7
     0.7
     0.7
0.265586
0.265586
0.231171
     0.7
     0.7
     0.7
0.265572
0.265572
0.231144
     0.7
     0.7
     0.7
0.265558
0.265558
0.231117
     0.7
     0.7
     0.7
0.265545
0.265545
0.231089
     0.7
     0.7
     0.7
0.265531
0.265531
0.231061
     0.7
     0.7
     0.7
0.265517
0.265517
0.231033
     0.7
     0.7
     0.7
0.265502
0.265502
0.231005
     0.7
     0.7
     0.7
0.265488
0.265488
0.230976
     0.7
     0.7
     0.7
0.265474
0.265474
0.230947
     0.7
     0.7
     0.7
0.265459
0.265459
0.230918
     0.7
     0.7
     0.7
0.265444
0.265444
0.230889
     0.7
     0.7
     0.7
 0.26543
 0.26543
0.230859
     0.7
     0.7
     0.7
0.265415
0.265415
0.230829
     0.7
     0.7
     0.7
0.265399
0.265399
0.230799
     0.7
     0.7
     0.7
0.265384
0.265384
0.230768
     0.7
     0.7
     0.7
0.265369
0.265369
0.230738
     0.7
     0.7
     0.7
0.265353
0.265353
0.230706
     0.7
     0.7
     0.7
0.265338
0.265338
0.230675
     0.7
     0.7
     0.7
0.265322
0.265322
0.230644
     0.7
     0.7
     0.7
0.265306
0.265306
0.230612
     0.7
     0.7
     0.7
0.26529
0.26529
0.23058
    0.7
    0.7
    0.7
0.265274
0.265274
0.230548
     0.7
     0.7
     0.7
0.265258
0.265258
0.230515
     0.7
     0.7
     0.7
0.265241
0.265241
0.230482
     0.7
     0.7
     0.7
0.265225
0.265225
0.230449
     0.7
     0.7
     0.7
0.265208
0.265208
0.230416
     0.7
     0.7
     0.7
0.265191
0.265191
0.230383
     0.7
     0.7
     0.7
0.265174
0.265174
0.230349
     0.7
     0.7
     0.7
0.265157
0.265157
0.230315
     0.7
     0.7
     0.7
 0.26514
 0.26514
0.230281
     0.7
     0.7
     0.7
0.265123
0.265123
0.230246
     0.7
     0.7
     0.7
0.265106
0.265106
0.230212
     0.7
     0.7
     0.7
0.265088
0.265088
0.230177
     0.7
     0.7
     0.7
0.265071
0.265071
0.230142
     0.7
     0.7
     0.7
0.265053
0.265053
0.230106
     0.7
     0.7
     0.7
0.265035
0.265035
0.230071
     0.7
     0.7
     0.7
0.265018
0.265018
0.230035
     0.7
     0.7
     0.7
   0.265
   0.265
0.229999
     0.7
     0.7
     0.7
0.264981
0.264981
0.229963
     0.7
     0.7
     0.7
0.264963
0.264963
0.229926
     0.7
     0.7
     0.7
0.264945
0.264945
 0.22989
     0.7
     0.7
     0.7
0.264927
0.264927
0.229853
     0.7
     0.7
     0.7
0.264908
0.264908
0.229816
     0.7
     0.7
     0.7
0.264889
0.264889
0.229779
     0.7
     0.7
     0.7
0.264871
0.264871
0.229741
     0.7
     0.7
     0.7
0.264852
0.264852
0.229704
     0.7
     0.7
     0.7
0.264833
0.264833
0.229666
     0.7
     0.7
     0.7
0.264814
0.264814
0.229628
     0.7
     0.7
     0.7
0.264795
0.264795
 0.22959
     0.7
     0.7
     0.7
0.264776
0.264776
0.229551
     0.7
     0.7
     0.7
0.264756
0.264756
0.229513
     0.7
     0.7
     0.7
0.264737
0.264737
0.229474
     0.7
     0.7
     0.7
0.264717
0.264717
0.229435
     0.7
     0.7
     0.7
0.264698
0.264698
0.229396
     0.7
     0.7
     0.7
0.264678
0.264678
0.229356
     0.7
     0.7
     0.7
0.264658
0.264658
0.229317
     0.7
     0.7
     0.7
0.264639
0.264639
0.229277
     0.7
     0.7
     0.7
0.264619
0.264619
0.229237
     0.7
     0.7
     0.7
0.264599
0.264599
0.229197
     0.7
     0.7
     0.7
0.264578
0.264578
0.229157
     0.7
     0.7
     0.7
0.264558
0.264558
0.229116
     0.7
     0.7
     0.7
0.264538
0.264538
0.229076
     0.7
     0.7
     0.7
0.264518
0.264518
0.229035
     0.7
     0.7
     0.7
0.264497
0.264497
0.228994
     0.7
     0.7
     0.7
0.264476
0.264476
0.228953
     0.7
     0.7
     0.7
0.264456
0.264456
0.228912
     0.7
     0.7
     0.7
0.264435
0.264435
 0.22887
     0.7
     0.7
     0.7
0.264414
0.264414
0.228829
     0.7
     0.7
     0.7
0.264394
0.264394
0.228787
     0.7
     0.7
     0.7
0.264373
0.264373
0.228745
     0.7
     0.7
     0.7
0.264352
0.264352
0.228703
     0.7
     0.7
     0.7
 0.26433
 0.26433
0.228661
     0.7
     0.7
     0.7
0.264309
0.264309
0.228619
     0.7
     0.7
     0.7
0.264288
0.264288
0.228576
     0.7
     0.7
     0.7
0.264267
0.264267
0.228533
     0.7
     0.7
     0.7
0.264245
0.264245
0.228491
     0.7
     0.7
     0.7
0.264224
0.264224
0.228448
     0.7
     0.7
     0.7
0.264202
0.264202
0.228405
     0.7
     0.7
     0.7
0.264181
0.264181
0.228361
     0.7
     0.7
     0.7
0.264159
0.264159
0.228318
     0.7
     0.7
     0.7
0.264137
0.264137
0.228275
     0.7
     0.7
     0.7
0.264116
0.264116
0.228231
     0.7
     0.7
     0.7
0.264094
0.264094
0.228187
     0.7
     0.7
     0.7
0.264072
0.264072
0.228143
     0.7
     0.7
     0.7
 0.26405
 0.26405
0.228099
     0.7
     0.7
     0.7
0.264028
0.264028
0.228055
     0.7
     0.7
     0.7
0.264006
0.264006
0.228011
     0.7
     0.7
     0.7
0.263983
0.263983
0.227967
     0.7
     0.7
     0.7
0.263961
0.263961
0.227922
     0.7
     0.7
     0.7
0.263939
0.263939
0.227878
     0.7
     0.7
     0.7
0.263916
0.263916
0.227833
     0.7
     0.7
     0.7
0.263894
0.263894
0.227788
     0.7
     0.7
     0.7
0.263872
0.263872
0.227743
     0.7
     0.7
     0.7
0.263849
0.263849
0.227698
     0.7
     0.7
     0.7
0.263827
0.263827
0.227653
     0.7
     0.7
     0.7
0.263804
0.263804
0.227608
     0.7
     0.7
     0.7
0.263781
0.263781
0.227562
     0.7
     0.7
     0.7
0.263758
0.263758
0.227517
     0.7
     0.7
     0.7
0.263736
0.263736
0.227471
     0.7
     0.7
     0.7
0.263713
0.263713
0.227426
     0.7
     0.7
     0.7
0.26369
0.26369
0.22738
    0.7
    0.7
    0.7
0.263667
0.263667
0.227334
     0.7
     0.7
     0.7
0.263644
0.263644
0.227288
     0.7
     0.7
     0.7
0.263621
0.263621
0.227242
     0.7
     0.7
     0.7
0.263598
0.263598
0.227196
     0.7
     0.7
     0.7
0.263575
0.263575
 0.22715
     0.7
     0.7
     0.7
0.263552
0.263552
0.227103
     0.7
     0.7
     0.7
0.263529
0.263529
0.227057
     0.7
     0.7
     0.7
0.263505
0.263505
0.227011
     0.7
     0.7
     0.7
0.263482
0.263482
0.226964
     0.7
     0.7
     0.7
0.263459
0.263459
0.226917
     0.7
     0.7
     0.7
0.263435
0.263435
0.226871
     0.7
     0.7
     0.7
0.263412
0.263412
0.226824
     0.7
     0.7
     0.7
0.263389
0.263389
0.226777
     0.7
     0.7
     0.7
0.263365
0.263365
 0.22673
     0.7
     0.7
     0.7
0.263342
0.263342
0.226683
     0.7
     0.7
     0.7
0.263318
0.263318
0.226636
     0.7
     0.7
     0.7
0.263294
0.263294
0.226589
     0.7
     0.7
     0.7
0.263271
0.263271
0.226542
     0.7
     0.7
     0.7
0.263247
0.263247
0.226495
     0.7
     0.7
     0.7
0.263224
0.263224
0.226447
     0.7
     0.7
     0.7
0.2632
0.2632
0.2264
   0.7
   0.7
   0.7
0.263176
0.263176
0.226352
     0.7
     0.7
     0.7
0.263152
0.263152
0.226305
     0.7
     0.7
     0.7
0.263129
0.263129
0.226257
     0.7
     0.7
     0.7
0.263105
0.263105
 0.22621
     0.7
     0.7
     0.7
0.263081
0.263081
0.226162
     0.7
     0.7
     0.7
0.263057
0.263057
0.226114
     0.7
     0.7
     0.7
0.263033
0.263033
0.226067
     0.7
     0.7
     0.7
0.263009
0.263009
0.226019
     0.7
     0.7
     0.7
0.262986
0.262986
0.225971
     0.7
     0.7
     0.7
0.262962
0.262962
0.225923
     0.7
     0.7
     0.7
0.262938
0.262938
0.225875
     0.7
     0.7
     0.7
0.262914
0.262914
0.225827
     0.7
     0.7
     0.7
 0.26289
 0.26289
0.225779
     0.7
     0.7
     0.7
0.262866
0.262866
0.225731
     0.7
     0.7
     0.7
0.262842
0.262842
0.225683
     0.7
     0.7
     0.7
0.262818
0.262818
0.225635
     0.7
     0.7
     0.7
0.262794
0.262794
0.225587
     0.7
     0.7
     0.7
 0.26277
 0.26277
0.225539
     0.7
     0.7
     0.7
0.262745
0.262745
0.225491
     0.7
     0.7
     0.7
0.262721
0.262721
0.225443
     0.7
     0.7
     0.7
0.262697
0.262697
0.225395
     0.7
     0.7
     0.7
0.262673
0.262673
0.225346
     0.7
     0.7
     0.7
0.262649
0.262649
0.225298
     0.7
     0.7
     0.7
0.262625
0.262625
 0.22525
     0.7
     0.7
     0.7
0.262601
0.262601
0.225202
     0.7
     0.7
     0.7
0.262577
0.262577
0.225153
     0.7
     0.7
     0.7
0.262552
0.262552
0.225105
     0.7
     0.7
     0.7
0.262528
0.262528
0.225057
     0.7
     0.7
     0.7
0.262504
0.262504
0.225008
     0.7
     0.7
     0.7
0.26248
0.26248
0.22496
    0.7
    0.7
    0.7
0.262456
0.262456
0.224912
     0.7
     0.7
     0.7
0.262432
0.262432
0.224863
     0.7
     0.7
     0.7
0.262407
0.262407
0.224815
     0.7
     0.7
     0.7
0.262383
0.262383
0.224767
     0.7
     0.7
     0.7
0.262359
0.262359
0.224718
     0.7
     0.7
     0.7
0.262335
0.262335
 0.22467
     0.7
     0.7
     0.7
0.262311
0.262311
0.224622
     0.7
     0.7
     0.7
0.262287
0.262287
0.224573
     0.7
     0.7
     0.7
0.262262
0.262262
0.224525
     0.7
     0.7
     0.7
0.262238
0.262238
0.224477
     0.7
     0.7
     0.7
0.262214
0.262214
0.224428
     0.7
     0.7
     0.7
0.26219
0.26219
0.22438
    0.7
    0.7
    0.7
0.262166
0.262166
0.224332
     0.7
     0.7
     0.7
0.262142
0.262142
0.224283
     0.7
     0.7
     0.7
0.262118
0.262118
0.224235
     0.7
     0.7
     0.7
0.262093
0.262093
0.224187
     0.7
     0.7
     0.7
0.262069
0.262069
0.224139
     0.7
     0.7
     0.7
0.262045
0.262045
0.224091
     0.7
     0.7
     0.7
0.262021
0.262021
0.224042
     0.7
     0.7
     0.7
0.261997
0.261997
0.223994
     0.7
     0.7
     0.7
0.261973
0.261973
0.223946
     0.7
     0.7
     0.7
0.261949
0.261949
0.223898
     0.7
     0.7
     0.7
0.261925
0.261925
 0.22385
     0.7
     0.7
     0.7
0.261901
0.261901
0.223802
     0.7
     0.7
     0.7
0.261877
0.261877
0.223754
     0.7
     0.7
     0.7
0.261853
0.261853
0.223706
     0.7
     0.7
     0.7
0.261829
0.261829
0.223658
     0.7
     0.7
     0.7
0.261805
0.261805
 0.22361
     0.7
     0.7
     0.7
0.261781
0.261781
0.223562
     0.7
     0.7
     0.7
0.261757
0.261757
0.223514
     0.7
     0.7
     0.7
0.261733
0.261733
0.223467
     0.7
     0.7
     0.7
0.261709
0.261709
0.223419
     0.7
     0.7
     0.7
0.261686
0.261686
0.223371
     0.7
     0.7
     0.7
0.261662
0.261662
0.223324
     0.7
     0.7
     0.7
0.261638
0.261638
0.223276
     0.7
     0.7
     0.7
0.261614
0.261614
0.223228
     0.7
     0.7
     0.7
 0.26159
 0.26159
0.223181
     0.7
     0.7
     0.7
0.261567
0.261567
0.223133
     0.7
     0.7
     0.7
0.261543
0.261543
0.223086
     0.7
     0.7
     0.7
0.261519
0.261519
0.223039
     0.7
     0.7
     0.7
0.261496
0.261496
0.222991
     0.7
     0.7
     0.7
0.261472
0.261472
0.222944
     0.7
     0.7
     0.7
0.261449
0.261449
0.222897
     0.7
     0.7
     0.7
0.261425
0.261425
 0.22285
     0.7
     0.7
     0.7
0.261401
0.261401
0.222803
     0.7
     0.7
     0.7
0.261378
0.261378
0.222756
     0.7
     0.7
     0.7
0.261354
0.261354
0.222709
     0.7
     0.7
     0.7
0.261331
0.261331
0.222662
     0.7
     0.7
     0.7
0.261308
0.261308
0.222615
     0.7
     0.7
     0.7
0.261284
0.261284
0.222569
     0.7
     0.7
     0.7
0.261261
0.261261
0.222522
     0.7
     0.7
     0.7
0.261238
0.261238
0.222475
     0.7
     0.7
     0.7
0.261214
0.261214
0.222429
     0.7
     0.7
     0.7
0.261191
0.261191
0.222382
     0.7
     0.7
     0.7
0.261168
0.261168
0.222336
     0.7
     0.7
     0.7
0.261145
0.261145
 0.22229
     0.7
     0.7
     0.7
0.261122
0.261122
0.222243
     0.7
     0.7
     0.7
0.261099
0.261099
0.222197
     0.7
     0.7
     0.7
0.261076
0.261076
0.222151
     0.7
     0.7
     0.7
0.261053
0.261053
0.222105
     0.7
     0.7
     0.7
 0.26103
 0.26103
0.222059
     0.7
     0.7
     0.7
0.261007
0.261007
0.222013
     0.7
     0.7
     0.7
0.260984
0.260984
0.221968
     0.7
     0.7
     0.7
0.260961
0.260961
0.221922
     0.7
     0.7
     0.7
0.260938
0.260938
0.221876
     0.7
     0.7
     0.7
0.260915
0.260915
0.221831
     0.7
     0.7
     0.7
0.260893
0.260893
0.221786
     0.7
     0.7
     0.7
0.26087
0.26087
0.22174
    0.7
    0.7
    0.7
0.260848
0.260848
0.221695
     0.7
     0.7
     0.7
0.260825
0.260825
 0.22165
     0.7
     0.7
     0.7
0.260802
0.260802
0.221605
     0.7
     0.7
     0.7
0.26078
0.26078
0.22156
    0.7
    0.7
    0.7
0.260758
0.260758
0.221515
     0.7
     0.7
     0.7
0.260735
0.260735
 0.22147
     0.7
     0.7
     0.7
0.260713
0.260713
0.221426
     0.7
     0.7
     0.7
0.260691
0.260691
0.221381
     0.7
     0.7
     0.7
0.260668
0.260668
0.221337
     0.7
     0.7
     0.7
0.260646
0.260646
0.221292
     0.7
     0.7
     0.7
0.260624
0.260624
0.221248
     0.7
     0.7
     0.7
0.260602
0.260602
0.221204
     0.7
     0.7
     0.7
0.26058
0.26058
0.22116
    0.7
    0.7
    0.7
0.260558
0.260558
0.221116
     0.7
     0.7
     0.7
0.260536
0.260536
0.221072
     0.7
     0.7
     0.7
0.260514
0.260514
0.221029
     0.7
     0.7
     0.7
0.260493
0.260493
0.220985
     0.7
     0.7
     0.7
0.260471
0.260471
0.220942
     0.7
     0.7
     0.7
0.260449
0.260449
0.220898
     0.7
     0.7
     0.7
0.260427
0.260427
0.220855
     0.7
     0.7
     0.7
0.260406
0.260406
0.220812
     0.7
     0.7
     0.7
0.260384
0.260384
0.220769
     0.7
     0.7
     0.7
0.260363
0.260363
0.220726
     0.7
     0.7
     0.7
0.260342
0.260342
0.220683
     0.7
     0.7
     0.7
0.26032
0.26032
0.22064
    0.7
    0.7
    0.7
0.260299
0.260299
0.220598
     0.7
     0.7
     0.7
0.260278
0.260278
0.220555
     0.7
     0.7
     0.7
0.260257
0.260257
0.220513
     0.7
     0.7
     0.7
0.260235
0.260235
0.220471
     0.7
     0.7
     0.7
0.260214
0.260214
0.220429
     0.7
     0.7
     0.7
0.260193
0.260193
0.220387
     0.7
     0.7
     0.7
0.260173
0.260173
0.220345
     0.7
     0.7
     0.7
0.260152
0.260152
0.220303
     0.7
     0.7
     0.7
0.260131
0.260131
0.220262
     0.7
     0.7
     0.7
0.26011
0.26011
0.22022
    0.7
    0.7
    0.7
 0.26009
 0.26009
0.220179
     0.7
     0.7
     0.7
0.260069
0.260069
0.220138
     0.7
     0.7
     0.7
0.260048
0.260048
0.220097
     0.7
     0.7
     0.7
0.260028
0.260028
0.220056
     0.7
     0.7
     0.7
0.260008
0.260008
0.220015
     0.7
     0.7
     0.7
0.259987
0.259987
0.219975
     0.7
     0.7
     0.7
0.259967
0.259967
0.219934
     0.7
     0.7
     0.7
0.259947
0.259947
0.219894
     0.7
     0.7
     0.7
0.259927
0.259927
0.219854
     0.7
     0.7
     0.7
0.259907
0.259907
0.219813
     0.7
     0.7
     0.7
0.259887
0.259887
0.219773
     0.7
     0.7
     0.7
0.259867
0.259867
0.219734
     0.7
     0.7
     0.7
0.259847
0.259847
0.219694
     0.7
     0.7
     0.7
0.259827
0.259827
0.219654
     0.7
     0.7
     0.7
0.259808
0.259808
0.219615
     0.7
     0.7
     0.7
0.259788
0.259788
0.219576
     0.7
     0.7
     0.7
0.259768
0.259768
0.219537
     0.7
     0.7
     0.7
0.259749
0.259749
0.219498
     0.7
     0.7
     0.7
0.259729
0.259729
0.219459
     0.7
     0.7
     0.7
0.25971
0.25971
0.21942
    0.7
    0.7
    0.7
0.259691
0.259691
0.219382
     0.7
     0.7
     0.7
0.259672
0.259672
0.219343
     0.7
     0.7
     0.7
0.259653
0.259653
0.219305
     0.7
     0.7
     0.7
0.259634
0.259634
0.219267
     0.7
     0.7
     0.7
0.259615
0.259615
0.219229
     0.7
     0.7
     0.7
0.259596
0.259596
0.219191
     0.7
     0.7
     0.7
0.259577
0.259577
0.219154
     0.7
     0.7
     0.7
0.259558
0.259558
0.219116
     0.7
     0.7
     0.7
0.259539
0.259539
0.219079
     0.7
     0.7
     0.7
0.259521
0.259521
0.219042
     0.7
     0.7
     0.7
0.259502
0.259502
0.219005
     0.7
     0.7
     0.7
0.259484
0.259484
0.218968
     0.7
     0.7
     0.7
0.259466
0.259466
0.218931
     0.7
     0.7
     0.7
0.259447
0.259447
0.218895
     0.7
     0.7
     0.7
0.259429
0.259429
0.218858
     0.7
     0.7
     0.7
0.259411
0.259411
0.218822
     0.7
     0.7
     0.7
0.259393
0.259393
0.218786
     0.7
     0.7
     0.7
0.259375
0.259375
 0.21875
     0.7
     0.7
     0.7
0.259357
0.259357
0.218714
     0.7
     0.7
     0.7
0.259339
0.259339
0.218679
     0.7
     0.7
     0.7
0.259322
0.259322
0.218643
     0.7
     0.7
     0.7
0.259304
0.259304
0.218608
     0.7
     0.7
     0.7
0.259286
0.259286
0.218573
     0.7
     0.7
     0.7
0.259269
0.259269
0.218538
     0.7
     0.7
     0.7
0.259252
0.259252
0.218503
     0.7
     0.7
     0.7
0.259234
0.259234
0.218469
     0.7
     0.7
     0.7
0.259217
0.259217
0.218434
     0.7
     0.7
     0.7
0.2592
0.2592
0.2184
   0.7
   0.7
   0.7
0.259183
0.259183
0.218366
     0.7
     0.7
     0.7
0.259166
0.259166
0.218332
     0.7
     0.7
     0.7
0.259149
0.259149
0.218298
     0.7
     0.7
     0.7
0.259132
0.259132
0.218264
     0.7
     0.7
     0.7
0.259115
0.259115
0.218231
     0.7
     0.7
     0.7
0.259099
0.259099
0.218198
     0.7
     0.7
     0.7
0.259082
0.259082
0.218165
     0.7
     0.7
     0.7
0.259066
0.259066
0.218132
     0.7
     0.7
     0.7
0.259049
0.259049
0.218099
     0.7
     0.7
     0.7
0.259033
0.259033
0.218066
     0.7
     0.7
     0.7
0.259017
0.259017
0.218034
     0.7
     0.7
     0.7
0.259001
0.259001
0.218002
     0.7
     0.7
     0.7
0.258985
0.258985
 0.21797
     0.7
     0.7
     0.7
0.258969
0.258969
0.217938
     0.7
     0.7
     0.7
0.258953
0.258953
0.217906
     0.7
     0.7
     0.7
0.258937
0.258937
0.217874
     0.7
     0.7
     0.7
0.258922
0.258922
0.217843
     0.7
     0.7
     0.7
0.258906
0.258906
0.217812
     0.7
     0.7
     0.7
 0.25889
 0.25889
0.217781
     0.7
     0.7
     0.7
0.258875
0.258875
 0.21775
     0.7
     0.7
     0.7
 0.25886
 0.25886
0.217719
     0.7
     0.7
     0.7
0.258844
0.258844
0.217689
     0.7
     0.7
     0.7
0.258829
0.258829
0.217658
     0.7
     0.7
     0.7
0.258814
0.258814
0.217628
     0.7
     0.7
     0.7
0.258799
0.258799
0.217598
     0.7
     0.7
     0.7
0.258784
0.258784
0.217569
     0.7
     0.7
     0.7
0.258769
0.258769
0.217539
     0.7
     0.7
     0.7
0.258755
0.258755
 0.21751
     0.7
     0.7
     0.7
0.25874
0.25874
0.21748
    0.7
    0.7
    0.7
0.258726
0.258726
0.217451
     0.7
     0.7
     0.7
0.258711
0.258711
0.217422
     0.7
     0.7
     0.7
0.258697
0.258697
0.217394
     0.7
     0.7
     0.7
0.258683
0.258683
0.217365
     0.7
     0.7
     0.7
0.258668
0.258668
0.217337
     0.7
     0.7
     0.7
0.258654
0.258654
0.217309
     0.7
     0.7
     0.7
 0.25864
 0.25864
0.217281
     0.7
     0.7
     0.7
0.258626
0.258626
0.217253
     0.7
     0.7
     0.7
0.258613
0.258613
0.217225
     0.7
     0.7
     0.7
0.258599
0.258599
0.217198
     0.7
     0.7
     0.7
0.258585
0.258585
0.217171
     0.7
     0.7
     0.7
0.258572
0.258572
0.217144
     0.7
     0.7
     0.7
0.258558
0.258558
0.217117
     0.7
     0.7
     0.7
0.258545
0.258545
 0.21709
     0.7
     0.7
     0.7
0.258532
0.258532
0.217064
     0.7
     0.7
     0.7
0.258519
0.258519
0.217037
     0.7
     0.7
     0.7
0.258506
0.258506
0.217011
     0.7
     0.7
     0.7
0.258493
0.258493
0.216985
     0.7
     0.7
     0.7
 0.25848
 0.25848
0.216959
     0.7
     0.7
     0.7
0.258467
0.258467
0.216934
     0.7
     0.7
     0.7
0.258454
0.258454
0.216908
     0.7
     0.7
     0.7
0.258442
0.258442
0.216883
     0.7
     0.7
     0.7
0.258429
0.258429
0.216858
     0.7
     0.7
     0.7
0.258417
0.258417
0.216833
     0.7
     0.7
     0.7
0.258404
0.258404
0.216809
     0.7
     0.7
     0.7
0.258392
0.258392
0.216784
     0.7
     0.7
     0.7
0.25838
0.25838
0.21676
    0.7
    0.7
    0.7
0.258368
0.258368
0.216736
     0.7
     0.7
     0.7
0.258356
0.258356
0.216712
     0.7
     0.7
     0.7
0.258344
0.258344
0.216688
     0.7
     0.7
     0.7
0.258332
0.258332
0.216665
     0.7
     0.7
     0.7
0.258321
0.258321
0.216642
     0.7
     0.7
     0.7
0.258309
0.258309
0.216618
     0.7
     0.7
     0.7
0.258298
0.258298
0.216596
     0.7
     0.7
     0.7
0.258286
0.258286
0.216573
     0.7
     0.7
     0.7
0.258275
0.258275
 0.21655
     0.7
     0.7
     0.7
0.258264
0.258264
0.216528
     0.7
     0.7
     0.7
0.258253
0.258253
0.216506
     0.7
     0.7
     0.7
0.258242
0.258242
0.216484
     0.7
     0.7
     0.7
0.258231
0.258231
0.216462
     0.7
     0.7
     0.7
0.25822
0.25822
0.21644
    0.7
    0.7
    0.7
0.258209
0.258209
0.216419
     0.7
     0.7
     0.7
0.258199
0.258199
0.216398
     0.7
     0.7
     0.7
0.258188
0.258188
0.216377
     0.7
     0.7
     0.7
0.258178
0.258178
0.216356
     0.7
     0.7
     0.7
0.258168
0.258168
0.216335
     0.7
     0.7
     0.7
0.258157
0.258157
0.216315
     0.7
     0.7
     0.7
0.258147
0.258147
0.216294
     0.7
     0.7
     0.7
0.258137
0.258137
0.216274
     0.7
     0.7
     0.7
0.258127
0.258127
0.216254
     0.7
     0.7
     0.7
0.258117
0.258117
0.216235
     0.7
     0.7
     0.7
0.258108
0.258108
0.216215
     0.7
     0.7
     0.7
0.258098
0.258098
0.216196
     0.7
     0.7
     0.7
0.258088
0.258088
0.216177
     0.7
     0.7
     0.7
0.258079
0.258079
0.216158
     0.7
     0.7
     0.7
0.258069
0.258069
0.216139
     0.7
     0.7
     0.7
0.25806
0.25806
0.21612
    0.7
    0.7
    0.7
0.258051
0.258051
0.216102
     0.7
     0.7
     0.7
0.258042
0.258042
0.216084
     0.7
     0.7
     0.7
0.258033
0.258033
0.216066
     0.7
     0.7
     0.7
0.258024
0.258024
0.216048
     0.7
     0.7
     0.7
0.258015
0.258015
 0.21603
     0.7
     0.7
     0.7
0.258007
0.258007
0.216013
     0.7
     0.7
     0.7
0.257998
0.257998
0.215996
     0.7
     0.7
     0.7
0.257989
0.257989
0.215979
     0.7
     0.7
     0.7
0.257981
0.257981
0.215962
     0.7
     0.7
     0.7
0.257973
0.257973
0.215945
     0.7
     0.7
     0.7
0.257964
0.257964
0.215929
     0.7
     0.7
     0.7
0.257956
0.257956
0.215912
     0.7
     0.7
     0.7
0.257948
0.257948
0.215896
     0.7
     0.7
     0.7
0.25794
0.25794
0.21588
    0.7
    0.7
    0.7
0.257932
0.257932
0.215865
     0.7
     0.7
     0.7
0.257925
0.257925
0.215849
     0.7
     0.7
     0.7
0.257917
0.257917
0.215834
     0.7
     0.7
     0.7
0.257909
0.257909
0.215819
     0.7
     0.7
     0.7
0.257902
0.257902
0.215804
     0.7
     0.7
     0.7
0.257895
0.257895
0.215789
     0.7
     0.7
     0.7
0.257887
0.257887
0.215774
     0.7
     0.7
     0.7
0.25788
0.25788
0.21576
    0.7
    0.7
    0.7
0.257873
0.257873
0.215746
     0.7
     0.7
     0.7
0.257866
0.257866
0.215732
     0.7
     0.7
     0.7
0.257859
0.257859
0.215718
     0.7
     0.7
     0.7
0.257852
0.257852
0.215704
     0.7
     0.7
     0.7
0.257845
0.257845
0.215691
     0.7
     0.7
     0.7
0.257839
0.257839
0.215678
     0.7
     0.7
     0.7
0.257832
0.257832
0.215665
     0.7
     0.7
     0.7
0.257826
0.257826
0.215652
     0.7
     0.7
     0.7
 0.25782
 0.25782
0.215639
     0.7
     0.7
     0.7
0.257813
0.257813
0.215627
     0.7
     0.7
     0.7
0.257807
0.257807
0.215614
     0.7
     0.7
     0.7
0.257801
0.257801
0.215602
     0.7
     0.7
     0.7
0.257795
0.257795
 0.21559
     0.7
     0.7
     0.7
0.257789
0.257789
0.215578
     0.7
     0.7
     0.7
0.257783
0.257783
0.215567
     0.7
     0.7
     0.7
0.257778
0.257778
0.215555
     0.7
     0.7
     0.7
