 0.230469
0.0211416
 0.739773
  2.01977
 0.205813
 0.325861
 0.230462
0.0211818
 0.739674
  2.01977
  0.20588
 0.325787
 0.230442
0.0213026
 0.739377
  2.01975
 0.206078
 0.325567
 0.230407
0.0215038
 0.738882
  2.01973
 0.206409
 0.325201
 0.230359
0.0217855
  0.73819
   2.0197
 0.206872
 0.324688
 0.230298
0.0221477
 0.737299
  2.01966
 0.207468
 0.324028
 0.230222
0.0225903
 0.736211
  2.01961
 0.208196
 0.323221
 0.230133
0.0231135
 0.734924
  2.01955
 0.209057
 0.322268
  0.23003
0.0237172
  0.73344
  2.01949
  0.21005
 0.321168
 0.229914
0.0244013
 0.731758
  2.01941
 0.211175
 0.319922
 0.229783
0.0251659
 0.729878
  2.01933
 0.212433
 0.318529
0.229639
0.026011
  0.7278
 2.01923
0.213823
0.316989
 0.229482
0.0269366
 0.725524
  2.01913
 0.215345
 0.315303
  0.22931
0.0279427
 0.723051
  2.01902
    0.217
  0.31347
 0.229125
0.0290292
 0.720379
   2.0189
 0.218787
  0.31149
 0.228926
0.0301963
 0.717509
  2.01877
 0.220707
 0.309364
 0.228714
0.0314438
 0.714442
  2.01863
 0.222759
 0.307091
 0.228488
0.0327719
 0.711177
  2.01849
 0.224943
 0.304672
 0.228248
0.0341804
 0.707714
  2.01833
  0.22726
 0.302106
 0.227994
0.0356694
 0.704052
  2.01816
 0.229709
 0.299393
 0.227727
0.0372389
 0.700193
  2.01799
  0.23229
 0.296533
 0.227446
0.0388888
 0.696136
  2.01781
 0.235004
 0.293527
 0.227151
0.0406193
 0.691882
  2.01762
  0.23785
 0.290375
 0.226842
0.0424302
 0.687429
  2.01742
 0.240829
 0.287075
  0.22652
0.0443216
 0.682778
  2.01721
  0.24394
 0.283629
 0.226184
0.0462936
  0.67793
  2.01699
 0.247183
 0.280037
0.225835
0.048346
0.672883
 2.01676
0.250559
0.276297
 0.225471
0.0504788
 0.667639
  2.01653
 0.254067
 0.272411
 0.225094
0.0526922
 0.662197
  2.01628
 0.257708
 0.268379
 0.224703
0.0549861
 0.656557
  2.01603
 0.261481
   0.2642
 0.224299
0.0573604
 0.650719
  2.01577
 0.265386
 0.259874
 0.223881
0.0598152
 0.644683
   2.0155
 0.269424
 0.255402
 0.223449
0.0623506
 0.638449
  2.01522
 0.273594
 0.250782
 0.223003
0.0649664
 0.632018
  2.01493
 0.277896
 0.246017
 0.222547
0.0676448
 0.625432
  2.01463
 0.282302
 0.241137
  0.22209
0.0703276
 0.618835
  2.01433
 0.286715
 0.236249
 0.221633
0.0730105
 0.612239
  2.01404
 0.291127
 0.231361
 0.221176
0.0756934
 0.605642
  2.01374
  0.29554
 0.226473
 0.220719
0.0783763
 0.599046
  2.01344
 0.299953
 0.221585
 0.220262
0.0810591
 0.592449
  2.01315
 0.304366
 0.216697
0.219805
0.083742
0.585853
 2.01285
0.308779
 0.21181
 0.219348
0.0864249
 0.579256
  2.01255
 0.313191
 0.206922
 0.218891
0.0891077
 0.572659
  2.01226
 0.317604
 0.202034
 0.218434
0.0917906
 0.566063
  2.01196
 0.322017
 0.197146
 0.217977
0.0944735
 0.559466
  2.01166
  0.32643
 0.192258
  0.21752
0.0971564
  0.55287
  2.01137
 0.330843
  0.18737
 0.217063
0.0998392
 0.546273
  2.01107
 0.335255
 0.182482
0.216606
0.102522
0.539676
 2.01078
0.339668
0.177594
0.216149
0.105205
 0.53308
 2.01048
0.344081
0.172706
0.215692
0.107888
0.526483
 2.01018
0.348494
0.167818
0.215235
0.110571
0.519887
 2.00989
0.352907
0.162931
0.214777
0.113254
 0.51329
 2.00959
0.357319
0.158043
 0.21432
0.115936
0.506693
 2.00929
0.361732
0.153155
0.213863
0.118619
0.500097
   2.009
0.366145
0.148267
0.213406
0.121302
  0.4935
  2.0087
0.370558
0.143379
0.212949
0.123985
0.486904
  2.0084
0.374971
0.138491
0.212492
0.126668
0.480307
 2.00811
0.379383
0.133603
0.212035
0.129351
 0.47371
 2.00781
0.383796
0.128715
0.211578
0.132034
0.467114
 2.00751
0.388209
0.123827
0.211121
0.134717
0.460517
 2.00722
0.392622
0.118939
0.210664
0.137399
0.453921
 2.00692
0.397035
0.114051
0.210207
0.140082
0.447324
 2.00662
0.401447
0.109164
 0.20975
0.142765
0.440728
 2.00633
 0.40586
0.104276
 0.209293
 0.145448
 0.434131
  2.00603
 0.410273
0.0993877
 0.208836
 0.148131
 0.427534
  2.00573
 0.414686
0.0944998
 0.208379
 0.150814
 0.420938
  2.00544
 0.419099
0.0896119
0.207922
0.153497
0.414341
 2.00514
0.423511
0.084724
 0.207466
 0.156175
 0.407756
  2.00484
 0.427917
0.0798442
  0.20702
 0.158791
 0.401324
  2.00456
 0.432219
0.0750785
 0.206588
 0.161326
  0.39509
  2.00427
 0.436389
0.0704594
 0.20617
0.163781
0.389054
   2.004
0.440427
0.065987
 0.205766
 0.166155
 0.383216
  2.00374
 0.444332
0.0616612
0.205375
0.168449
0.377576
 2.00349
0.448105
0.057482
 0.204998
 0.170663
 0.372134
  2.00324
 0.451746
0.0534495
 0.204634
 0.172796
  0.36689
  2.00301
 0.455254
0.0495636
 0.204285
 0.174848
 0.361843
  2.00278
  0.45863
0.0458243
 0.203949
  0.17682
 0.356995
  2.00256
 0.461873
0.0422317
 0.203627
 0.178711
 0.352344
  2.00235
 0.464984
0.0387857
 0.203318
 0.180522
 0.347891
  2.00215
 0.467963
0.0354864
 0.203023
 0.182253
 0.343637
  2.00196
 0.470809
0.0323337
 0.202742
 0.183903
  0.33958
  2.00178
 0.473523
0.0293276
 0.202475
 0.185472
 0.335721
  2.00161
 0.476105
0.0264682
 0.202221
 0.186961
  0.33206
  2.00144
 0.478554
0.0237554
 0.201981
  0.18837
 0.328596
  2.00129
  0.48087
0.0211892
 0.201755
 0.189698
 0.325331
  2.00114
 0.483055
0.0187697
 0.201543
 0.190945
 0.322264
    2.001
 0.485107
0.0164968
 0.201344
 0.192112
 0.319394
  2.00087
 0.487026
0.0143706
0.201159
0.193199
0.316723
 2.00075
0.488813
0.012391
0.200987
0.194205
0.314249
 2.00064
0.490468
0.010558
   0.20083
  0.195131
  0.311973
   2.00054
  0.491991
0.00887165
  0.200686
  0.195976
  0.309895
   2.00044
  0.493381
0.00733195
  0.200555
   0.19674
  0.308015
   2.00036
  0.494638
0.00593889
  0.200439
  0.197424
  0.306333
   2.00028
  0.495764
0.00469246
  0.200336
  0.198028
  0.304849
   2.00022
  0.496757
0.00359268
  0.200247
  0.198551
  0.303562
   2.00016
  0.497617
0.00263952
  0.200171
  0.198994
  0.302474
   2.00011
  0.498345
0.00183301
   0.20011
  0.199356
  0.301583
   2.00007
  0.498941
0.00117313
   0.200062
   0.199638
   0.300891
    2.00004
   0.499404
0.000659896
   0.200027
   0.199839
   0.300396
    2.00002
   0.499735
0.000293293
   0.200007
    0.19996
   0.300099
          2
   0.499934
7.33281e-05
        0.2
        0.2
        0.3
          2
        0.5
3.15181e-13
   0.200011
        0.2
   0.300006
    1.99997
   0.500011
2.81216e-05
   0.200045
        0.2
   0.300023
    1.99989
   0.500045
0.000112493
   0.200101
        0.2
   0.300051
    1.99975
   0.500101
0.000253114
    0.20018
        0.2
    0.30009
    1.99955
    0.50018
0.000449986
   0.200281
        0.2
   0.300141
     1.9993
   0.500281
0.000703107
  0.200405
       0.2
  0.300203
   1.99899
  0.500405
0.00101248
 0.200551
      0.2
 0.300276
  1.99862
 0.500551
0.0013781
   0.20072
       0.2
   0.30036
    1.9982
   0.50072
0.00179997
  0.200911
       0.2
  0.300456
   1.99772
  0.500911
0.00227809
  0.201125
       0.2
  0.300563
   1.99719
  0.501125
0.00281246
  0.201361
       0.2
  0.300681
    1.9966
  0.501361
0.00340308
   0.20162
       0.2
   0.30081
   1.99595
   0.50162
0.00404995
  0.201901
       0.2
  0.300951
   1.99525
  0.501901
0.00475307
  0.202205
       0.2
  0.301102
   1.99449
  0.502205
0.00551244
  0.202531
       0.2
  0.301266
   1.99367
  0.502531
0.00632806
   0.20288
       0.2
   0.30144
    1.9928
   0.50288
0.00719993
  0.203251
       0.2
  0.301626
   1.99187
  0.503251
0.00812805
  0.203645
       0.2
  0.301822
   1.99089
  0.503645
0.00911242
0.204061
     0.2
0.302031
 1.98985
0.504061
0.010153
   0.2045
      0.2
  0.30225
  1.98875
   0.5045
0.0112499
0.204961
     0.2
0.302481
  1.9876
0.504961
0.012403
 0.205445
      0.2
 0.302722
  1.98639
 0.505445
0.0136124
0.205951
     0.2
0.302976
 1.98512
0.505951
0.014878
  0.20648
      0.2
  0.30324
   1.9838
  0.50648
0.0161999
0.207031
     0.2
0.303516
 1.98242
0.507031
0.017578
 0.207605
      0.2
 0.303802
  1.98099
 0.507605
0.0190124
0.208201
     0.2
0.304101
  1.9795
0.508201
0.020503
  0.20882
      0.2
  0.30441
  1.97795
  0.50882
0.0220499
0.209461
     0.2
0.304731
 1.97635
0.509461
0.023653
 0.210125
      0.2
 0.305062
  1.97469
 0.510125
0.0253124
0.210811
     0.2
0.305406
 1.97297
0.510811
0.027028
  0.21152
      0.2
  0.30576
   1.9712
  0.51152
0.0287998
0.212251
     0.2
0.306126
 1.96937
0.512251
0.030628
 0.213005
      0.2
 0.306502
  1.96749
 0.513005
0.0325123
 0.213781
      0.2
 0.306891
  1.96555
 0.513781
0.0344529
  0.21458
      0.2
  0.30729
  1.96355
  0.51458
0.0364498
 0.215401
      0.2
 0.307701
   1.9615
 0.515401
0.0385029
 0.216245
      0.2
 0.308122
  1.95939
 0.516245
0.0406123
 0.217111
      0.2
 0.308556
  1.95722
 0.517111
0.0427779
    0.218
      0.2
    0.309
    1.955
    0.518
0.0449998
 0.218911
      0.2
 0.309456
  1.95272
 0.518911
0.0472779
 0.219845
      0.2
 0.309922
  1.95039
 0.519845
0.0496123
 0.220801
      0.2
 0.310401
    1.948
 0.520801
0.0520029
  0.22178
      0.2
  0.31089
  1.94555
  0.52178
0.0544497
 0.222781
      0.2
 0.311391
  1.94305
 0.522781
0.0569529
 0.223805
      0.2
 0.311902
  1.94049
 0.523805
0.0595122
 0.224851
      0.2
 0.312426
  1.93787
 0.524851
0.0621278
  0.22592
      0.2
  0.31296
   1.9352
  0.52592
0.0647997
 0.227011
      0.2
 0.313506
  1.93247
 0.527011
0.0675278
 0.228125
      0.2
 0.314062
  1.92969
 0.528125
0.0703122
 0.229261
      0.2
 0.314631
  1.92685
 0.529261
0.0731528
  0.23042
      0.2
  0.31521
  1.92395
  0.53042
0.0760497
 0.231601
      0.2
 0.315801
    1.921
 0.531601
0.0790028
 0.232805
      0.2
 0.316402
  1.91799
 0.532805
0.0820122
 0.234031
      0.2
 0.317016
  1.91492
 0.534031
0.0850778
  0.23528
      0.2
  0.31764
   1.9118
  0.53528
0.0881996
 0.236551
      0.2
 0.318276
  1.90862
 0.536551
0.0913778
 0.237845
      0.2
 0.318922
  1.90539
 0.537845
0.0946121
 0.239161
      0.2
 0.319581
   1.9021
 0.539161
0.0979027
 0.2405
    0.2
0.32025
1.89875
 0.5405
0.10125
0.241861
     0.2
0.320931
 1.89535
0.541861
0.104653
0.243245
     0.2
0.321622
 1.89189
0.543245
0.108112
0.244651
     0.2
0.322326
 1.88837
0.544651
0.111628
0.24608
    0.2
0.32304
 1.8848
0.54608
 0.1152
0.247531
     0.2
0.323766
 1.88117
0.547531
0.118828
0.249005
     0.2
0.324502
 1.87749
0.549005
0.122512
 0.2505
    0.2
0.32525
1.87375
 0.5505
0.12625
0.252
  0.2
0.326
 1.87
0.552
 0.13
 0.2535
    0.2
0.32675
1.86625
 0.5535
0.13375
 0.255
   0.2
0.3275
1.8625
 0.555
0.1375
 0.2565
    0.2
0.32825
1.85875
 0.5565
0.14125
0.258
  0.2
0.329
1.855
0.558
0.145
 0.2595
    0.2
0.32975
1.85125
 0.5595
0.14875
 0.261
   0.2
0.3305
1.8475
 0.561
0.1525
 0.2625
    0.2
0.33125
1.84375
 0.5625
0.15625
0.264
  0.2
0.332
 1.84
0.564
 0.16
 0.2655
    0.2
0.33275
1.83625
 0.5655
0.16375
   0.267
     0.2
  0.3335
  1.8325
   0.567
0.167499
  0.2685
     0.2
 0.33425
 1.82875
  0.5685
0.171249
    0.27
     0.2
   0.335
   1.825
    0.57
0.174999
  0.2715
     0.2
 0.33575
 1.82125
  0.5715
0.178749
   0.273
     0.2
  0.3365
  1.8175
   0.573
0.182499
  0.2745
     0.2
 0.33725
 1.81375
  0.5745
0.186249
   0.276
     0.2
   0.338
    1.81
   0.576
0.189999
  0.2775
     0.2
 0.33875
 1.80625
  0.5775
0.193749
   0.279
     0.2
  0.3395
  1.8025
   0.579
0.197499
  0.2805
     0.2
 0.34025
 1.79875
  0.5805
0.201249
   0.282
     0.2
   0.341
   1.795
   0.582
0.204999
  0.2835
     0.2
 0.34175
 1.79125
  0.5835
0.208749
   0.285
     0.2
  0.3425
  1.7875
   0.585
0.212499
  0.2865
     0.2
 0.34325
 1.78375
  0.5865
0.216249
   0.288
     0.2
   0.344
    1.78
   0.588
0.219999
  0.2895
     0.2
 0.34475
 1.77625
  0.5895
0.223749
   0.291
     0.2
  0.3455
  1.7725
   0.591
0.227499
  0.2925
     0.2
 0.34625
 1.76875
  0.5925
0.231249
   0.294
     0.2
   0.347
   1.765
   0.594
0.234999
  0.2955
     0.2
 0.34775
 1.76125
  0.5955
0.238749
   0.297
     0.2
  0.3485
  1.7575
   0.597
0.242499
  0.2985
     0.2
 0.34925
 1.75375
  0.5985
0.246249
     0.3
     0.2
    0.35
    1.75
     0.6
0.249999
  0.3015
     0.2
 0.35075
 1.74625
  0.6015
0.253749
   0.303
     0.2
  0.3515
  1.7425
   0.603
0.257499
  0.3045
     0.2
 0.35225
 1.73875
  0.6045
0.261249
   0.306
     0.2
   0.353
   1.735
   0.606
0.264999
  0.3075
     0.2
 0.35375
 1.73125
  0.6075
0.268749
   0.309
     0.2
  0.3545
  1.7275
   0.609
0.272499
  0.3105
     0.2
 0.35525
 1.72375
  0.6105
0.276249
   0.312
     0.2
   0.356
    1.72
   0.612
0.279999
  0.3135
     0.2
 0.35675
 1.71625
  0.6135
0.283749
   0.315
     0.2
  0.3575
  1.7125
   0.615
0.287499
  0.3165
     0.2
 0.35825
 1.70875
  0.6165
0.291249
   0.318
     0.2
   0.359
   1.705
   0.618
0.294999
  0.3195
     0.2
 0.35975
 1.70125
  0.6195
0.298749
   0.321
     0.2
  0.3605
  1.6975
   0.621
0.302499
  0.3225
     0.2
 0.36125
 1.69375
  0.6225
0.306249
   0.324
     0.2
   0.362
    1.69
   0.624
0.309999
  0.3255
     0.2
 0.36275
 1.68625
  0.6255
0.313749
   0.327
     0.2
  0.3635
  1.6825
   0.627
0.317499
  0.3285
     0.2
 0.36425
 1.67875
  0.6285
0.321249
    0.33
     0.2
   0.365
   1.675
    0.63
0.324999
  0.3315
     0.2
 0.36575
 1.67125
  0.6315
0.328749
   0.333
     0.2
  0.3665
  1.6675
   0.633
0.332499
  0.3345
     0.2
 0.36725
 1.66375
  0.6345
0.336249
   0.336
     0.2
   0.368
    1.66
   0.636
0.339999
  0.3375
     0.2
 0.36875
 1.65625
  0.6375
0.343749
   0.339
     0.2
  0.3695
  1.6525
   0.639
0.347499
  0.3405
     0.2
 0.37025
 1.64875
  0.6405
0.351249
   0.342
     0.2
   0.371
   1.645
   0.642
0.354999
  0.3435
     0.2
 0.37175
 1.64125
  0.6435
0.358749
   0.345
     0.2
  0.3725
  1.6375
   0.645
0.362499
  0.3465
     0.2
 0.37325
 1.63375
  0.6465
0.366249
   0.348
     0.2
   0.374
    1.63
   0.648
0.369999
  0.3495
     0.2
 0.37475
 1.62625
  0.6495
0.373749
0.350995
     0.2
0.375497
 1.62251
0.650995
0.377487
0.352468
     0.2
0.376234
 1.61883
0.652469
0.381171
 0.35392
     0.2
 0.37696
  1.6152
 0.65392
0.384799
0.355348
     0.2
0.377674
 1.61163
0.655348
0.388371
0.356755
     0.2
0.378377
 1.60811
0.656755
0.391887
0.358139
     0.2
0.379069
 1.60465
0.658139
0.395346
  0.3595
     0.2
 0.37975
 1.60125
  0.6595
0.398749
0.360839
     0.2
0.380419
  1.5979
0.660838
0.402096
0.362155
     0.2
0.381077
 1.59461
0.662155
0.405387
0.363449
     0.2
0.381724
 1.59138
0.663449
0.408621
 0.36472
     0.2
 0.38236
  1.5882
 0.66472
0.411799
0.365969
     0.2
0.382984
 1.58508
0.665969
0.414921
0.367195
     0.2
0.383597
 1.58201
0.667195
0.417987
0.368399
     0.2
0.384199
   1.579
0.668398
0.420996
 0.36958
     0.2
 0.38479
 1.57605
 0.66958
0.423949
0.370739
     0.2
0.385369
 1.57315
0.670739
0.426846
0.371875
     0.2
0.385937
 1.57031
0.671875
0.429687
0.372989
     0.2
0.386494
 1.56753
0.672989
0.432471
 0.37408
     0.2
 0.38704
  1.5648
 0.67408
0.435199
0.375149
     0.2
0.387574
 1.56213
0.675149
0.437871
0.376195
     0.2
0.388097
 1.55951
0.676195
0.440487
0.377219
     0.2
0.388609
 1.55695
0.677219
0.443046
0.37822
    0.2
0.38911
1.55445
0.67822
0.44555
0.379199
     0.2
0.389599
   1.552
0.679199
0.447996
0.380155
     0.2
0.390077
 1.54961
0.680155
0.450387
0.381089
     0.2
0.390544
 1.54728
0.681089
0.452721
0.382
  0.2
0.391
1.545
0.682
0.455
0.382889
     0.2
0.391444
 1.54278
0.682889
0.457221
0.383755
     0.2
0.391877
 1.54061
0.683755
0.459387
0.384599
     0.2
0.392299
  1.5385
0.684599
0.461496
0.38542
    0.2
0.39271
1.53645
0.68542
0.46355
0.386219
     0.2
0.393109
 1.53445
0.686219
0.465546
0.386995
     0.2
0.393497
 1.53251
0.686995
0.467487
0.387749
     0.2
0.393874
 1.53063
0.687749
0.469371
0.38848
    0.2
0.39424
 1.5288
0.68848
 0.4712
0.389189
     0.2
0.394594
 1.52703
0.689189
0.472971
0.389875
     0.2
0.394937
 1.52531
0.689875
0.474687
0.390539
     0.2
0.395269
 1.52365
0.690539
0.476347
0.39118
    0.2
0.39559
1.52205
0.69118
0.47795
0.391799
     0.2
0.395899
  1.5205
0.691799
0.479497
0.392395
     0.2
0.396197
 1.51901
0.692395
0.480987
0.392969
     0.2
0.396484
 1.51758
0.692969
0.482422
0.39352
    0.2
0.39676
 1.5162
0.69352
 0.4838
0.394049
     0.2
0.397024
 1.51488
0.694049
0.485122
0.394555
     0.2
0.397277
 1.51361
0.694555
0.486387
0.395039
     0.2
0.397519
  1.5124
0.695039
0.487597
 0.3955
    0.2
0.39775
1.51125
 0.6955
0.48875
0.395939
     0.2
0.397969
 1.51015
0.695939
0.489847
0.396355
     0.2
0.398177
 1.50911
0.696355
0.490887
0.396749
     0.2
0.398374
 1.50813
0.696749
0.491872
0.39712
    0.2
0.39856
 1.5072
0.69712
 0.4928
0.397469
     0.2
0.398734
 1.50633
0.697469
0.493672
0.397795
     0.2
0.398897
 1.50551
0.697795
0.494487
0.398099
     0.2
0.399049
 1.50475
0.698099
0.495247
0.39838
    0.2
0.39919
1.50405
0.69838
0.49595
0.398639
     0.2
0.399319
  1.5034
0.698639
0.496597
0.398875
     0.2
0.399437
 1.50281
0.698875
0.497187
0.399089
     0.2
0.399544
 1.50228
0.699089
0.497722
0.39928
    0.2
0.39964
 1.5018
0.69928
 0.4982
0.399449
     0.2
0.399724
 1.50138
0.699449
0.498622
0.399595
     0.2
0.399797
 1.50101
0.699595
0.498987
0.399719
     0.2
0.399859
  1.5007
0.699719
0.499297
0.39982
    0.2
0.39991
1.50045
0.69982
0.49955
0.399899
     0.2
0.399949
 1.50025
0.699899
0.499747
0.399955
     0.2
0.399978
 1.50011
0.699955
0.499887
0.399989
     0.2
0.399994
 1.50003
0.699989
0.499972
0.4
0.2
0.4
1.5
0.7
0.5
     0.4
0.200005
0.400003
 1.49999
0.699995
0.500013
    0.4
0.20002
0.40001
1.49995
0.69998
0.50005
     0.4
0.200045
0.400023
 1.49989
0.699955
0.500112
    0.4
0.20008
0.40004
 1.4998
0.69992
 0.5002
     0.4
0.200125
0.400063
 1.49969
0.699875
0.500312
    0.4
0.20018
0.40009
1.49955
0.69982
0.50045
     0.4
0.200245
0.400122
 1.49939
0.699755
0.500612
    0.4
0.20032
0.40016
 1.4992
0.69968
 0.5008
     0.4
0.200405
0.400202
 1.49899
0.699595
0.501012
    0.4
 0.2005
0.40025
1.49875
 0.6995
0.50125
     0.4
0.200605
0.400302
 1.49849
0.699395
0.501512
    0.4
0.20072
0.40036
 1.4982
0.69928
 0.5018
     0.4
0.200845
0.400422
 1.49789
0.699155
0.502112
    0.4
0.20098
0.40049
1.49755
0.69902
0.50245
     0.4
0.201125
0.400562
 1.49719
0.698875
0.502812
    0.4
0.20128
0.40064
 1.4968
0.69872
 0.5032
     0.4
0.201445
0.400722
 1.49639
0.698555
0.503612
    0.4
0.20162
0.40081
1.49595
0.69838
0.50405
     0.4
0.201805
0.400902
 1.49549
0.698195
0.504512
  0.4
0.202
0.401
1.495
0.698
0.505
     0.4
0.202205
0.401102
 1.49449
0.697795
0.505512
    0.4
0.20242
0.40121
1.49395
0.69758
0.50605
     0.4
0.202645
0.401322
 1.49339
0.697355
0.506612
    0.4
0.20288
0.40144
 1.4928
0.69712
 0.5072
     0.4
0.203125
0.401562
 1.49219
0.696875
0.507812
    0.4
0.20338
0.40169
1.49155
0.69662
0.50845
     0.4
0.203645
0.401822
 1.49089
0.696355
0.509112
    0.4
0.20392
0.40196
 1.4902
0.69608
 0.5098
     0.4
0.204205
0.402102
 1.48949
0.695795
0.510512
    0.4
 0.2045
0.40225
1.48875
 0.6955
0.51125
     0.4
0.204805
0.402402
 1.48799
0.695195
0.512012
    0.4
0.20512
0.40256
 1.4872
0.69488
 0.5128
     0.4
0.205445
0.402722
 1.48639
0.694555
0.513612
    0.4
0.20578
0.40289
1.48555
0.69422
0.51445
     0.4
0.206125
0.403062
 1.48469
0.693875
0.515312
    0.4
0.20648
0.40324
 1.4838
0.69352
 0.5162
     0.4
0.206845
0.403422
 1.48289
0.693155
0.517112
    0.4
0.20722
0.40361
1.48195
0.69278
0.51805
     0.4
0.207605
0.403802
 1.48099
0.692395
0.519012
  0.4
0.208
0.404
 1.48
0.692
 0.52
     0.4
0.208405
0.404202
 1.47899
0.691595
0.521012
    0.4
0.20882
0.40441
1.47795
0.69118
0.52205
     0.4
0.209245
0.404622
 1.47689
0.690755
0.523112
    0.4
0.20968
0.40484
 1.4758
0.69032
 0.5242
     0.4
0.210125
0.405062
 1.47469
0.689875
0.525312
    0.4
0.21058
0.40529
1.47355
0.68942
0.52645
     0.4
0.211045
0.405522
 1.47239
0.688955
0.527612
    0.4
0.21152
0.40576
 1.4712
0.68848
 0.5288
     0.4
0.212005
0.406002
 1.46999
0.687995
0.530012
    0.4
 0.2125
0.40625
1.46875
 0.6875
0.53125
     0.4
0.213005
0.406502
 1.46749
0.686995
0.532512
    0.4
0.21352
0.40676
 1.4662
0.68648
 0.5338
     0.4
0.214045
0.407022
 1.46489
0.685955
0.535112
    0.4
0.21458
0.40729
1.46355
0.68542
0.53645
     0.4
0.215125
0.407562
 1.46219
0.684875
0.537812
    0.4
0.21568
0.40784
 1.4608
0.68432
 0.5392
     0.4
0.216245
0.408122
 1.45939
0.683755
0.540612
    0.4
0.21682
0.40841
1.45795
0.68318
0.54205
     0.4
0.217405
0.408702
 1.45649
0.682595
0.543512
  0.4
0.218
0.409
1.455
0.682
0.545
     0.4
0.218605
0.409302
 1.45349
0.681395
0.546512
    0.4
0.21922
0.40961
1.45195
0.68078
0.54805
     0.4
0.219845
0.409922
 1.45039
0.680155
0.549612
     0.4
 0.22048
 0.41024
  1.4488
 0.67952
0.551199
     0.4
0.221125
0.410562
 1.44719
0.678875
0.552812
     0.4
 0.22178
 0.41089
 1.44555
 0.67822
0.554449
     0.4
0.222445
0.411222
 1.44389
0.677555
0.556112
     0.4
 0.22312
 0.41156
  1.4422
 0.67688
0.557799
     0.4
0.223805
0.411902
 1.44049
0.676195
0.559512
     0.4
  0.2245
 0.41225
 1.43875
  0.6755
0.561249
     0.4
0.225205
0.412602
 1.43699
0.674795
0.563012
     0.4
 0.22592
 0.41296
  1.4352
 0.67408
0.564799
     0.4
0.226645
0.413322
 1.43339
0.673355
0.566612
     0.4
 0.22738
 0.41369
 1.43155
 0.67262
0.568449
     0.4
0.228125
0.414062
 1.42969
0.671875
0.570312
     0.4
 0.22888
 0.41444
  1.4278
 0.67112
0.572199
     0.4
0.229645
0.414822
 1.42589
0.670355
0.574112
     0.4
 0.23042
 0.41521
 1.42395
 0.66958
0.576049
     0.4
0.231205
0.415602
 1.42199
0.668795
0.578012
     0.4
   0.232
   0.416
    1.42
   0.668
0.579999
     0.4
0.232805
0.416402
 1.41799
0.667195
0.582012
     0.4
 0.23362
 0.41681
 1.41595
 0.66638
0.584049
     0.4
0.234445
0.417222
 1.41389
0.665555
0.586112
     0.4
 0.23528
 0.41764
  1.4118
 0.66472
0.588199
     0.4
0.236125
0.418062
 1.40969
0.663875
0.590312
     0.4
 0.23698
 0.41849
 1.40755
 0.66302
0.592449
     0.4
0.237845
0.418922
 1.40539
0.662155
0.594612
     0.4
 0.23872
 0.41936
  1.4032
 0.66128
0.596799
     0.4
0.239605
0.419802
 1.40099
0.660395
0.599012
     0.4
  0.2405
 0.42025
 1.39875
  0.6595
0.601249
     0.4
0.241405
0.420702
 1.39649
0.658595
0.603512
     0.4
 0.24232
 0.42116
  1.3942
 0.65768
0.605799
     0.4
0.243245
0.421622
 1.39189
0.656755
0.608112
     0.4
 0.24418
 0.42209
 1.38955
 0.65582
0.610449
     0.4
0.245125
0.422562
 1.38719
0.654875
0.612812
     0.4
 0.24608
 0.42304
  1.3848
 0.65392
0.615199
     0.4
0.247045
0.423522
 1.38239
0.652955
0.617612
     0.4
 0.24802
 0.42401
 1.37995
 0.65198
0.620049
     0.4
0.249005
0.424502
 1.37749
0.650995
0.622512
     0.4
    0.25
   0.425
   1.375
    0.65
0.624999
     0.4
   0.251
  0.4255
  1.3725
   0.649
0.627499
     0.4
   0.252
   0.426
    1.37
   0.648
0.629999
     0.4
   0.253
  0.4265
  1.3675
   0.647
0.632499
     0.4
   0.254
   0.427
   1.365
   0.646
0.634999
     0.4
   0.255
  0.4275
  1.3625
   0.645
0.637499
  0.4
0.256
0.428
 1.36
0.644
 0.64
   0.4
 0.257
0.4285
1.3575
 0.643
0.6425
  0.4
0.258
0.429
1.355
0.642
0.645
   0.4
 0.259
0.4295
1.3525
 0.641
0.6475
 0.4
0.26
0.43
1.35
0.64
0.65
   0.4
 0.261
0.4305
1.3475
 0.639
0.6525
  0.4
0.262
0.431
1.345
0.638
0.655
   0.4
 0.263
0.4315
1.3425
 0.637
0.6575
  0.4
0.264
0.432
 1.34
0.636
 0.66
   0.4
 0.265
0.4325
1.3375
 0.635
0.6625
  0.4
0.266
0.433
1.335
0.634
0.665
   0.4
 0.267
0.4335
1.3325
 0.633
0.6675
  0.4
0.268
0.434
 1.33
0.632
 0.67
   0.4
 0.269
0.4345
1.3275
 0.631
0.6725
  0.4
 0.27
0.435
1.325
 0.63
0.675
   0.4
 0.271
0.4355
1.3225
 0.629
0.6775
  0.4
0.272
0.436
 1.32
0.628
 0.68
   0.4
 0.273
0.4365
1.3175
 0.627
0.6825
     0.4
   0.274
   0.437
   1.315
   0.626
0.685001
     0.4
   0.275
  0.4375
  1.3125
   0.625
0.687501
     0.4
   0.276
   0.438
    1.31
   0.624
0.690001
     0.4
   0.277
  0.4385
  1.3075
   0.623
0.692501
     0.4
   0.278
   0.439
   1.305
   0.622
0.695001
     0.4
   0.279
  0.4395
  1.3025
   0.621
0.697501
     0.4
    0.28
    0.44
     1.3
    0.62
0.700001
     0.4
   0.281
  0.4405
  1.2975
   0.619
0.702501
     0.4
   0.282
   0.441
   1.295
   0.618
0.705001
     0.4
   0.283
  0.4415
  1.2925
   0.617
0.707501
     0.4
   0.284
   0.442
    1.29
   0.616
0.710001
     0.4
   0.285
  0.4425
  1.2875
   0.615
0.712501
     0.4
   0.286
   0.443
   1.285
0.613999
0.715001
     0.4
0.287001
  0.4435
  1.2825
0.612999
0.717501
     0.4
0.288001
   0.444
    1.28
0.611999
0.720001
     0.4
0.289001
  0.4445
  1.2775
0.610999
0.722501
     0.4
0.290001
   0.445
   1.275
0.609999
0.725001
     0.4
0.291001
  0.4455
  1.2725
0.608999
0.727502
     0.4
0.292001
   0.446
    1.27
0.607999
0.730002
     0.4
0.293001
  0.4465
  1.2675
0.606999
0.732502
     0.4
0.294001
   0.447
   1.265
0.605999
0.735002
     0.4
0.295001
  0.4475
  1.2625
0.604999
0.737502
     0.4
0.296001
   0.448
    1.26
0.603999
0.740002
     0.4
0.297001
  0.4485
  1.2575
0.602999
0.742502
     0.4
0.298001
   0.449
   1.255
0.601999
0.745002
     0.4
0.299001
  0.4495
  1.2525
0.600999
0.747502
     0.4
0.300001
    0.45
    1.25
0.599999
0.750002
     0.4
0.301001
  0.4505
  1.2475
0.598999
0.752502
     0.4
0.302001
   0.451
   1.245
0.597999
0.755002
     0.4
0.303001
  0.4515
  1.2425
0.596999
0.757502
     0.4
0.304001
   0.452
    1.24
0.595999
0.760002
     0.4
0.305001
  0.4525
  1.2375
0.594999
0.762502
     0.4
0.306001
   0.453
   1.235
0.593999
0.765002
     0.4
0.307001
  0.4535
  1.2325
0.592999
0.767502
     0.4
0.308001
0.454001
    1.23
0.591999
0.770002
     0.4
0.309001
  0.4545
  1.2275
0.590999
0.772503
     0.4
0.310001
0.455001
   1.225
0.589999
0.775003
     0.4
0.311001
0.455501
  1.2225
0.588999
0.777503
     0.4
0.312001
0.456001
    1.22
0.587999
0.780003
     0.4
0.313001
0.456501
  1.2175
0.586999
0.782503
     0.4
0.314001
0.457001
   1.215
0.585999
0.785003
     0.4
0.315001
0.457501
  1.2125
0.584999
0.787503
     0.4
0.316001
0.458001
    1.21
0.583999
0.790003
     0.4
0.317001
0.458501
  1.2075
0.582999
0.792503
     0.4
0.318001
0.459001
   1.205
0.581999
0.795003
     0.4
0.319001
0.459501
  1.2025
0.580999
0.797503
     0.4
0.320001
0.460001
     1.2
0.579999
0.800003
     0.4
0.321001
0.460501
  1.1975
0.578999
0.802503
     0.4
0.322001
0.461001
   1.195
0.577999
0.805003
     0.4
0.323001
0.461501
  1.1925
0.576999
0.807503
     0.4
0.324001
0.462001
    1.19
0.575999
0.810003
     0.4
0.325001
0.462501
  1.1875
0.574999
0.812503
     0.4
0.326001
0.463001
   1.185
0.573999
0.815004
     0.4
0.327001
0.463501
  1.1825
0.572999
0.817504
     0.4
0.328001
0.464001
    1.18
0.571999
0.820004
     0.4
0.329001
0.464501
  1.1775
0.570999
0.822504
     0.4
0.330002
0.465001
   1.175
0.569999
0.825004
     0.4
0.331002
0.465501
  1.1725
0.568998
0.827504
     0.4
0.332002
0.466001
    1.17
0.567998
0.830004
     0.4
0.333002
0.466501
  1.1675
0.566998
0.832504
     0.4
0.334002
0.467001
   1.165
0.565998
0.835004
     0.4
0.335002
0.467501
  1.1625
0.564998
0.837504
     0.4
0.336002
0.468001
    1.16
0.563998
0.840004
     0.4
0.337002
0.468501
  1.1575
0.562998
0.842504
     0.4
0.338002
0.469001
   1.155
0.561998
0.845004
     0.4
0.339002
0.469501
  1.1525
0.560998
0.847504
     0.4
0.340002
0.470001
    1.15
0.559998
0.850004
     0.4
0.341002
0.470501
  1.1475
0.558998
0.852504
     0.4
0.342002
0.471001
   1.145
0.557998
0.855004
     0.4
0.343002
0.471501
  1.1425
0.556998
0.857504
     0.4
0.344002
0.472001
    1.14
0.555998
0.860005
     0.4
0.345002
0.472501
  1.1375
0.554998
0.862505
     0.4
0.346002
0.473001
   1.135
0.553998
0.865005
     0.4
0.347002
0.473501
  1.1325
0.552998
0.867505
     0.4
0.348002
0.474001
    1.13
0.551998
0.870005
     0.4
0.349002
0.474501
  1.1275
0.550998
0.872505
     0.4
0.350002
0.475001
   1.125
0.549998
0.875005
     0.4
0.350997
0.475498
 1.12251
0.549003
0.877492
     0.4
0.351982
0.475991
 1.12005
0.548018
0.879955
     0.4
0.352957
0.476478
 1.11761
0.547043
0.882392
     0.4
0.353922
0.476961
  1.1152
0.546078
0.884805
     0.4
0.354877
0.477438
 1.11281
0.545123
0.887192
     0.4
0.355822
0.477911
 1.11045
0.544178
0.889555
     0.4
0.356757
0.478378
 1.10811
0.543243
0.891892
     0.4
0.357682
0.478841
  1.1058
0.542318
0.894205
     0.4
0.358597
0.479298
 1.10351
0.541403
0.896492
     0.4
0.359502
0.479751
 1.10125
0.540498
0.898755
     0.4
0.360397
0.480198
 1.09901
0.539603
0.900992
     0.4
0.361282
0.480641
  1.0968
0.538718
0.903205
     0.4
0.362157
0.481078
 1.09461
0.537843
0.905392
     0.4
0.363022
0.481511
 1.09245
0.536978
0.907555
     0.4
0.363877
0.481938
 1.09031
0.536123
0.909692
     0.4
0.364722
0.482361
  1.0882
0.535278
0.911805
     0.4
0.365557
0.482778
 1.08611
0.534443
0.913892
     0.4
0.366382
0.483191
 1.08405
0.533618
0.915955
     0.4
0.367197
0.483598
 1.08201
0.532803
0.917992
     0.4
0.368002
0.484001
    1.08
0.531998
0.920005
     0.4
0.368797
0.484398
 1.07801
0.531203
0.921992
     0.4
0.369582
0.484791
 1.07605
0.530418
0.923955
     0.4
0.370357
0.485178
 1.07411
0.529643
0.925892
     0.4
0.371122
0.485561
  1.0722
0.528878
0.927805
     0.4
0.371877
0.485938
 1.07031
0.528123
0.929692
     0.4
0.372622
0.486311
 1.06845
0.527378
0.931555
     0.4
0.373357
0.486678
 1.06661
0.526643
0.933392
     0.4
0.374082
0.487041
  1.0648
0.525918
0.935205
     0.4
0.374797
0.487398
 1.06301
0.525203
0.936992
     0.4
0.375502
0.487751
 1.06125
0.524498
0.938755
     0.4
0.376197
0.488098
 1.05951
0.523803
0.940492
     0.4
0.376882
0.488441
  1.0578
0.523118
0.942205
     0.4
0.377557
0.488778
 1.05611
0.522443
0.943892
     0.4
0.378222
0.489111
 1.05445
0.521778
0.945554
     0.4
0.378877
0.489438
 1.05281
0.521123
0.947192
     0.4
0.379522
0.489761
  1.0512
0.520478
0.948804
     0.4
0.380157
0.490078
 1.04961
0.519843
0.950392
     0.4
0.380782
0.490391
 1.04805
0.519218
0.951954
     0.4
0.381397
0.490698
 1.04651
0.518603
0.953492
     0.4
0.382002
0.491001
   1.045
0.517998
0.955004
     0.4
0.382597
0.491298
 1.04351
0.517403
0.956492
     0.4
0.383182
0.491591
 1.04205
0.516818
0.957954
     0.4
0.383757
0.491878
 1.04061
0.516243
0.959392
     0.4
0.384322
0.492161
  1.0392
0.515678
0.960804
     0.4
0.384877
0.492438
 1.03781
0.515123
0.962192
     0.4
0.385422
0.492711
 1.03645
0.514578
0.963554
     0.4
0.385957
0.492978
 1.03511
0.514043
0.964891
     0.4
0.386482
0.493241
  1.0338
0.513518
0.966204
     0.4
0.386997
0.493498
 1.03251
0.513003
0.967491
     0.4
0.387502
0.493751
 1.03125
0.512498
0.968754
     0.4
0.387997
0.493998
 1.03001
0.512003
0.969991
     0.4
0.388482
0.494241
  1.0288
0.511518
0.971204
     0.4
0.388956
0.494478
 1.02761
0.511043
0.972391
     0.4
0.389421
0.494711
 1.02645
0.510579
0.973554
     0.4
0.389876
0.494938
 1.02531
0.510124
0.974691
     0.4
0.390321
0.495161
  1.0242
0.509679
0.975804
     0.4
0.390756
0.495378
 1.02311
0.509244
0.976891
     0.4
0.391181
0.495591
 1.02205
0.508819
0.977953
     0.4
0.391596
0.495798
 1.02101
0.508404
0.978991
     0.4
0.392001
0.496001
    1.02
0.507999
0.980003
     0.4
0.392396
0.496198
 1.01901
0.507604
0.980991
     0.4
0.392781
0.496391
 1.01805
0.507219
0.981953
     0.4
0.393156
0.496578
 1.01711
0.506844
0.982891
     0.4
0.393521
0.496761
  1.0162
0.506479
0.983803
     0.4
0.393876
0.496938
 1.01531
0.506124
 0.98469
     0.4
0.394221
0.497111
 1.01445
0.505779
0.985553
     0.4
0.394556
0.497278
 1.01361
0.505444
 0.98639
     0.4
0.394881
0.497441
  1.0128
0.505119
0.987203
     0.4
0.395196
0.497598
 1.01201
0.504804
 0.98799
     0.4
0.395501
0.497751
 1.01125
0.504499
0.988753
     0.4
0.395796
0.497898
 1.01051
0.504204
 0.98949
     0.4
0.396081
 0.49804
  1.0098
0.503919
0.990203
     0.4
0.396356
0.498178
 1.00911
0.503644
 0.99089
     0.4
0.396621
 0.49831
 1.00845
0.503379
0.991552
     0.4
0.396876
0.498438
 1.00781
0.503124
 0.99219
     0.4
0.397121
 0.49856
  1.0072
0.502879
0.992802
     0.4
0.397356
0.498678
 1.00661
0.502644
 0.99339
     0.4
0.397581
 0.49879
 1.00605
0.502419
0.993952
     0.4
0.397796
0.498898
 1.00551
0.502204
0.994489
     0.4
0.398001
   0.499
   1.005
0.501999
0.995002
     0.4
0.398196
0.499098
 1.00451
0.501804
0.995489
     0.4
0.398381
 0.49919
 1.00405
0.501619
0.995952
     0.4
0.398556
0.499278
 1.00361
0.501444
0.996389
     0.4
0.398721
 0.49936
  1.0032
0.501279
0.996802
     0.4
0.398876
0.499438
 1.00281
0.501124
0.997189
     0.4
0.399021
 0.49951
 1.00245
0.500979
0.997551
     0.4
0.399156
0.499578
 1.00211
0.500844
0.997889
     0.4
 0.39928
 0.49964
  1.0018
 0.50072
0.998201
     0.4
0.399395
0.499698
 1.00151
0.500605
0.998489
     0.4
  0.3995
 0.49975
 1.00125
  0.5005
0.998751
     0.4
0.399595
0.499798
 1.00101
0.500405
0.998988
     0.4
 0.39968
 0.49984
  1.0008
 0.50032
0.999201
     0.4
0.399755
0.499878
 1.00061
0.500245
0.999388
     0.4
 0.39982
 0.49991
 1.00045
 0.50018
0.999551
     0.4
0.399875
0.499938
 1.00031
0.500125
0.999688
    0.4
0.39992
0.49996
 1.0002
0.50008
 0.9998
     0.4
0.399955
0.499978
 1.00011
0.500045
0.999888
    0.4
0.39998
0.49999
1.00005
0.50002
0.99995
     0.4
0.399995
0.499998
 1.00001
0.500005
0.999988
0.4
0.4
0.5
  1
0.5
  1
0.399989
     0.4
0.499994
0.999972
0.499972
0.999972
0.399955
     0.4
0.499977
0.999887
0.499887
0.999887
0.399898
     0.4
0.499949
0.999746
0.499746
0.999746
 0.39982
     0.4
 0.49991
0.999549
0.499549
0.999549
0.399718
     0.4
0.499859
0.999296
0.499296
0.999296
0.399594
     0.4
0.499797
0.998986
0.498986
0.998986
0.399448
     0.4
0.499724
 0.99862
 0.49862
 0.99862
0.399279
     0.4
 0.49964
0.998198
0.498198
0.998198
0.399088
     0.4
0.499544
 0.99772
 0.49772
 0.99772
0.398874
     0.4
0.499437
0.997185
0.497185
0.997185
0.398638
     0.4
0.499319
0.996594
0.496594
0.996594
0.398379
     0.4
0.499189
0.995947
0.495947
0.995947
0.398097
     0.4
0.499049
0.995244
0.495244
0.995244
0.397794
     0.4
0.498897
0.994484
0.494484
0.994484
0.397467
     0.4
0.498734
0.993668
0.493668
0.993668
0.397118
     0.4
0.498559
0.992796
0.492796
0.992796
0.396747
     0.4
0.498373
0.991867
0.491867
0.991867
0.396353
     0.4
0.498177
0.990883
0.490883
0.990883
0.395937
     0.4
0.497968
0.989842
0.489842
0.989842
0.395498
     0.4
0.497749
0.988745
0.488745
0.988745
0.395037
     0.4
0.497518
0.987591
0.487591
0.987591
0.394553
     0.4
0.497276
0.986382
0.486382
0.986382
0.394046
     0.4
0.497023
0.985116
0.485116
0.985116
0.393517
     0.4
0.496759
0.983794
0.483794
0.983794
0.392966
     0.4
0.496483
0.982415
0.482415
0.982415
0.392392
     0.4
0.496196
 0.98098
 0.48098
 0.98098
0.391796
     0.4
0.495898
 0.97949
 0.47949
 0.97949
0.391177
     0.4
0.495588
0.977942
0.477942
0.977942
0.390536
     0.4
0.495268
0.976339
0.476339
0.976339
0.389872
     0.4
0.494936
0.974679
0.474679
0.974679
0.389185
     0.4
0.494593
0.972963
0.472963
0.972963
0.388476
     0.4
0.494238
0.971191
0.471191
0.971191
0.387745
     0.4
0.493873
0.969363
0.469363
0.969363
0.386991
     0.4
0.493496
0.967478
0.467478
0.967478
0.386215
     0.4
0.493107
0.965537
0.465537
0.965537
0.385416
     0.4
0.492708
 0.96354
 0.46354
 0.96354
0.384595
     0.4
0.492297
0.961486
0.461486
0.961486
0.383751
     0.4
0.491875
0.959377
0.459377
0.959377
0.382884
     0.4
0.491442
0.957211
0.457211
0.957211
0.381995
     0.4
0.490998
0.954988
0.454988
0.954988
0.381084
     0.4
0.490542
 0.95271
 0.45271
 0.95271
 0.38015
     0.4
0.490075
0.950375
0.450375
0.950375
0.379194
     0.4
0.489597
0.947984
0.447984
0.947984
0.378215
     0.4
0.489107
0.945537
0.445537
0.945537
0.377213
     0.4
0.488607
0.943034
0.443034
0.943034
 0.37619
     0.4
0.488095
0.940474
0.440474
0.940474
0.375143
     0.4
0.487572
0.937858
0.437858
0.937858
0.374074
     0.4
0.487037
0.935186
0.435186
0.935186
0.372983
     0.4
0.486491
0.932457
0.432457
0.932457
0.371869
     0.4
0.485934
0.929672
0.429672
0.929672
0.370733
     0.4
0.485366
0.926831
0.426831
0.926831
0.369574
     0.4
0.484787
0.923934
0.423934
0.923934
0.368392
     0.4
0.484196
0.920981
0.420981
0.920981
0.367188
     0.4
0.483594
0.917971
0.417971
0.917971
0.365962
     0.4
0.482981
0.914905
0.414905
0.914905
0.364713
     0.4
0.482357
0.911783
0.411783
0.911783
0.363442
     0.4
0.481721
0.908604
0.408604
0.908604
0.362148
     0.4
0.481074
0.905369
0.405369
0.905369
0.360831
     0.4
0.480416
0.902078
0.402078
0.902078
0.359492
     0.4
0.479746
0.898731
0.398731
0.898731
0.358131
     0.4
0.479066
0.895328
0.395328
0.895328
0.356747
     0.4
0.478374
0.891868
0.391868
0.891868
0.355341
     0.4
 0.47767
0.888352
0.388352
0.888352
0.353912
     0.4
0.476956
0.884779
0.384779
0.884779
 0.35246
     0.4
 0.47623
0.881151
0.381151
0.881151
0.350986
     0.4
0.475493
0.877466
0.377466
0.877466
0.349491
     0.4
0.474746
0.873728
0.373728
0.873728
0.347991
     0.4
0.473996
0.869978
0.369978
0.869978
0.346491
     0.4
0.473246
0.866228
0.366228
0.866228
0.344991
     0.4
0.472496
0.862478
0.362478
0.862478
0.343491
     0.4
0.471746
0.858728
0.358728
0.858728
0.341991
     0.4
0.470996
0.854978
0.354978
0.854978
0.340491
     0.4
0.470246
0.851228
0.351228
0.851228
0.338991
     0.4
0.469496
0.847478
0.347478
0.847478
0.337491
     0.4
0.468746
0.843728
0.343728
0.843728
0.335991
     0.4
0.467996
0.839978
0.339978
0.839978
0.334491
     0.4
0.467245
0.836227
0.336227
0.836227
0.332991
     0.4
0.466495
0.832477
0.332477
0.832477
0.331491
     0.4
0.465745
0.828727
0.328727
0.828727
0.329991
     0.4
0.464995
0.824977
0.324977
0.824977
0.328491
     0.4
0.464245
0.821227
0.321227
0.821227
0.326991
     0.4
0.463495
0.817477
0.317477
0.817477
0.325491
     0.4
0.462745
0.813727
0.313727
0.813727
0.323991
     0.4
0.461995
0.809977
0.309977
0.809977
0.322491
     0.4
0.461245
0.806227
0.306227
0.806227
0.320991
     0.4
0.460495
0.802477
0.302477
0.802477
0.319491
     0.4
0.459745
0.798727
0.298727
0.798727
0.317991
     0.4
0.458995
0.794977
0.294977
0.794977
0.316491
     0.4
0.458245
0.791226
0.291226
0.791226
0.314991
     0.4
0.457495
0.787476
0.287476
0.787476
0.313491
     0.4
0.456745
0.783726
0.283726
0.783726
 0.31199
     0.4
0.455995
0.779976
0.279976
0.779976
 0.31049
     0.4
0.455245
0.776226
0.276226
0.776226
 0.30899
     0.4
0.454495
0.772476
0.272476
0.772476
 0.30749
     0.4
0.453745
0.768726
0.268726
0.768726
 0.30599
     0.4
0.452995
0.764976
0.264976
0.764976
 0.30449
     0.4
0.452245
0.761226
0.261226
0.761226
 0.30299
     0.4
0.451495
0.757476
0.257476
0.757476
 0.30149
     0.4
0.450745
0.753726
0.253726
0.753726
 0.29999
     0.4
0.449995
0.749976
0.249976
0.749976
 0.29849
     0.4
0.449245
0.746225
0.246225
0.746225
 0.29699
     0.4
0.448495
0.742475
0.242475
0.742475
 0.29549
     0.4
0.447745
0.738725
0.238725
0.738725
 0.29399
     0.4
0.446995
0.734975
0.234975
0.734975
 0.29249
     0.4
0.446245
0.731225
0.231225
0.731225
 0.29099
     0.4
0.445495
0.727475
0.227475
0.727475
 0.28949
     0.4
0.444745
0.723725
0.223725
0.723725
 0.28799
     0.4
0.443995
0.719975
0.219975
0.719975
 0.28649
     0.4
0.443245
0.716225
0.216225
0.716225
 0.28499
     0.4
0.442495
0.712475
0.212475
0.712475
 0.28349
     0.4
0.441745
0.708725
0.208725
0.708725
 0.28199
     0.4
0.440995
0.704974
0.204974
0.704974
 0.28049
     0.4
0.440245
0.701224
0.201224
0.701224
 0.27899
     0.4
0.439495
0.697474
0.197474
0.697474
 0.27749
     0.4
0.438745
0.693724
0.193724
0.693724
 0.27599
     0.4
0.437995
0.689974
0.189974
0.689974
 0.27449
     0.4
0.437245
0.686224
0.186224
0.686224
 0.27299
     0.4
0.436495
0.682474
0.182474
0.682474
 0.27149
     0.4
0.435745
0.678724
0.178724
0.678724
 0.26999
     0.4
0.434995
0.674974
0.174974
0.674974
0.268489
     0.4
0.434245
0.671224
0.171224
0.671224
0.266989
     0.4
0.433495
0.667474
0.167474
0.667474
0.265489
     0.4
0.432745
0.663724
0.163724
0.663724
0.263989
     0.4
0.431995
0.659973
0.159973
0.659973
0.262489
     0.4
0.431245
0.656223
0.156223
0.656223
0.260989
     0.4
0.430495
0.652473
0.152473
0.652473
0.259489
     0.4
0.429745
0.648723
0.148723
0.648723
0.257989
     0.4
0.428995
0.644973
0.144973
0.644973
0.256489
     0.4
0.428245
0.641223
0.141223
0.641223
0.254989
     0.4
0.427495
0.637473
0.137473
0.637473
0.253489
     0.4
0.426745
0.633723
0.133723
0.633723
0.251989
     0.4
0.425995
0.629973
0.129973
0.629973
0.250489
     0.4
0.425245
0.626223
0.126223
0.626223
0.248994
     0.4
0.424497
0.622485
0.122485
0.622485
0.247521
     0.4
 0.42376
0.618801
0.118801
0.618801
0.246069
     0.4
0.423035
0.615174
0.115174
0.615174
0.244641
     0.4
 0.42232
0.611602
0.111602
0.611602
0.243235
     0.4
0.421617
0.608087
0.108087
0.608087
0.241851
     0.4
0.420926
0.604628
0.104628
0.604628
 0.24049
     0.4
0.420245
0.601225
0.101225
0.601225
 0.239151
      0.4
 0.419576
 0.597878
0.0978783
 0.597878
 0.237835
      0.4
 0.418918
 0.594588
0.0945881
 0.594588
0.236542
     0.4
0.418271
0.591354
0.091354
0.591354
 0.235271
      0.4
 0.417635
 0.588176
0.0881763
 0.588176
 0.234022
      0.4
 0.417011
 0.585055
0.0850547
 0.585055
 0.232796
      0.4
 0.416398
 0.581989
0.0819895
 0.581989
 0.231592
      0.4
 0.415796
  0.57898
0.0789804
  0.57898
 0.230411
      0.4
 0.415206
 0.576028
0.0760277
 0.576028
 0.229252
      0.4
 0.414626
 0.573131
0.0731312
 0.573131
 0.228116
      0.4
 0.414058
 0.570291
0.0702909
 0.570291
 0.227003
      0.4
 0.413501
 0.567507
0.0675069
 0.567507
 0.225912
      0.4
 0.412956
 0.564779
0.0647791
 0.564779
 0.224843
      0.4
 0.412422
 0.562108
0.0621076
 0.562108
 0.223797
      0.4
 0.411898
 0.559492
0.0594924
 0.559492
 0.222773
      0.4
 0.411387
 0.556933
0.0569334
 0.556933
 0.221772
      0.4
 0.410886
 0.554431
0.0544307
 0.554431
 0.220794
      0.4
 0.410397
 0.551984
0.0519842
 0.551984
 0.219838
      0.4
 0.409919
 0.549594
0.0495939
 0.549594
 0.218904
      0.4
 0.409452
  0.54726
0.0472599
  0.54726
 0.217993
      0.4
 0.408996
 0.544982
0.0449822
 0.544982
 0.217104
      0.4
 0.408552
 0.542761
0.0427607
 0.542761
 0.216238
      0.4
 0.408119
 0.540596
0.0405955
 0.540596
 0.215395
      0.4
 0.407697
 0.538487
0.0384865
 0.538487
 0.214574
      0.4
 0.407287
 0.536434
0.0364338
 0.536434
 0.213775
      0.4
 0.406887
 0.534437
0.0344373
 0.534437
 0.212999
      0.4
 0.406499
 0.532497
0.0324971
 0.532497
 0.212245
      0.4
 0.406123
 0.530613
0.0306132
 0.530613
 0.211514
      0.4
 0.405757
 0.528785
0.0287854
 0.528785
0.210806
     0.4
0.405403
0.527014
0.027014
0.527014
  0.21012
      0.4
  0.40506
 0.525299
0.0252988
 0.525299
 0.209456
      0.4
 0.404728
  0.52364
0.0236398
  0.52364
 0.208815
      0.4
 0.404407
 0.522037
0.0220371
 0.522037
 0.208196
      0.4
 0.404098
 0.520491
0.0204907
 0.520491
   0.2076
      0.4
   0.4038
    0.519
0.0190005
    0.519
 0.207027
      0.4
 0.403513
 0.517567
0.0175665
 0.517567
 0.206476
      0.4
 0.403238
 0.516189
0.0161888
 0.516189
 0.205947
      0.4
 0.402973
 0.514867
0.0148674
 0.514867
 0.205441
      0.4
  0.40272
 0.513602
0.0136022
 0.513602
 0.204957
      0.4
 0.402479
 0.512393
0.0123933
 0.512393
 0.204496
      0.4
 0.402248
 0.511241
0.0112406
 0.511241
 0.204058
      0.4
 0.402029
 0.510144
0.0101442
 0.510144
  0.203642
       0.4
  0.401821
  0.509104
0.00910399
  0.509104
  0.203248
       0.4
  0.401624
   0.50812
0.00812006
   0.50812
  0.202877
       0.4
  0.401438
  0.507192
0.00719239
  0.507192
  0.202528
       0.4
  0.401264
  0.506321
0.00632097
  0.506321
  0.202202
       0.4
  0.401101
  0.505506
0.00550581
  0.505506
  0.201899
       0.4
  0.400949
  0.504747
0.00474689
  0.504747
  0.201618
       0.4
  0.400809
  0.504044
0.00404423
  0.504044
  0.201359
       0.4
   0.40068
  0.503398
0.00339782
  0.503398
  0.201123
       0.4
  0.400562
  0.502808
0.00280767
  0.502808
   0.20091
       0.4
  0.400455
  0.502274
0.00227377
  0.502274
  0.200718
       0.4
  0.400359
  0.501796
0.00179611
  0.501796
   0.20055
       0.4
  0.400275
  0.501375
0.00137472
  0.501375
  0.200404
       0.4
  0.400202
   0.50101
0.00100957
   0.50101
    0.20028
        0.4
    0.40014
   0.500701
0.000700678
   0.500701
   0.200179
        0.4
    0.40009
   0.500448
0.000448038
   0.500448
  0.200101
       0.4
   0.40005
  0.500252
0.00025165
  0.500252
   0.200045
        0.4
   0.400022
   0.500112
0.000111515
   0.500112
   0.200011
        0.4
   0.400006
   0.500028
2.76323e-05
   0.500028
        0.2
        0.4
        0.4
        0.5
5.19613e-09
        0.5
        0.2
   0.399977
   0.399977
   0.499885
6.86928e-05
   0.499885
        0.2
   0.399909
   0.399909
   0.499546
0.000272387
   0.499546
        0.2
   0.399796
   0.399796
   0.498982
0.000611086
   0.498982
       0.2
  0.399638
  0.399638
  0.498192
0.00108479
  0.498192
      0.2
 0.399435
 0.399435
 0.497177
0.0016935
 0.497177
       0.2
  0.399188
  0.399188
  0.495938
0.00243722
  0.495938
       0.2
  0.398895
  0.398895
  0.494473
0.00331595
  0.494473
       0.2
  0.398557
  0.398557
  0.492784
0.00432968
  0.492784
       0.2
  0.398174
  0.398174
  0.490869
0.00547842
  0.490869
       0.2
  0.397746
  0.397746
   0.48873
0.00676216
   0.48873
       0.2
  0.397273
  0.397273
  0.486365
0.00818091
  0.486365
       0.2
  0.396755
  0.396755
  0.483776
0.00973466
  0.483776
      0.2
 0.396192
 0.396192
 0.480961
0.0114234
 0.480961
      0.2
 0.395584
 0.395584
 0.477921
0.0132472
 0.477921
     0.2
0.394931
0.394931
0.474657
0.015206
0.474657
      0.2
 0.394233
 0.394233
 0.471167
0.0172997
 0.471167
      0.2
  0.39349
  0.39349
 0.467452
0.0195285
 0.467452
      0.2
 0.392703
 0.392703
 0.463513
0.0218923
 0.463513
      0.2
  0.39187
  0.39187
 0.459348
0.0243911
 0.459348
      0.2
 0.390992
 0.390992
 0.454958
0.0270249
 0.454958
      0.2
 0.390069
 0.390069
 0.450344
0.0297937
 0.450344
      0.2
 0.389101
 0.389101
 0.445504
0.0326976
 0.445504
      0.2
 0.388088
 0.388088
 0.440439
0.0357364
 0.440439
      0.2
  0.38703
  0.38703
  0.43515
0.0389102
  0.43515
      0.2
 0.385927
 0.385927
 0.429635
0.0422191
 0.429635
      0.2
 0.384779
 0.384779
 0.423895
0.0456629
 0.423895
      0.2
 0.383586
 0.383586
  0.41793
0.0492417
  0.41793
      0.2
 0.382348
 0.382348
 0.411741
0.0529556
 0.411741
      0.2
 0.381065
 0.381065
 0.405326
0.0568045
 0.405326
      0.2
 0.379737
 0.379737
 0.398686
0.0607883
 0.398686
      0.2
 0.378364
 0.378364
 0.391821
0.0649072
 0.391821
      0.2
 0.376946
 0.376946
 0.384732
0.0691611
 0.384732
     0.2
0.375483
0.375483
0.377417
 0.07355
0.377417
     0.2
0.373986
0.373986
0.369928
0.078043
0.369928
      0.2
 0.372486
 0.372486
 0.362428
0.0825431
 0.362428
      0.2
 0.370986
 0.370986
 0.354928
0.0870432
 0.354928
      0.2
 0.369486
 0.369486
 0.347428
0.0915433
 0.347428
      0.2
 0.367986
 0.367986
 0.339928
0.0960434
 0.339928
     0.2
0.366486
0.366486
0.332428
0.100543
0.332428
     0.2
0.364985
0.364985
0.324927
0.105044
0.324927
     0.2
0.363485
0.363485
0.317427
0.109544
0.317427
     0.2
0.361985
0.361985
0.309927
0.114044
0.309927
     0.2
0.360485
0.360485
0.302427
0.118544
0.302427
     0.2
0.358985
0.358985
0.294927
0.123044
0.294927
     0.2
0.357485
0.357485
0.287426
0.127544
0.287426
     0.2
0.355985
0.355985
0.279926
0.132044
0.279926
     0.2
0.354485
0.354485
0.272426
0.136544
0.272426
     0.2
0.352985
0.352985
0.264926
0.141044
0.264926
     0.2
0.351485
0.351485
0.257426
0.145545
0.257426
     0.2
0.349985
0.349985
0.249926
0.150045
0.249926
     0.2
0.348485
0.348485
0.242425
0.154545
0.242425
     0.2
0.346985
0.346985
0.234925
0.159045
0.234925
     0.2
0.345485
0.345485
0.227425
0.163545
0.227425
     0.2
0.343985
0.343985
0.219925
0.168045
0.219925
     0.2
0.342485
0.342485
0.212425
0.172545
0.212425
     0.2
0.340985
0.340985
0.204925
0.177045
0.204925
     0.2
0.339485
0.339485
0.197424
0.181545
0.197424
     0.2
0.337985
0.337985
0.189924
0.186045
0.189924
     0.2
0.336485
0.336485
0.182424
0.190546
0.182424
     0.2
0.334985
0.334985
0.174924
0.195046
0.174924
     0.2
0.333485
0.333485
0.167424
0.199546
0.167424
     0.2
0.331985
0.331985
0.159924
0.204046
0.159924
     0.2
0.330485
0.330485
0.152423
0.208546
0.152423
     0.2
0.328985
0.328985
0.144923
0.213046
0.144923
     0.2
0.327485
0.327485
0.137423
0.217546
0.137423
     0.2
0.325985
0.325985
0.129923
0.222046
0.129923
     0.2
0.324487
0.324487
0.122436
0.226538
0.122436
     0.2
0.323025
0.323025
0.115126
0.230925
0.115126
     0.2
0.321608
0.321608
 0.10804
0.235176
 0.10804
     0.2
0.320236
0.320236
 0.10118
0.239292
 0.10118
      0.2
 0.318909
 0.318909
0.0945447
 0.243273
0.0945447
      0.2
 0.317627
 0.317627
0.0881344
 0.247119
0.0881344
      0.2
  0.31639
  0.31639
0.0819491
 0.250831
0.0819491
      0.2
 0.315198
 0.315198
0.0759888
 0.254407
0.0759888
      0.2
 0.314051
 0.314051
0.0702535
 0.257848
0.0702535
      0.2
 0.312949
 0.312949
0.0647432
 0.261154
0.0647432
     0.2
0.311892
0.311892
0.059458
0.264325
0.059458
      0.2
  0.31088
  0.31088
0.0543977
 0.267361
0.0543977
      0.2
 0.309913
 0.309913
0.0495625
 0.270263
0.0495625
      0.2
  0.30899
  0.30899
0.0449523
 0.273029
0.0449523
      0.2
 0.308113
 0.308113
0.0405671
  0.27566
0.0405671
      0.2
 0.307281
 0.307281
0.0364069
 0.278156
0.0364069
      0.2
 0.306494
 0.306494
0.0324717
 0.280517
0.0324717
      0.2
 0.305752
 0.305752
0.0287615
 0.282743
0.0287615
      0.2
 0.305055
 0.305055
0.0252763
 0.284834
0.0252763
      0.2
 0.304403
 0.304403
0.0220162
  0.28679
0.0220162
     0.2
0.303796
0.303796
0.018981
0.288611
0.018981
      0.2
 0.303234
 0.303234
0.0161709
 0.290297
0.0161709
      0.2
 0.302717
 0.302717
0.0135858
 0.291849
0.0135858
      0.2
 0.302245
 0.302245
0.0112256
 0.293265
0.0112256
       0.2
  0.301818
  0.301818
0.00909053
  0.294546
0.00909053
       0.2
  0.301436
  0.301436
0.00718043
  0.295692
0.00718043
       0.2
  0.301099
  0.301099
0.00549534
  0.296703
0.00549534
       0.2
  0.300807
  0.300807
0.00403526
  0.297579
0.00403526
      0.2
  0.30056
  0.30056
0.0028002
  0.29832
0.0028002
       0.2
  0.300358
  0.300358
0.00179014
  0.298926
0.00179014
       0.2
  0.300201
  0.300201
0.00100509
  0.299397
0.00100509
        0.2
   0.300089
   0.300089
0.000445056
   0.299733
0.000445056
       0.2
  0.300022
  0.300022
0.00011003
  0.299934
0.00011003
        0.2
        0.3
        0.3
2.14168e-09
        0.3
2.14168e-09
   0.200003
        0.3
        0.3
1.78901e-05
    0.30001
1.78901e-05
    0.20001
        0.3
        0.3
7.07798e-05
    0.30004
7.07798e-05
   0.200023
        0.3
        0.3
0.000158671
   0.300091
0.000158671
    0.20004
        0.3
        0.3
0.000281564
   0.300161
0.000281564
   0.200063
        0.3
        0.3
0.000439458
   0.300251
0.000439458
    0.20009
        0.3
        0.3
0.000632354
   0.300361
0.000632354
   0.200123
        0.3
        0.3
0.000860252
   0.300492
0.000860252
   0.20016
       0.3
       0.3
0.00112315
  0.300642
0.00112315
  0.200203
       0.3
       0.3
0.00142105
  0.300812
0.00142105
  0.200251
       0.3
       0.3
0.00175395
  0.301002
0.00175395
  0.200303
       0.3
       0.3
0.00212186
  0.301212
0.00212186
  0.200361
       0.3
       0.3
0.00252476
  0.301443
0.00252476
  0.200423
       0.3
       0.3
0.00296267
  0.301693
0.00296267
  0.200491
       0.3
       0.3
0.00343558
  0.301963
0.00343558
  0.200563
       0.3
       0.3
0.00394349
  0.302253
0.00394349
 0.200641
      0.3
      0.3
0.0044864
 0.302564
0.0044864
  0.200723
       0.3
       0.3
0.00506432
  0.302894
0.00506432
  0.200811
       0.3
       0.3
0.00567723
  0.303244
0.00567723
  0.200904
       0.3
       0.3
0.00632515
  0.303614
0.00632515
  0.201001
       0.3
       0.3
0.00700807
  0.304005
0.00700807
  0.201104
       0.3
       0.3
0.00772599
  0.304415
0.00772599
  0.201211
       0.3
       0.3
0.00847891
  0.304845
0.00847891
  0.201324
       0.3
       0.3
0.00926683
  0.305295
0.00926683
 0.201441
      0.3
      0.3
0.0100898
 0.305766
0.0100898
 0.201564
      0.3
      0.3
0.0109477
 0.306256
0.0109477
 0.201692
      0.3
      0.3
0.0118406
 0.306766
0.0118406
 0.201824
      0.3
      0.3
0.0127685
 0.307296
0.0127685
 0.201962
      0.3
      0.3
0.0137315
 0.307847
0.0137315
 0.202104
      0.3
      0.3
0.0147294
 0.308417
0.0147294
 0.202252
      0.3
      0.3
0.0157623
 0.309007
0.0157623
 0.202404
      0.3
      0.3
0.0168303
 0.309617
0.0168303
 0.202562
      0.3
      0.3
0.0179332
 0.310248
0.0179332
 0.202724
      0.3
      0.3
0.0190712
 0.310898
0.0190712
 0.202892
      0.3
      0.3
0.0202441
 0.311568
0.0202441
0.203065
     0.3
     0.3
0.021452
0.312258
0.021452
0.203242
     0.3
     0.3
0.022695
0.312969
0.022695
 0.203425
      0.3
      0.3
0.0239729
 0.313699
0.0239729
 0.203612
      0.3
      0.3
0.0252859
 0.314449
0.0252859
 0.203805
      0.3
      0.3
0.0266338
 0.315219
0.0266338
 0.204002
      0.3
      0.3
0.0280168
  0.31601
0.0280168
 0.204205
      0.3
      0.3
0.0294347
  0.31682
0.0294347
 0.204413
      0.3
      0.3
0.0308877
  0.31765
0.0308877
 0.204625
      0.3
      0.3
0.0323756
   0.3185
0.0323756
 0.204843
      0.3
      0.3
0.0338986
 0.319371
0.0338986
 0.205065
      0.3
      0.3
0.0354565
 0.320261
0.0354565
 0.205293
      0.3
      0.3
0.0370495
 0.321171
0.0370495
 0.205525
      0.3
      0.3
0.0386775
 0.322101
0.0386775
 0.205763
      0.3
      0.3
0.0403404
 0.323052
0.0403404
 0.206005
      0.3
      0.3
0.0420384
 0.324022
0.0420384
 0.206253
      0.3
      0.3
0.0437714
 0.325012
0.0437714
 0.206506
      0.3
      0.3
0.0455393
 0.326022
0.0455393
 0.206763
      0.3
      0.3
0.0473423
 0.327053
0.0473423
 0.207026
      0.3
      0.3
0.0491803
 0.328103
0.0491803
 0.207293
      0.3
      0.3
0.0510533
 0.329173
0.0510533
 0.207566
      0.3
      0.3
0.0529612
 0.330264
0.0529612
 0.207843
      0.3
      0.3
0.0549042
 0.331374
0.0549042
 0.208126
      0.3
      0.3
0.0568822
 0.332504
0.0568822
 0.208414
      0.3
      0.3
0.0588952
 0.333654
0.0588952
 0.208706
      0.3
      0.3
0.0609431
 0.334825
0.0609431
 0.209004
      0.3
      0.3
0.0630261
 0.336015
0.0630261
 0.209306
      0.3
      0.3
0.0651441
 0.337225
0.0651441
 0.209614
      0.3
      0.3
0.0672971
 0.338455
0.0672971
 0.209926
      0.3
      0.3
0.0694851
 0.339706
0.0694851
 0.210244
      0.3
      0.3
0.0717081
 0.340976
0.0717081
 0.210567
      0.3
      0.3
0.0739661
 0.342266
0.0739661
 0.210894
      0.3
      0.3
0.0762591
 0.343577
0.0762591
0.211227
     0.3
     0.3
0.078587
0.344907
0.078587
0.211564
     0.3
     0.3
 0.08095
0.346257
 0.08095
0.211907
     0.3
     0.3
0.083348
0.347627
0.083348
0.212254
     0.3
     0.3
0.085781
0.349018
0.085781
0.212607
     0.3
     0.3
0.088249
0.350428
0.088249
0.212965
     0.3
     0.3
0.090752
0.351858
0.090752
0.213327
     0.3
     0.3
 0.09329
0.353309
 0.09329
 0.213695
      0.3
      0.3
0.0958631
 0.354779
0.0958631
 0.214067
      0.3
      0.3
0.0984711
 0.356269
0.0984711
0.214445
     0.3
     0.3
0.101114
0.357779
0.101114
0.214827
     0.3
     0.3
0.103792
 0.35931
0.103792
0.215215
     0.3
     0.3
0.106505
 0.36086
0.106505
0.215608
     0.3
     0.3
0.109253
 0.36243
0.109253
0.216005
     0.3
     0.3
0.112036
0.364021
0.112036
0.216408
     0.3
     0.3
0.114854
0.365631
0.114854
0.216815
     0.3
     0.3
0.117707
0.367261
0.117707
0.217228
     0.3
     0.3
0.120595
0.368912
0.120595
0.217645
     0.3
     0.3
0.123518
0.370582
0.123518
0.218068
     0.3
     0.3
0.126476
0.372272
0.126476
0.218496
     0.3
     0.3
0.129469
0.373982
0.129469
0.218928
     0.3
     0.3
0.132497
0.375713
0.132497
0.219366
     0.3
     0.3
 0.13556
0.377463
 0.13556
0.219808
     0.3
     0.3
0.138658
0.379233
0.138658
0.220256
     0.3
     0.3
0.141791
0.381024
0.141791
0.220708
     0.3
     0.3
0.144959
0.382834
0.144959
0.221166
     0.3
     0.3
0.148162
0.384664
0.148162
0.221629
     0.3
     0.3
  0.1514
0.386515
  0.1514
0.222096
     0.3
     0.3
0.154673
0.388385
0.154673
0.222569
     0.3
     0.3
0.157982
0.390275
0.157982
0.223046
     0.3
     0.3
0.161325
0.392185
0.161325
0.223529
     0.3
     0.3
0.164703
0.394116
0.164703
0.224017
     0.3
     0.3
0.168116
0.396066
0.168116
0.224509
     0.3
     0.3
0.171564
0.398036
0.171564
0.225007
     0.3
     0.3
0.175047
0.400027
0.175047
0.225507
     0.3
     0.3
0.178547
0.402027
0.178547
0.226007
     0.3
     0.3
0.182047
0.404027
0.182047
0.226507
     0.3
     0.3
0.185547
0.406027
0.185547
0.227007
     0.3
     0.3
0.189047
0.408027
0.189047
0.227507
     0.3
     0.3
0.192547
0.410027
0.192547
0.228007
     0.3
     0.3
0.196047
0.412027
0.196047
0.228507
     0.3
     0.3
0.199547
0.414027
0.199547
0.229007
     0.3
     0.3
0.203047
0.416027
0.203047
0.229507
     0.3
     0.3
0.206547
0.418027
0.206547
0.230007
     0.3
     0.3
0.210048
0.420027
0.210048
0.230507
     0.3
     0.3
0.213548
0.422027
0.213548
0.231007
     0.3
     0.3
0.217048
0.424027
0.217048
0.231507
     0.3
     0.3
0.220548
0.426027
0.220548
0.232007
     0.3
     0.3
0.224048
0.428027
0.224048
0.232507
     0.3
     0.3
0.227548
0.430027
0.227548
0.233007
     0.3
     0.3
0.231048
0.432027
0.231048
0.233507
     0.3
     0.3
0.234548
0.434027
0.234548
0.234007
     0.3
     0.3
0.238048
0.436028
0.238048
0.234507
     0.3
     0.3
0.241548
0.438028
0.241548
0.235007
     0.3
     0.3
0.245048
0.440028
0.245048
0.235507
     0.3
     0.3
0.248548
0.442028
0.248548
0.236007
     0.3
     0.3
0.252048
0.444028
0.252048
0.236507
     0.3
     0.3
0.255549
0.446028
0.255549
0.237007
     0.3
     0.3
0.259049
0.448028
0.259049
0.237507
     0.3
     0.3
0.262549
0.450028
0.262549
0.238007
     0.3
     0.3
0.266049
0.452028
0.266049
0.238507
     0.3
     0.3
0.269549
0.454028
0.269549
0.239007
     0.3
     0.3
0.273049
0.456028
0.273049
0.239507
     0.3
     0.3
0.276549
0.458028
0.276549
0.240007
     0.3
     0.3
0.280049
0.460028
0.280049
0.240507
     0.3
     0.3
0.283549
0.462028
0.283549
0.241007
     0.3
     0.3
0.287049
0.464028
0.287049
0.241507
     0.3
     0.3
0.290549
0.466028
0.290549
0.242007
     0.3
     0.3
0.294049
0.468028
0.294049
0.242507
     0.3
     0.3
 0.29755
0.470028
 0.29755
0.243007
     0.3
     0.3
 0.30105
0.472028
 0.30105
0.243507
     0.3
     0.3
 0.30455
0.474028
 0.30455
0.244007
     0.3
     0.3
 0.30805
0.476028
 0.30805
0.244507
     0.3
     0.3
 0.31155
0.478028
 0.31155
0.245007
     0.3
     0.3
 0.31505
0.480029
 0.31505
0.245507
     0.3
     0.3
 0.31855
0.482029
 0.31855
0.246007
     0.3
     0.3
 0.32205
0.484029
 0.32205
0.246507
     0.3
     0.3
 0.32555
0.486029
 0.32555
0.247007
     0.3
     0.3
 0.32905
0.488029
 0.32905
0.247507
     0.3
     0.3
 0.33255
0.490029
 0.33255
0.248007
     0.3
     0.3
 0.33605
0.492029
 0.33605
0.248507
     0.3
     0.3
 0.33955
0.494029
 0.33955
0.249007
     0.3
     0.3
0.343051
0.496029
0.343051
0.249507
     0.3
     0.3
0.346551
0.498029
0.346551
0.250007
     0.3
     0.3
0.350051
0.500029
0.350051
0.250507
     0.3
     0.3
0.353551
0.502029
0.353551
0.251007
     0.3
     0.3
0.357051
0.504029
0.357051
0.251507
     0.3
     0.3
0.360551
0.506029
0.360551
0.252007
     0.3
     0.3
0.364051
0.508029
0.364051
0.252507
     0.3
     0.3
0.367551
0.510029
0.367551
0.253007
     0.3
     0.3
0.371051
0.512029
0.371051
0.253507
     0.3
     0.3
0.374551
0.514029
0.374551
0.254007
     0.3
     0.3
0.378051
0.516029
0.378051
0.254507
     0.3
     0.3
0.381551
0.518029
0.381551
0.255007
     0.3
     0.3
0.385052
0.520029
0.385052
0.255507
     0.3
     0.3
0.388552
 0.52203
0.388552
0.256007
     0.3
     0.3
0.392052
 0.52403
0.392052
0.256507
     0.3
     0.3
0.395552
 0.52603
0.395552
0.257007
     0.3
     0.3
0.399052
 0.52803
0.399052
0.257507
     0.3
     0.3
0.402552
 0.53003
0.402552
0.258007
     0.3
     0.3
0.406052
 0.53203
0.406052
0.258507
     0.3
     0.3
0.409552
 0.53403
0.409552
0.259007
     0.3
     0.3
0.413052
 0.53603
0.413052
0.259507
     0.3
     0.3
0.416552
 0.53803
0.416552
0.260008
     0.3
     0.3
0.420052
 0.54003
0.420052
0.260507
     0.3
     0.3
0.423552
 0.54203
0.423552
0.261008
     0.3
     0.3
0.427052
 0.54403
0.427052
0.261508
     0.3
     0.3
0.430553
 0.54603
0.430553
0.262008
     0.3
     0.3
0.434053
 0.54803
0.434053
0.262508
     0.3
     0.3
0.437553
 0.55003
0.437553
0.263008
     0.3
     0.3
0.441053
 0.55203
0.441053
0.263508
     0.3
     0.3
0.444553
 0.55403
0.444553
0.264008
     0.3
     0.3
0.448053
 0.55603
0.448053
0.264508
     0.3
     0.3
0.451553
 0.55803
0.451553
0.265008
     0.3
     0.3
0.455053
 0.56003
0.455053
0.265508
     0.3
     0.3
0.458553
 0.56203
0.458553
0.266008
     0.3
     0.3
0.462053
 0.56403
0.462053
0.266508
     0.3
     0.3
0.465553
0.566031
0.465553
0.267008
     0.3
     0.3
0.469053
0.568031
0.469053
0.267508
     0.3
     0.3
0.472554
0.570031
0.472554
0.268008
     0.3
     0.3
0.476054
0.572031
0.476054
0.268508
     0.3
     0.3
0.479554
0.574031
0.479554
0.269008
     0.3
     0.3
0.483054
0.576031
0.483054
0.269508
     0.3
     0.3
0.486554
0.578031
0.486554
0.270008
     0.3
     0.3
0.490054
0.580031
0.490054
0.270508
     0.3
     0.3
0.493554
0.582031
0.493554
0.271008
     0.3
     0.3
0.497054
0.584031
0.497054
0.271508
     0.3
     0.3
0.500554
0.586031
0.500554
0.272008
     0.3
     0.3
0.504054
0.588031
0.504054
0.272508
     0.3
     0.3
0.507554
0.590031
0.507554
0.273008
     0.3
     0.3
0.511054
0.592031
0.511054
0.273508
     0.3
     0.3
0.514555
0.594031
0.514555
0.274008
     0.3
     0.3
0.518055
0.596031
0.518055
0.274508
     0.3
     0.3
0.521555
0.598031
0.521555
0.275008
     0.3
     0.3
0.525055
0.600031
0.525055
0.275505
     0.3
     0.3
0.528537
0.602021
0.528537
0.275998
     0.3
     0.3
0.531984
0.603991
0.531984
0.276485
     0.3
     0.3
0.535396
 0.60594
0.535396
0.276968
     0.3
     0.3
0.538773
 0.60787
0.538773
0.277445
     0.3
     0.3
0.542115
 0.60978
0.542115
0.277917
     0.3
     0.3
0.545422
 0.61167
0.545422
0.278385
     0.3
     0.3
0.548694
0.613539
0.548694
0.278847
     0.3
     0.3
0.551931
0.615389
0.551931
0.279305
     0.3
     0.3
0.555133
0.617219
0.555133
0.279757
     0.3
     0.3
  0.5583
0.619029
  0.5583
0.280205
     0.3
     0.3
0.561432
0.620818
0.561432
0.280647
     0.3
     0.3
0.564529
0.622588
0.564529
0.281084
     0.3
     0.3
0.567591
0.624338
0.567591
0.281517
     0.3
     0.3
0.570618
0.626067
0.570618
0.281944
     0.3
     0.3
 0.57361
0.627777
 0.57361
0.282367
     0.3
     0.3
0.576567
0.629467
0.576567
0.282784
     0.3
     0.3
0.579489
0.631137
0.579489
0.283197
     0.3
     0.3
0.582376
0.632786
0.582376
0.283604
     0.3
     0.3
0.585228
0.634416
0.585228
0.284006
     0.3
     0.3
0.588045
0.636026
0.588045
0.284404
     0.3
     0.3
0.590827
0.637615
0.590827
0.284796
     0.3
     0.3
0.593574
0.639185
0.593574
0.285184
     0.3
     0.3
0.596286
0.640735
0.596286
0.285566
     0.3
     0.3
0.598963
0.642265
0.598963
0.285944
     0.3
     0.3
0.601605
0.643774
0.601605
0.286316
     0.3
     0.3
0.604212
0.645264
0.604212
0.286683
     0.3
     0.3
0.606784
0.646734
0.606784
0.287046
     0.3
     0.3
0.609321
0.648183
0.609321
0.287403
     0.3
     0.3
0.611823
0.649613
0.611823
0.287756
     0.3
     0.3
 0.61429
0.651023
 0.61429
0.288103
     0.3
     0.3
0.616722
0.652413
0.616722
0.288446
     0.3
     0.3
0.619119
0.653782
0.619119
0.288783
     0.3
     0.3
0.621481
0.655132
0.621481
0.289115
     0.3
     0.3
0.623808
0.656462
0.623808
0.289443
     0.3
     0.3
  0.6261
0.657771
  0.6261
0.289765
     0.3
     0.3
0.628357
0.659061
0.628357
0.290083
     0.3
     0.3
0.630579
0.660331
0.630579
0.290395
     0.3
     0.3
0.632766
 0.66158
0.632766
0.290703
     0.3
     0.3
0.634918
 0.66281
0.634918
0.291005
     0.3
     0.3
0.637035
 0.66402
0.637035
0.291302
     0.3
     0.3
0.639117
 0.66521
0.639117
0.291595
     0.3
     0.3
0.641164
0.666379
0.641164
0.291882
     0.3
     0.3
0.643176
0.667529
0.643176
0.292165
     0.3
     0.3
0.645153
0.668659
0.645153
0.292442
     0.3
     0.3
0.647095
0.669768
0.647095
0.292715
     0.3
     0.3
0.649002
0.670858
0.649002
0.292982
     0.3
     0.3
0.650873
0.671928
0.650873
0.293244
     0.3
     0.3
 0.65271
0.672977
 0.65271
0.293502
     0.3
     0.3
0.654512
0.674007
0.654512
0.293754
     0.3
     0.3
0.656279
0.675017
0.656279
0.294002
     0.3
     0.3
0.658011
0.676006
0.658011
0.294244
     0.3
     0.3
0.659708
0.676976
0.659708
0.294481
     0.3
     0.3
 0.66137
0.677926
 0.66137
0.294714
     0.3
     0.3
0.662997
0.678856
0.662997
0.294941
     0.3
     0.3
0.664589
0.679765
0.664589
0.295164
     0.3
     0.3
0.666146
0.680655
0.666146
0.295381
     0.3
     0.3
0.667668
0.681525
0.667668
0.295594
     0.3
     0.3
0.669155
0.682374
0.669155
0.295801
     0.3
     0.3
0.670607
0.683204
0.670607
0.296003
     0.3
     0.3
0.672024
0.684014
0.672024
0.296201
     0.3
     0.3
0.673406
0.684803
0.673406
0.296393
     0.3
     0.3
0.674753
0.685573
0.674753
0.296581
     0.3
     0.3
0.676065
0.686323
0.676065
0.296763
     0.3
     0.3
0.677342
0.687052
0.677342
0.296941
     0.3
     0.3
0.678583
0.687762
0.678583
0.297113
     0.3
     0.3
 0.67979
0.688452
 0.67979
 0.29728
     0.3
     0.3
0.680962
0.689121
0.680962
0.297443
     0.3
     0.3
0.682099
0.689771
0.682099
  0.2976
     0.3
     0.3
0.683201
0.690401
0.683201
0.297753
     0.3
     0.3
0.684268
 0.69101
0.684268
0.2979
   0.3
   0.3
0.6853
0.6916
0.6853
0.298042
     0.3
     0.3
0.686297
 0.69217
0.686297
 0.29818
     0.3
     0.3
0.687259
0.692719
0.687259
0.298312
     0.3
     0.3
0.688186
0.693249
0.688186
 0.29844
     0.3
     0.3
0.689078
0.693759
0.689078
0.298562
     0.3
     0.3
0.689935
0.694248
0.689935
 0.29868
     0.3
     0.3
0.690756
0.694718
0.690756
0.298792
     0.3
     0.3
0.691543
0.695168
0.691543
0.298899
     0.3
     0.3
0.692295
0.695597
0.692295
0.299002
     0.3
     0.3
0.693012
0.696007
0.693012
0.299099
     0.3
     0.3
0.693694
0.696397
0.693694
0.299192
     0.3
     0.3
0.694341
0.696766
0.694341
0.299279
     0.3
     0.3
0.694953
0.697116
0.694953
0.299361
     0.3
     0.3
 0.69553
0.697446
 0.69553
0.299439
     0.3
     0.3
0.696072
0.697755
0.696072
0.299511
     0.3
     0.3
0.696579
0.698045
0.696579
0.299579
     0.3
     0.3
0.697051
0.698315
0.697051
0.299641
     0.3
     0.3
0.697487
0.698564
0.697487
0.299698
     0.3
     0.3
0.697889
0.698794
0.697889
0.299751
     0.3
     0.3
0.698256
0.699004
0.698256
0.299798
     0.3
     0.3
0.698588
0.699193
0.698588
0.299841
     0.3
     0.3
0.698885
0.699363
0.698885
0.299878
     0.3
     0.3
0.699147
0.699512
0.699147
0.299911
     0.3
     0.3
0.699374
0.699642
0.699374
0.299938
     0.3
     0.3
0.699566
0.699752
0.699566
 0.29996
     0.3
     0.3
0.699722
0.699841
0.699722
0.299978
     0.3
     0.3
0.699844
0.699911
0.699844
 0.29999
     0.3
     0.3
0.699931
0.699961
0.699931
0.299998
     0.3
     0.3
0.699983
 0.69999
0.699983
0.3
0.3
0.3
0.7
0.7
0.7
0.3
0.3
0.3
0.7
0.7
0.7
0.3
0.3
0.3
0.7
0.7
0.7
0.3
0.3
0.3
0.7
0.7
0.7
0.3
0.3
0.3
0.7
0.7
0.7
0.3
0.3
0.3
0.7
0.7
0.7
0.3
0.3
0.3
0.7
0.7
0.7
0.3
0.3
0.3
0.7
0.7
0.7
0.3
0.3
0.3
0.7
0.7
0.7
0.3
0.3
0.3
0.7
0.7
0.7
0.3
0.3
0.3
0.7
0.7
0.7
0.3
0.3
0.3
0.7
0.7
0.7
0.3
0.3
0.3
0.7
0.7
0.7
0.3
0.3
0.3
0.7
0.7
0.7
0.3
0.3
0.3
0.7
0.7
0.7
0.3
0.3
0.3
0.7
0.7
0.7
0.3
0.3
0.3
0.7
0.7
0.7
0.3
0.3
0.3
0.7
0.7
0.7
0.3
0.3
0.3
0.7
0.7
0.7
0.3
0.3
0.3
0.7
0.7
0.7
0.3
0.3
0.3
0.7
0.7
0.7
0.3
0.3
0.3
0.7
0.7
0.7
0.3
0.3
0.3
0.7
0.7
0.7
0.3
0.3
0.3
0.7
0.7
0.7
0.3
0.3
0.3
0.7
0.7
0.7
0.3
0.3
0.3
0.7
0.7
0.7
0.3
0.3
0.3
0.7
0.7
0.7
0.3
0.3
0.3
0.7
0.7
0.7
0.3
0.3
0.3
0.7
0.7
0.7
0.3
0.3
0.3
0.7
0.7
0.7
0.3
0.3
0.3
0.7
0.7
0.7
0.3
0.3
0.3
0.7
0.7
0.7
0.3
0.3
0.3
0.7
0.7
0.7
0.3
0.3
0.3
0.7
0.7
0.7
0.3
0.3
0.3
0.7
0.7
0.7
0.3
0.3
0.3
0.7
0.7
0.7
0.3
0.3
0.3
0.7
0.7
0.7
0.3
0.3
0.3
0.7
0.7
0.7
0.3
0.3
0.3
0.7
0.7
0.7
0.3
0.3
0.3
0.7
0.7
0.7
0.3
0.3
0.3
0.7
0.7
0.7
0.3
0.3
0.3
0.7
0.7
0.7
0.3
0.3
0.3
0.7
0.7
0.7
0.3
0.3
0.3
0.7
0.7
0.7
0.3
0.3
0.3
0.7
0.7
0.7
0.3
0.3
0.3
0.7
0.7
0.7
0.3
0.3
0.3
0.7
0.7
0.7
0.3
0.3
0.3
0.7
0.7
0.7
0.3
0.3
0.3
0.7
0.7
0.7
0.3
0.3
0.3
0.7
0.7
0.7
0.3
0.3
0.3
0.7
0.7
0.7
0.3
0.3
0.3
0.7
0.7
0.7
0.3
0.3
0.3
0.7
0.7
0.7
0.3
0.3
0.3
0.7
0.7
0.7
0.3
0.3
0.3
0.7
0.7
0.7
0.3
0.3
0.3
0.7
0.7
0.7
0.3
0.3
0.3
0.7
0.7
0.7
0.3
0.3
0.3
0.7
0.7
0.7
0.3
0.3
0.3
0.7
0.7
0.7
0.3
0.3
0.3
0.7
0.7
0.7
0.3
0.3
0.3
0.7
0.7
0.7
0.3
0.3
0.3
0.7
0.7
0.7
0.3
0.3
0.3
0.7
0.7
0.7
0.3
0.3
0.3
0.7
0.7
0.7
0.3
0.3
0.3
0.7
0.7
0.7
0.3
0.3
0.3
0.7
0.7
0.7
0.3
0.3
0.3
0.7
0.7
0.7
0.3
0.3
0.3
0.7
0.7
0.7
0.3
0.3
0.3
0.7
0.7
0.7
0.3
0.3
0.3
0.7
0.7
0.7
0.3
0.3
0.3
0.7
0.7
0.7
0.3
0.3
0.3
0.7
0.7
0.7
0.3
0.3
0.3
0.7
0.7
0.7
0.3
0.3
0.3
0.7
0.7
0.7
0.3
0.3
0.3
0.7
0.7
0.7
0.3
0.3
0.3
0.7
0.7
0.7
0.3
0.3
0.3
0.7
0.7
0.7
0.3
0.3
0.3
0.7
0.7
0.7
0.3
0.3
0.3
0.7
0.7
0.7
0.3
0.3
0.3
0.7
0.7
0.7
0.3
0.3
0.3
0.7
0.7
0.7
0.3
0.3
0.3
0.7
0.7
0.7
0.3
0.3
0.3
0.7
0.7
0.7
0.3
0.3
0.3
0.7
0.7
0.7
0.3
0.3
0.3
0.7
0.7
0.7
0.3
0.3
0.3
0.7
0.7
0.7
0.3
0.3
0.3
0.7
0.7
0.7
0.3
0.3
0.3
0.7
0.7
0.7
0.3
0.3
0.3
0.7
0.7
0.7
0.3
0.3
0.3
0.7
0.7
0.7
0.3
0.3
0.3
0.7
0.7
0.7
0.3
0.3
0.3
0.7
0.7
0.7
0.3
0.3
0.3
0.7
0.7
0.7
0.3
0.3
0.3
0.7
0.7
0.7
0.3
0.3
0.3
0.7
0.7
0.7
0.3
0.3
0.3
0.7
0.7
0.7
0.3
0.3
0.3
0.7
0.7
0.7
0.3
0.3
0.3
0.7
0.7
0.7
0.3
0.3
0.3
0.7
0.7
0.7
0.3
0.3
0.3
0.7
0.7
0.7
0.3
0.3
0.3
0.7
0.7
0.7
0.3
0.3
0.3
0.7
0.7
0.7
0.3
0.3
0.3
0.7
0.7
0.7
0.3
0.3
0.3
0.7
0.7
0.7
0.3
0.3
0.3
0.7
0.7
0.7
0.3
0.3
0.3
0.7
0.7
0.7
0.3
0.3
0.3
0.7
0.7
0.7
0.3
0.3
0.3
0.7
0.7
0.7
0.3
0.3
0.3
0.7
0.7
0.7
0.3
0.3
0.3
0.7
0.7
0.7
0.3
0.3
0.3
0.7
0.7
0.7
0.3
0.3
0.3
0.7
0.7
0.7
0.3
0.3
0.3
0.7
0.7
0.7
0.3
0.3
0.3
0.7
0.7
0.7
0.3
0.3
0.3
0.7
0.7
0.7
0.3
0.3
0.3
0.7
0.7
0.7
0.3
0.3
0.3
0.7
0.7
0.7
0.3
0.3
0.3
0.7
0.7
0.7
0.3
0.3
0.3
0.7
0.7
0.7
0.3
0.3
0.3
0.7
0.7
0.7
0.3
0.3
0.3
0.7
0.7
0.7
0.3
0.3
0.3
0.7
0.7
0.7
0.3
0.3
0.3
0.7
0.7
0.7
0.3
0.3
0.3
0.7
0.7
0.7
0.3
0.3
0.3
0.7
0.7
0.7
0.3
0.3
0.3
0.7
0.7
0.7
0.3
0.3
0.3
0.7
0.7
0.7
0.3
0.3
0.3
0.7
0.7
0.7
0.3
0.3
0.3
0.7
0.7
0.7
0.3
0.3
0.3
0.7
0.7
0.7
0.3
0.3
0.3
0.7
0.7
0.7
0.3
0.3
0.3
0.7
0.7
0.7
0.3
0.3
0.3
0.7
0.7
0.7
0.3
0.3
0.3
0.7
0.7
0.7
0.3
0.3
0.3
0.7
0.7
0.7
0.3
0.3
0.3
0.7
0.7
0.7
0.3
0.3
0.3
0.7
0.7
0.7
0.3
0.3
0.3
0.7
0.7
0.7
0.3
0.3
0.3
0.7
0.7
0.7
0.3
0.3
0.3
0.7
0.7
0.7
0.3
0.3
0.3
0.7
0.7
0.7
0.3
0.3
0.3
0.7
0.7
0.7
0.3
0.3
0.3
0.7
0.7
0.7
0.3
0.3
0.3
0.7
0.7
0.7
0.3
0.3
0.3
0.7
0.7
0.7
0.3
0.3
0.3
0.7
0.7
0.7
0.3
0.3
0.3
0.7
0.7
0.7
0.3
0.3
0.3
0.7
0.7
0.7
0.3
0.3
0.3
0.7
0.7
0.7
0.3
0.3
0.3
0.7
0.7
0.7
0.3
0.3
0.3
0.7
0.7
0.7
0.3
0.3
0.3
0.7
0.7
0.7
0.3
0.3
0.3
0.7
0.7
0.7
0.3
0.3
0.3
0.7
0.7
0.7
0.3
0.3
0.3
0.7
0.7
0.7
0.3
0.3
0.3
0.7
0.7
0.7
0.3
0.3
0.3
0.7
0.7
0.7
0.3
0.3
0.3
0.7
0.7
0.7
0.3
0.3
0.3
0.7
0.7
0.7
0.3
0.3
0.3
0.7
0.7
0.7
0.3
0.3
0.3
0.7
0.7
0.7
0.3
0.3
0.3
0.7
0.7
0.7
0.3
0.3
0.3
0.7
0.7
0.7
0.3
0.3
0.3
0.7
0.7
0.7
0.3
0.3
0.3
0.7
0.7
0.7
0.3
0.3
0.3
0.7
0.7
0.7
0.3
0.3
0.3
0.7
0.7
0.7
0.3
0.3
0.3
0.7
0.7
0.7
0.3
0.3
0.3
0.7
0.7
0.7
0.3
0.3
0.3
0.7
0.7
0.7
0.3
0.3
0.3
0.7
0.7
0.7
0.3
0.3
0.3
0.7
0.7
0.7
0.3
0.3
0.3
0.7
0.7
0.7
0.3
0.3
0.3
0.7
0.7
0.7
0.3
0.3
0.3
0.7
0.7
0.7
0.3
0.3
0.3
0.7
0.7
0.7
0.3
0.3
0.3
0.7
0.7
0.7
0.3
0.3
0.3
0.7
0.7
0.7
0.3
0.3
0.3
0.7
0.7
0.7
0.3
0.3
0.3
0.7
0.7
0.7
0.3
0.3
0.3
0.7
0.7
0.7
0.3
0.3
0.3
0.7
0.7
0.7
0.3
0.3
0.3
0.7
0.7
0.7
0.3
0.3
0.3
0.7
0.7
0.7
0.3
0.3
0.3
0.7
0.7
0.7
0.3
0.3
0.3
0.7
0.7
0.7
0.3
0.3
0.3
0.7
0.7
0.7
0.3
0.3
0.3
0.7
0.7
0.7
0.3
0.3
0.3
0.7
0.7
0.7
0.3
0.3
0.3
0.7
0.7
0.7
0.3
0.3
0.3
0.7
0.7
0.7
0.3
0.3
0.3
0.7
0.7
0.7
0.3
0.3
0.3
0.7
0.7
0.7
0.3
0.3
0.3
0.7
0.7
0.7
0.3
0.3
0.3
0.7
0.7
0.7
0.3
0.3
0.3
0.7
0.7
0.7
0.3
0.3
0.3
0.7
0.7
0.7
0.3
0.3
0.3
0.7
0.7
0.7
0.3
0.3
0.3
0.7
0.7
0.7
0.3
0.3
0.3
0.7
0.7
0.7
0.3
0.3
0.3
0.7
0.7
0.7
0.3
0.3
0.3
0.7
0.7
0.7
0.3
0.3
0.3
0.7
0.7
0.7
0.3
0.3
0.3
0.7
0.7
0.7
0.3
0.3
0.3
0.7
0.7
0.7
0.3
0.3
0.3
0.7
0.7
0.7
0.3
0.3
0.3
0.7
0.7
0.7
0.3
0.3
0.3
0.7
0.7
0.7
0.3
0.3
0.3
0.7
0.7
0.7
0.3
0.3
0.3
0.7
0.7
0.7
0.3
0.3
0.3
0.7
0.7
0.7
0.3
0.3
0.3
0.7
0.7
0.7
0.3
0.3
0.3
0.7
0.7
0.7
0.3
0.3
0.3
0.7
0.7
0.7
0.3
0.3
0.3
0.7
0.7
0.7
0.3
0.3
0.3
0.7
0.7
0.7
0.3
0.3
0.3
0.7
0.7
0.7
0.3
0.3
0.3
0.7
0.7
0.7
0.3
0.3
0.3
0.7
0.7
0.7
0.3
0.3
0.3
0.7
0.7
0.7
0.3
0.3
0.3
0.7
0.7
0.7
0.3
0.3
0.3
0.7
0.7
0.7
0.3
0.3
0.3
0.7
0.7
0.7
0.3
0.3
0.3
0.7
0.7
0.7
0.3
0.3
0.3
0.7
0.7
0.7
0.3
0.3
0.3
0.7
0.7
0.7
0.3
0.3
0.3
0.7
0.7
0.7
0.3
0.3
0.3
0.7
0.7
0.7
0.3
0.3
0.3
0.7
0.7
0.7
0.3
0.3
0.3
0.7
0.7
0.7
0.3
0.3
0.3
0.7
0.7
0.7
0.3
0.3
0.3
0.7
0.7
0.7
0.3
0.3
0.3
0.7
0.7
0.7
0.3
0.3
0.3
0.7
0.7
0.7
0.3
0.3
0.3
0.7
0.7
0.7
0.3
0.3
0.3
0.7
0.7
0.7
0.3
0.3
0.3
0.7
0.7
0.7
0.3
0.3
0.3
0.7
0.7
0.7
0.3
0.3
0.3
0.7
0.7
0.7
0.3
0.3
0.3
0.7
0.7
0.7
0.3
0.3
0.3
0.7
0.7
0.7
0.3
0.3
0.3
0.7
0.7
0.7
0.3
0.3
0.3
0.7
0.7
0.7
0.3
0.3
0.3
0.7
0.7
0.7
0.3
0.3
0.3
0.7
0.7
0.7
0.3
0.3
0.3
0.7
0.7
0.7
0.3
0.3
0.3
0.7
0.7
0.7
0.3
0.3
0.3
0.7
0.7
0.7
0.3
0.3
0.3
0.7
0.7
0.7
0.3
0.3
0.3
0.7
0.7
0.7
0.3
0.3
0.3
0.7
0.7
0.7
0.3
0.3
0.3
0.7
0.7
0.7
0.3
0.3
0.3
0.7
0.7
0.7
0.3
0.3
0.3
0.7
0.7
0.7
0.3
0.3
0.3
0.7
0.7
0.7
0.3
0.3
0.3
0.7
0.7
0.7
0.3
0.3
0.3
0.7
0.7
0.7
0.3
0.3
0.3
0.7
0.7
0.7
0.3
0.3
0.3
0.7
0.7
0.7
0.3
0.3
0.3
0.7
0.7
0.7
0.3
0.3
0.3
0.7
0.7
0.7
0.3
0.3
0.3
0.7
0.7
0.7
0.3
0.3
0.3
0.7
0.7
0.7
0.3
0.3
0.3
0.7
0.7
0.7
0.3
0.3
0.3
0.7
0.7
0.7
0.3
0.3
0.3
0.7
0.7
0.7
0.3
0.3
0.3
0.7
0.7
0.7
0.3
0.3
0.3
0.7
0.7
0.7
0.3
0.3
0.3
0.7
0.7
0.7
0.3
0.3
0.3
0.7
0.7
0.7
0.3
0.3
0.3
0.7
0.7
0.7
0.3
0.3
0.3
0.7
0.7
0.7
0.3
0.3
0.3
0.7
0.7
0.7
0.3
0.3
0.3
0.7
0.7
0.7
0.3
0.3
0.3
0.7
0.7
0.7
0.3
0.3
0.3
0.7
0.7
0.7
0.3
0.3
0.3
0.7
0.7
0.7
0.3
0.3
0.3
0.7
0.7
0.7
0.3
0.3
0.3
0.7
0.7
0.7
0.3
0.3
0.3
0.7
0.7
0.7
0.3
0.3
0.3
0.7
0.7
0.7
0.3
0.3
0.3
0.7
0.7
0.7
0.3
0.3
0.3
0.7
0.7
0.7
0.3
0.3
0.3
0.7
0.7
0.7
0.3
0.3
0.3
0.7
0.7
0.7
0.3
0.3
0.3
0.7
0.7
0.7
0.3
0.3
0.3
0.7
0.7
0.7
0.3
0.3
0.3
0.7
0.7
0.7
0.3
0.3
0.3
0.7
0.7
0.7
0.3
0.3
0.3
0.7
0.7
0.7
0.3
0.3
0.3
0.7
0.7
0.7
0.3
0.3
0.3
0.7
0.7
0.7
0.3
0.3
0.3
0.7
0.7
0.7
0.3
0.3
0.3
0.7
0.7
0.7
0.3
0.3
0.3
0.7
0.7
0.7
0.3
0.3
0.3
0.7
0.7
0.7
0.3
0.3
0.3
0.7
0.7
0.7
0.3
0.3
0.3
0.7
0.7
0.7
0.3
0.3
0.3
0.7
0.7
0.7
0.3
0.3
0.3
0.7
0.7
0.7
0.3
0.3
0.3
0.7
0.7
0.7
0.3
0.3
0.3
0.7
0.7
0.7
0.3
0.3
0.3
0.7
0.7
0.7
0.3
0.3
0.3
0.7
0.7
0.7
0.3
0.3
0.3
0.7
0.7
0.7
0.3
0.3
0.3
0.7
0.7
0.7
0.3
0.3
0.3
0.7
0.7
0.7
0.3
0.3
0.3
0.7
0.7
0.7
0.3
0.3
0.3
0.7
0.7
0.7
0.3
0.3
0.3
0.7
0.7
0.7
0.3
0.3
0.3
0.7
0.7
0.7
0.3
0.3
0.3
0.7
0.7
0.7
0.3
0.3
0.3
0.7
0.7
0.7
0.3
0.3
0.3
0.7
0.7
0.7
0.3
0.3
0.3
0.7
0.7
0.7
0.3
0.3
0.3
0.7
0.7
0.7
0.3
0.3
0.3
0.7
0.7
0.7
0.3
0.3
0.3
0.7
0.7
0.7
0.3
0.3
0.3
0.7
0.7
0.7
0.3
0.3
0.3
0.7
0.7
0.7
0.3
0.3
0.3
0.7
0.7
0.7
0.3
0.3
0.3
0.7
0.7
0.7
0.3
0.3
0.3
0.7
0.7
0.7
0.3
0.3
0.3
0.7
0.7
0.7
0.3
0.3
0.3
0.7
0.7
0.7
0.3
0.3
0.3
0.7
0.7
0.7
0.3
0.3
0.3
0.7
0.7
0.7
0.3
0.3
0.3
0.7
0.7
0.7
0.3
0.3
0.3
0.7
0.7
0.7
0.3
0.3
0.3
0.7
0.7
0.7
0.3
0.3
0.3
0.7
0.7
0.7
0.3
0.3
0.3
0.7
0.7
0.7
0.3
0.3
0.3
0.7
0.7
0.7
0.3
0.3
0.3
0.7
0.7
0.7
0.3
0.3
0.3
0.7
0.7
0.7
0.3
0.3
0.3
0.7
0.7
0.7
0.3
0.3
0.3
0.7
0.7
0.7
0.3
0.3
0.3
0.7
0.7
0.7
0.3
0.3
0.3
0.7
0.7
0.7
0.3
0.3
0.3
0.7
0.7
0.7
0.3
0.3
0.3
0.7
0.7
0.7
0.3
0.3
0.3
0.7
0.7
0.7
0.3
0.3
0.3
0.7
0.7
0.7
0.3
0.3
0.3
0.7
0.7
0.7
0.3
0.3
0.3
0.7
0.7
0.7
0.3
0.3
0.3
0.7
0.7
0.7
0.3
0.3
0.3
0.7
0.7
0.7
0.3
0.3
0.3
0.7
0.7
0.7
0.3
0.3
0.3
0.7
0.7
0.7
0.3
0.3
0.3
0.7
0.7
0.7
0.3
0.3
0.3
0.7
0.7
0.7
0.3
0.3
0.3
0.7
0.7
0.7
0.3
0.3
0.3
0.7
0.7
0.7
0.3
0.3
0.3
0.7
0.7
0.7
0.3
0.3
0.3
0.7
0.7
0.7
0.3
0.3
0.3
0.7
0.7
0.7
0.3
0.3
0.3
0.7
0.7
0.7
0.3
0.3
0.3
0.7
0.7
0.7
0.3
0.3
0.3
0.7
0.7
0.7
0.3
0.3
0.3
0.7
0.7
0.7
0.3
0.3
0.3
0.7
0.7
0.7
0.3
0.3
0.3
0.7
0.7
0.7
0.3
0.3
0.3
0.7
0.7
0.7
0.3
0.3
0.3
0.7
0.7
0.7
0.3
0.3
0.3
0.7
0.7
0.7
0.3
0.3
0.3
0.7
0.7
0.7
0.3
0.3
0.3
0.7
0.7
0.7
0.3
0.3
0.3
0.7
0.7
0.7
0.3
0.3
0.3
0.7
0.7
0.7
0.3
0.3
0.3
0.7
0.7
0.7
0.3
0.3
0.3
0.7
0.7
0.7
0.3
0.3
0.3
0.7
0.7
0.7
0.3
0.3
0.3
0.7
0.7
0.7
0.3
0.3
0.3
0.7
0.7
0.7
0.3
0.3
0.3
0.7
0.7
0.7
0.3
0.3
0.3
0.7
0.7
0.7
0.3
0.3
0.3
0.7
0.7
0.7
0.3
0.3
0.3
0.7
0.7
0.7
0.3
0.3
0.3
0.7
0.7
0.7
0.3
0.3
0.3
0.7
0.7
0.7
0.3
0.3
0.3
0.7
0.7
0.7
0.3
0.3
0.3
0.7
0.7
0.7
0.3
0.3
0.3
0.7
0.7
0.7
0.3
0.3
0.3
0.7
0.7
0.7
0.3
0.3
0.3
0.7
0.7
0.7
0.3
0.3
0.3
0.7
0.7
0.7
0.3
0.3
0.3
0.7
0.7
0.7
0.3
0.3
0.3
0.7
0.7
0.7
0.3
0.3
0.3
0.7
0.7
0.7
0.3
0.3
0.3
0.7
0.7
0.7
0.3
0.3
0.3
0.7
0.7
0.7
0.3
0.3
0.3
0.7
0.7
0.7
0.3
0.3
0.3
0.7
0.7
0.7
0.3
0.3
0.3
0.7
0.7
0.7
0.3
0.3
0.3
0.7
0.7
0.7
0.3
0.3
0.3
0.7
0.7
0.7
0.3
0.3
0.3
0.7
0.7
0.7
0.3
0.3
0.3
0.7
0.7
0.7
0.3
0.3
0.3
0.7
0.7
0.7
0.3
0.3
0.3
0.7
0.7
0.7
0.3
0.3
0.3
0.7
0.7
0.7
0.3
0.3
0.3
0.7
0.7
0.7
0.3
0.3
0.3
0.7
0.7
0.7
0.3
0.3
0.3
0.7
0.7
0.7
0.3
0.3
0.3
0.7
0.7
0.7
0.3
0.3
0.3
0.7
0.7
0.7
0.3
0.3
0.3
0.7
0.7
0.7
0.3
0.3
0.3
0.7
0.7
0.7
0.3
0.3
0.3
0.7
0.7
0.7
0.3
0.3
0.3
0.7
0.7
0.7
0.3
0.3
0.3
0.7
0.7
0.7
0.3
0.3
0.3
0.7
0.7
0.7
0.3
0.3
0.3
0.7
0.7
0.7
0.3
0.3
0.3
0.7
0.7
0.7
0.3
0.3
0.3
0.7
0.7
0.7
0.3
0.3
0.3
0.7
0.7
0.7
0.3
0.3
0.3
0.7
0.7
0.7
0.3
0.3
0.3
0.7
0.7
0.7
0.3
0.3
0.3
0.7
0.7
0.7
0.3
0.3
0.3
0.7
0.7
0.7
0.3
0.3
0.3
0.7
0.7
0.7
0.3
0.3
0.3
0.7
0.7
0.7
0.3
0.3
0.3
0.7
0.7
0.7
0.3
0.3
0.3
0.7
0.7
0.7
0.3
0.3
0.3
0.7
0.7
0.7
0.3
0.3
0.3
0.7
0.7
0.7
0.3
0.3
0.3
0.7
0.7
0.7
0.3
0.3
0.3
0.7
0.7
0.7
0.3
0.3
0.3
0.7
0.7
0.7
0.3
0.3
0.3
0.7
0.7
0.7
0.3
0.3
0.3
0.7
0.7
0.7
0.3
0.3
0.3
0.7
0.7
0.7
0.3
0.3
0.3
0.7
0.7
0.7
0.3
0.3
0.3
0.7
0.7
0.7
0.3
0.3
0.3
0.7
0.7
0.7
0.3
0.3
0.3
0.7
0.7
0.7
0.3
0.3
0.3
0.7
0.7
0.7
0.3
0.3
0.3
0.7
0.7
0.7
