 0.230469
0.0211416
 0.739773
  2.01977
 0.205813
 0.325861
 0.230469
0.0211416
 0.739773
  2.01977
 0.205813
 0.325861
 0.230469
0.0211416
 0.739773
  2.01977
 0.205813
 0.325861
 0.230469
0.0211416
 0.739773
  2.01977
 0.205813
 0.325861
 0.230469
0.0211416
 0.739773
  2.01977
 0.205813
 0.325861
 0.230413
0.0213811
 0.739159
  2.01941
 0.205707
 0.326211
 0.230413
0.0213811
 0.739159
  2.01941
 0.205707
 0.326211
 0.230242
0.0219924
 0.737713
  2.01858
 0.205439
 0.327033
 0.230242
0.0219924
 0.737713
  2.01858
 0.205439
 0.327033
 0.229886
0.0230308
 0.735404
  2.01734
 0.205224
 0.328142
 0.229886
0.0230308
 0.735404
  2.01734
 0.205224
 0.328142
 0.229301
0.0245255
  0.73222
   2.0158
 0.205227
 0.329369
 0.229301
0.0245255
  0.73222
   2.0158
 0.205227
 0.329369
 0.228666
0.0263198
  0.72823
  2.01394
 0.205262
 0.330685
 0.228666
0.0263198
  0.72823
  2.01394
 0.205262
 0.330685
0.227624
 0.02869
0.723299
 2.01194
0.205699
0.331913
0.227624
 0.02869
0.723299
 2.01194
0.205699
0.331913
  0.22634
0.0315051
 0.717424
  2.00978
 0.206788
 0.332619
  0.22634
0.0315051
 0.717424
  2.00978
 0.206788
 0.332619
 0.224879
0.0346898
  0.71066
  2.00746
 0.208331
 0.332939
 0.224879
0.0346898
  0.71066
  2.00746
 0.208331
 0.332939
 0.223297
0.0381807
  0.70306
  2.00501
 0.210069
 0.333069
 0.223297
0.0381807
  0.70306
  2.00501
 0.210069
 0.333069
 0.221632
0.0419417
  0.69464
  2.00244
 0.211921
 0.333036
 0.221632
0.0419417
  0.69464
  2.00244
 0.211921
 0.333036
 0.219898
0.0459692
 0.685373
  1.99975
 0.214168
 0.332557
 0.219898
0.0459692
 0.685373
  1.99975
 0.214168
 0.332557
 0.218106
0.0502512
 0.675265
  1.99696
   0.2169
  0.33155
 0.218106
0.0502512
 0.675265
  1.99696
   0.2169
  0.33155
 0.216254
0.0548014
  0.66427
  1.99406
  0.22037
 0.329729
 0.216254
0.0548014
  0.66427
  1.99406
  0.22037
 0.329729
 0.214357
0.0595906
 0.652443
  1.99108
 0.224327
 0.327356
 0.214357
0.0595906
 0.652443
  1.99108
 0.224327
 0.327356
 0.212425
0.0646085
 0.639796
  1.98805
 0.228698
 0.324501
 0.212425
0.0646085
 0.639796
  1.98805
 0.228698
 0.324501
  0.21047
0.0698249
 0.626398
  1.98498
 0.233178
 0.321501
  0.21047
0.0698249
 0.626398
  1.98498
 0.233178
 0.321501
  0.21047
0.0698249
 0.626398
  1.98498
 0.233178
 0.321501
 0.208481
0.0752626
 0.612197
  1.98194
 0.238795
  0.31719
 0.206594
0.0805952
 0.598036
  1.97928
 0.244694
 0.312259
 0.206594
0.0805952
 0.598036
  1.97928
 0.244694
 0.312259
0.204814
0.085858
0.583871
 1.97677
0.251082
 0.30656
0.204814
0.085858
0.583871
 1.97677
0.251082
 0.30656
 0.203156
0.0910135
 0.569849
  1.97485
  0.25776
 0.300145
 0.203156
0.0910135
 0.569849
  1.97485
  0.25776
 0.300145
 0.201576
0.0961299
 0.555818
  1.97328
 0.265076
 0.292786
 0.201576
0.0961299
 0.555818
  1.97328
 0.265076
 0.292786
0.200071
0.101166
0.541904
 1.97198
0.272312
0.285344
0.200071
0.101166
0.541904
 1.97198
0.272312
0.285344
0.198623
0.106156
0.528036
 1.97092
0.279699
0.277601
0.198623
0.106156
0.528036
 1.97092
0.279699
0.277601
0.197229
0.111083
0.514276
 1.97005
0.286926
0.269937
0.197229
0.111083
0.514276
 1.97005
0.286926
0.269937
0.197229
0.111083
0.514276
 1.97005
0.286926
0.269937
0.195865
0.115999
0.500482
 1.96937
 0.29464
0.261658
0.194523
0.120907
0.486647
 1.96884
0.302874
0.252746
0.194523
0.120907
0.486647
 1.96884
0.302874
0.252746
0.193195
0.125805
0.472766
 1.96838
0.311464
0.243387
0.193195
0.125805
0.472766
 1.96838
0.311464
0.243387
0.191908
0.130631
0.459054
  1.9681
0.319513
0.234615
0.191908
0.130631
0.459054
  1.9681
0.319513
0.234615
0.190643
0.135435
0.445372
 1.96792
0.327539
0.225858
0.190643
0.135435
0.445372
 1.96792
0.327539
0.225858
0.189403
0.140194
0.431781
 1.96782
0.335298
0.217386
0.189403
0.140194
0.431781
 1.96782
0.335298
0.217386
0.188178
0.144934
0.418211
 1.96779
0.343121
0.208836
0.188178
0.144934
0.418211
 1.96779
0.343121
0.208836
0.186953
0.149699
0.404522
 1.96788
0.351692
 0.19945
0.186953
0.149699
0.404522
 1.96788
0.351692
 0.19945
0.185739
 0.15444
0.390848
 1.96806
0.360344
0.189974
0.185739
 0.15444
0.390848
 1.96806
0.360344
0.189974
0.184584
0.159027
0.377593
 1.96843
0.368706
0.180683
0.184584
0.159027
0.377593
 1.96843
0.368706
0.180683
0.183549
0.163332
0.365164
  1.9692
0.377128
   0.171
0.183549
0.163332
0.365164
  1.9692
0.377128
   0.171
0.182769
0.167516
0.353646
 1.97001
0.385325
0.161266
0.182769
0.167516
0.353646
 1.97001
0.385325
0.161266
0.181943
0.171305
0.342924
 1.97162
0.393451
0.151358
0.181943
0.171305
0.342924
 1.97162
0.393451
0.151358
0.181307
0.174739
0.333018
   1.973
0.401527
0.141311
0.181307
0.174739
0.333018
   1.973
0.401527
0.141311
0.180736
0.177945
0.323924
 1.97472
0.409493
0.131224
0.180736
0.177945
0.323924
 1.97472
0.409493
0.131224
0.180254
0.180908
0.315553
 1.97659
0.417694
0.120755
0.180254
0.180908
0.315553
 1.97659
0.417694
0.120755
0.179867
 0.18358
0.308039
 1.97849
0.425461
0.110658
0.179867
 0.18358
0.308039
 1.97849
0.425461
0.110658
0.181695
0.188399
0.302479
 1.98441
0.436698
 0.10926
0.181695
0.188399
0.302479
 1.98441
0.436698
 0.10926
0.184022
0.193395
0.297884
 1.99112
0.448048
0.110002
0.184022
0.193395
0.297884
 1.99112
0.448048
0.110002
 0.18603
 0.19766
 0.29381
 1.99657
0.457894
0.108317
 0.18603
 0.19766
 0.29381
 1.99657
0.457894
0.108317
 0.18771
0.201164
0.290343
 2.00063
0.465961
0.104207
 0.18771
0.201164
0.290343
 2.00063
0.465961
0.104207
 0.189093
 0.203963
 0.287479
  2.00351
 0.472704
0.0979878
 0.189093
 0.203963
 0.287479
  2.00351
 0.472704
0.0979878
 0.190189
 0.206067
 0.285247
  2.00539
 0.478266
0.0902075
 0.190189
 0.206067
 0.285247
  2.00539
 0.478266
0.0902075
 0.190991
 0.207456
   0.2837
  2.00642
 0.482743
0.0812222
 0.190991
 0.207456
   0.2837
  2.00642
 0.482743
0.0812222
 0.191514
 0.208162
 0.282828
  2.00677
  0.48635
0.0713306
 0.191514
 0.208162
 0.282828
  2.00677
  0.48635
0.0713306
0.191764
0.208199
0.282633
 2.00658
 0.48921
0.060781
0.191764
0.208199
0.282633
 2.00658
 0.48921
0.060781
  0.19196
 0.208011
 0.282638
  2.00634
 0.491579
0.0511577
  0.19196
 0.208011
 0.282638
  2.00634
 0.491579
0.0511577
 0.192205
 0.207781
  0.28264
  2.00627
 0.493689
0.0431889
 0.192205
 0.207781
  0.28264
  2.00627
 0.493689
0.0431889
 0.192433
 0.207439
 0.282736
  2.00623
 0.495468
0.0363731
 0.192433
 0.207439
 0.282736
  2.00623
 0.495468
0.0363731
0.192713
0.207061
0.282823
 2.00635
0.497098
0.030876
0.192713
0.207061
0.282823
 2.00635
0.497098
0.030876
 0.193024
 0.206622
 0.282932
  2.00654
 0.498599
0.0264516
 0.193024
 0.206622
 0.282932
  2.00654
 0.498599
0.0264516
 0.193365
 0.206121
 0.283064
  2.00664
 0.500038
0.0230265
 0.193365
 0.206121
 0.283064
  2.00664
 0.500038
0.0230265
 0.193731
 0.205562
  0.28322
   2.0068
 0.501373
0.0202964
 0.193731
 0.205562
  0.28322
   2.0068
 0.501373
0.0202964
 0.194125
 0.204943
 0.283399
   2.0069
 0.502649
0.0182254
 0.194125
 0.204943
 0.283399
   2.0069
 0.502649
0.0182254
 0.194521
 0.204287
 0.283601
  2.00692
 0.504013
0.0167155
 0.194521
 0.204287
 0.283601
  2.00692
 0.504013
0.0167155
 0.194995
 0.203521
 0.283826
  2.00679
 0.505182
0.0157912
 0.194995
 0.203521
 0.283826
  2.00679
 0.505182
0.0157912
0.195469
 0.20272
0.284073
 2.00652
0.506438
0.015298
0.195469
 0.20272
0.284073
 2.00652
0.506438
0.015298
 0.195969
 0.201856
 0.284344
  2.00588
 0.507766
0.0152476
 0.195969
 0.201856
 0.284344
  2.00588
 0.507766
0.0152476
 0.196496
 0.200929
 0.284637
  2.00515
 0.509165
0.0157647
 0.196496
 0.200929
 0.284637
  2.00515
 0.509165
0.0157647
 0.197041
 0.199948
 0.284951
  2.00438
 0.510525
0.0163656
 0.197041
 0.199948
 0.284951
  2.00438
 0.510525
0.0163656
 0.197609
 0.198906
 0.285286
  2.00341
 0.511923
0.0172313
 0.197609
 0.198906
 0.285286
  2.00341
 0.511923
0.0172313
 0.198502
  0.19723
  0.28583
  2.00142
  0.51414
0.0191471
 0.198502
  0.19723
  0.28583
  2.00142
  0.51414
0.0191471
 0.198814
 0.196634
 0.286023
  2.00057
 0.514989
0.0200272
 0.198814
 0.196634
 0.286023
  2.00057
 0.514989
0.0200272
 0.199437
 0.195425
 0.286417
  1.99897
  0.51644
0.0215611
 0.199437
 0.195425
 0.286417
  1.99897
  0.51644
0.0215611
 0.200089
 0.194139
 0.286838
  1.99723
 0.518095
0.0233786
 0.200089
 0.194139
 0.286838
  1.99723
 0.518095
0.0233786
 0.200758
 0.192793
 0.287278
  1.99481
 0.519821
0.0256353
 0.200758
 0.192793
 0.287278
  1.99481
 0.519821
0.0256353
 0.201443
 0.191387
 0.287737
  1.99223
 0.521654
0.0281095
 0.201443
 0.191387
 0.287737
  1.99223
 0.521654
0.0281095
 0.202144
 0.189923
 0.288215
  1.98943
 0.523558
0.0307705
 0.202144
 0.189923
 0.288215
  1.98943
 0.523558
0.0307705
  0.20286
   0.1884
 0.288712
  1.98638
  0.52553
0.0336082
  0.20286
   0.1884
 0.288712
  1.98638
  0.52553
0.0336082
 0.205048
 0.188202
 0.289806
  1.98626
 0.529275
0.0421369
 0.205048
 0.188202
 0.289806
  1.98626
 0.529275
0.0421369
 0.207585
 0.188226
  0.29104
  1.98659
 0.533442
0.0520696
 0.207585
 0.188226
  0.29104
  1.98659
 0.533442
0.0520696
 0.210218
 0.188254
 0.292324
  1.98625
 0.537631
0.0619831
 0.210218
 0.188254
 0.292324
  1.98625
 0.537631
0.0619831
 0.212941
 0.188283
 0.293657
  1.98532
  0.54173
0.0714794
 0.212941
 0.188283
 0.293657
  1.98532
  0.54173
0.0714794
 0.215754
 0.188312
  0.29504
  1.98388
 0.545757
0.0805904
 0.215754
 0.188312
  0.29504
  1.98388
 0.545757
0.0805904
 0.218657
 0.188341
 0.296473
  1.98203
 0.549734
0.0894408
 0.218657
 0.188341
 0.296473
  1.98203
 0.549734
0.0894408
  0.22165
  0.18837
 0.297956
  1.97964
   0.5537
0.0980356
  0.22165
  0.18837
 0.297956
  1.97964
   0.5537
0.0980356
0.224733
0.188401
0.299488
 1.97692
0.557663
0.106529
0.224733
0.188401
0.299488
 1.97692
0.557663
0.106529
0.227892
0.188432
0.301063
 1.97412
0.561547
0.114696
0.227892
0.188432
0.301063
 1.97412
0.561547
0.114696
0.231141
0.188464
0.302688
 1.97099
 0.56546
0.122843
0.231141
0.188464
0.302688
 1.97099
 0.56546
0.122843
0.234457
0.188498
0.304351
 1.96712
 0.56946
 0.13126
0.234457
0.188498
0.304351
 1.96712
 0.56946
 0.13126
0.237787
0.188534
0.306026
 1.96232
0.573461
0.139847
0.237787
0.188534
0.306026
 1.96232
0.573461
0.139847
0.241084
0.188575
0.307692
 1.95754
0.577147
0.147692
0.241084
0.188575
0.307692
 1.95754
0.577147
0.147692
0.244379
0.188619
0.309362
 1.95235
0.580722
 0.15534
0.244379
0.188619
0.309362
 1.95235
0.580722
 0.15534
0.247686
0.188668
0.311045
 1.94647
0.584334
0.163193
0.247686
0.188668
0.311045
 1.94647
0.584334
0.163193
0.251006
0.188719
 0.31274
 1.93998
0.588003
0.171283
0.251006
0.188719
 0.31274
 1.93998
0.588003
0.171283
0.254309
0.188775
0.314432
 1.93352
0.591522
0.178994
0.254309
0.188775
0.314432
 1.93352
0.591522
0.178994
0.257609
0.188834
0.316128
  1.9269
0.594982
0.186575
0.257609
0.188834
0.316128
  1.9269
0.594982
0.186575
0.260907
0.188897
 0.31783
 1.92039
0.598305
0.193795
0.260907
0.188897
 0.31783
 1.92039
0.598305
0.193795
0.264203
0.188964
0.319535
 1.91347
0.601699
 0.20125
0.264203
0.188964
0.319535
 1.91347
0.601699
 0.20125
0.267482
0.189034
0.321238
 1.90666
0.604983
0.208421
0.267482
0.189034
0.321238
 1.90666
0.604983
0.208421
0.270758
0.189108
0.322945
 1.89977
0.608246
0.215555
0.270758
0.189108
0.322945
 1.89977
0.608246
0.215555
0.274064
0.189185
0.324672
 1.89249
0.611605
0.222986
0.274064
0.189185
0.324672
 1.89249
0.611605
0.222986
0.277352
0.189266
0.326396
 1.88538
0.614863
0.230142
0.277352
0.189266
0.326396
 1.88538
0.614863
0.230142
0.280638
 0.18935
0.328124
 1.87796
0.618209
0.237552
0.280638
 0.18935
0.328124
 1.87796
0.618209
0.237552
 0.28392
0.189451
0.329863
 1.87072
 0.62144
0.244672
 0.28392
0.189451
0.329863
 1.87072
 0.62144
0.244672
0.287203
0.189541
0.331599
 1.86321
0.624771
0.252055
0.287203
0.189541
0.331599
 1.86321
0.624771
0.252055
0.290483
0.189634
0.333339
 1.85564
0.628107
0.259451
0.290483
0.189634
0.333339
 1.85564
0.628107
0.259451
0.293747
 0.18973
0.335074
 1.84834
0.631331
0.266526
0.293747
 0.18973
0.335074
 1.84834
0.631331
0.266526
0.297024
0.189828
 0.33682
 1.84076
0.634643
0.273856
0.297024
0.189828
 0.33682
 1.84076
0.634643
0.273856
0.300299
 0.18993
0.338571
 1.83314
0.637959
0.281203
0.300299
 0.18993
0.338571
 1.83314
0.637959
0.281203
0.303557
0.190033
0.340316
 1.82579
0.641165
0.288235
0.303557
0.190033
0.340316
 1.82579
0.641165
0.288235
0.306843
 0.19014
 0.34208
  1.8179
0.644563
0.295816
0.306843
 0.19014
 0.34208
  1.8179
0.644563
0.295816
0.310098
0.190248
0.343832
 1.81051
0.647765
0.302842
0.310098
0.190248
0.343832
 1.81051
0.647765
0.302842
0.310098
0.190248
0.343832
 1.81051
0.647765
0.302842
0.313381
 0.19036
0.345602
 1.80262
0.651147
0.310376
0.316662
0.190473
0.347374
  1.7947
0.654536
0.317932
0.316662
0.190473
0.347374
  1.7947
0.654536
0.317932
0.319943
0.190588
 0.34915
  1.7868
0.657942
0.325449
0.319943
0.190588
 0.34915
  1.7868
0.657942
0.325449
0.323204
0.190705
0.350918
 1.77923
 0.66119
0.332589
0.323204
0.190705
0.350918
 1.77923
 0.66119
0.332589
0.326462
0.190824
0.352689
  1.7717
0.664412
 0.33967
0.326462
0.190824
0.352689
  1.7717
0.664412
 0.33967
0.329703
0.190944
0.354452
 1.76443
0.667528
0.346462
0.329703
0.190944
0.354452
 1.76443
0.667528
0.346462
0.332942
0.191066
0.356218
 1.75714
 0.67064
0.353263
0.332942
0.191066
0.356218
 1.75714
 0.67064
0.353263
 0.33621
0.191189
   0.358
 1.74926
 0.67397
0.360692
 0.33621
0.191189
   0.358
 1.74926
 0.67397
0.360692
0.339444
0.191314
0.359768
 1.74181
0.676986
0.367507
0.339444
0.191314
0.359768
 1.74181
0.676986
0.367507
0.342677
 0.19144
0.361537
 1.73419
0.680304
0.374715
0.342677
 0.19144
0.361537
 1.73419
0.680304
0.374715
0.345824
0.191568
0.363266
  1.7262
0.683351
0.381726
0.345824
0.191568
0.363266
  1.7262
0.683351
0.381726
0.348862
0.191699
0.364943
 1.71815
0.686028
0.388216
0.348862
0.191699
0.364943
 1.71815
0.686028
0.388216
 0.35182
0.191832
0.366583
 1.70965
0.688606
0.394762
 0.35182
0.191832
0.366583
 1.70965
0.688606
0.394762
 0.35467
0.191968
0.368171
 1.70123
0.690921
0.400881
 0.35467
0.191968
0.368171
 1.70123
0.690921
0.400881
0.357452
0.192107
0.369728
 1.69227
0.693238
0.407283
0.357452
0.192107
0.369728
 1.69227
0.693238
0.407283
0.360127
0.192246
0.371233
 1.68351
0.695316
0.413258
0.360127
0.192246
0.371233
 1.68351
0.695316
0.413258
0.362694
0.192387
0.372686
 1.67505
0.697145
0.418754
0.362694
0.192387
0.372686
 1.67505
0.697145
0.418754
0.365168
 0.19253
0.374092
 1.66667
0.698825
0.424042
0.365168
 0.19253
0.374092
 1.66667
0.698825
0.424042
0.367559
0.192674
0.375459
 1.65816
0.700454
0.429374
0.367559
0.192674
0.375459
 1.65816
0.700454
0.429374
0.369856
0.192818
 0.37678
 1.64974
0.701962
 0.43454
0.369856
0.192818
 0.37678
 1.64974
0.701962
 0.43454
0.372059
0.192963
0.378054
 1.64149
 0.70334
  0.4395
0.372059
0.192963
0.378054
 1.64149
 0.70334
  0.4395
0.374167
0.193109
0.379281
 1.63342
0.704589
 0.44425
0.374167
0.193109
0.379281
 1.63342
0.704589
 0.44425
 0.37618
0.193254
 0.38046
 1.62554
0.705713
0.448792
 0.37618
0.193254
 0.38046
 1.62554
0.705713
0.448792
0.378099
  0.1934
0.381592
 1.61786
0.706714
 0.45313
0.378099
  0.1934
0.381592
 1.61786
0.706714
 0.45313
0.379915
0.193544
0.382671
 1.61055
0.707538
0.457106
0.379915
0.193544
0.382671
 1.61055
0.707538
0.457106
0.381636
0.193688
0.383703
 1.60344
0.708247
0.460892
0.381636
0.193688
0.383703
 1.60344
0.708247
0.460892
0.383272
0.193832
0.384691
 1.59641
  0.7089
0.464665
0.383272
0.193832
0.384691
 1.59641
  0.7089
0.464665
 0.38482
0.193975
0.385635
 1.58931
0.709553
  0.4683
 0.38482
0.193975
0.385635
 1.58931
0.709553
  0.4683
 0.38626
0.194116
0.386521
 1.58275
0.709978
 0.47152
 0.38626
0.194116
0.386521
 1.58275
0.709978
 0.47152
0.387605
0.194255
0.387358
 1.57669
0.710189
0.474686
0.387605
0.194255
0.387358
 1.57669
0.710189
0.474686
0.388855
0.194393
0.388147
 1.57068
0.710363
0.477573
0.388855
0.194393
0.388147
 1.57068
0.710363
0.477573
0.390012
0.194529
0.388886
 1.56486
 0.71045
0.480269
0.390012
0.194529
0.388886
 1.56486
 0.71045
0.480269
0.391074
0.194664
0.389576
 1.55925
0.710442
0.482786
0.391074
0.194664
0.389576
 1.55925
0.710442
0.482786
0.392047
0.194796
0.390219
 1.55378
 0.71037
0.485203
0.392047
0.194796
0.390219
 1.55378
 0.71037
0.485203
0.392926
0.194926
0.390811
 1.54855
0.710196
0.487428
0.392926
0.194926
0.390811
 1.54855
0.710196
0.487428
 0.39371
 0.19506
0.391356
 1.54351
0.709941
0.489505
 0.39371
 0.19506
0.391356
 1.54351
0.709941
0.489505
0.394399
0.195175
0.391845
  1.5388
0.709536
0.491253
0.394399
0.195175
0.391845
  1.5388
0.709536
0.491253
0.395016
0.195249
0.392286
 1.53419
0.709046
0.492839
0.395016
0.195249
0.392286
 1.53419
0.709046
0.492839
0.395491
0.195421
0.392677
 1.53004
0.708471
 0.49426
0.395491
0.195421
0.392677
 1.53004
0.708471
 0.49426
0.395891
0.195538
0.393013
 1.52609
0.707769
0.495405
0.395891
0.195538
0.393013
 1.52609
0.707769
0.495405
0.396197
0.195651
0.393299
 1.52236
0.706968
0.496345
0.396197
0.195651
0.393299
 1.52236
0.706968
0.496345
 0.39641
0.195761
0.393535
 1.51884
0.706077
0.497099
 0.39641
0.195761
0.393535
 1.51884
0.706077
0.497099
0.396527
0.195867
0.393717
 1.51556
0.705091
0.497646
0.396527
0.195867
0.393717
 1.51556
0.705091
0.497646
0.396617
   0.196
0.393897
 1.51277
0.704255
0.498025
0.396617
   0.196
0.393897
 1.51277
0.704255
0.498025
0.396702
 0.19617
 0.39409
 1.51053
 0.70366
0.498276
0.396702
 0.19617
 0.39409
 1.51053
 0.70366
0.498276
0.396768
0.196404
  0.3943
  1.5087
0.703343
0.498379
0.396768
0.196404
  0.3943
  1.5087
0.703343
0.498379
0.396856
0.196635
0.394521
 1.50719
0.703121
0.498478
0.396856
0.196635
0.394521
 1.50719
0.703121
0.498478
0.396856
0.196635
0.394521
 1.50719
0.703121
0.498478
0.396929
0.196921
0.394758
 1.50593
0.703066
0.498519
0.397011
0.197223
0.395007
 1.50495
0.703043
 0.49863
0.397011
0.197223
0.395007
 1.50495
0.703043
 0.49863
0.397011
0.197223
0.395007
 1.50495
0.703043
 0.49863
0.397099
0.197552
 0.39527
 1.50431
 0.70295
0.498957
0.397145
0.197975
 0.39555
 1.50358
0.703167
0.499005
0.397145
0.197975
 0.39555
 1.50358
0.703167
0.499005
0.397224
0.198382
0.395841
 1.50284
0.703311
0.499207
0.397224
0.198382
0.395841
 1.50284
0.703311
0.499207
0.397265
0.198879
0.396149
 1.50207
0.703623
0.499303
0.397265
0.198879
0.396149
 1.50207
0.703623
0.499303
0.397318
0.199382
0.396466
 1.50169
0.703776
0.499667
0.397318
0.199382
0.396466
 1.50169
0.703776
0.499667
0.397368
0.199922
0.396796
 1.50101
0.704041
0.499917
0.397368
0.199922
0.396796
 1.50101
0.704041
0.499917
0.397432
0.200473
0.397139
 1.50051
0.704122
0.500489
0.397432
0.200473
0.397139
 1.50051
0.704122
0.500489
0.397457
0.201118
  0.3975
 1.49978
0.704369
0.500951
0.397457
0.201118
  0.3975
 1.49978
0.704369
0.500951
0.397511
0.201746
 0.39787
 1.49904
0.704485
0.501595
0.397511
0.201746
 0.39787
 1.49904
0.704485
0.501595
 0.39753
0.202459
0.398256
 1.49824
0.704717
0.502156
 0.39753
0.202459
0.398256
 1.49824
0.704717
0.502156
0.397574
 0.20317
0.398654
 1.49731
0.704772
0.503017
0.397574
 0.20317
0.398654
 1.49731
0.704772
0.503017
0.397598
0.203939
0.399067
 1.49633
0.704873
0.503865
0.397598
0.203939
0.399067
 1.49633
0.704873
0.503865
0.397645
0.204702
0.399488
 1.49534
0.704846
0.504887
0.397645
0.204702
0.399488
 1.49534
0.704846
0.504887
0.397631
0.205591
 0.39993
 1.49421
0.705038
0.505717
0.397631
0.205591
 0.39993
 1.49421
0.705038
0.505717
 0.39765
0.206465
0.400383
 1.49292
0.705004
0.506911
 0.39765
0.206465
0.400383
 1.49292
0.705004
0.506911
 0.39767
0.207364
0.400847
 1.49164
0.704926
0.508165
 0.39767
0.207364
0.400847
 1.49164
0.704926
0.508165
0.397689
0.208291
0.401322
 1.49036
0.704836
0.509431
0.397689
0.208291
0.401322
 1.49036
0.704836
0.509431
0.397692
 0.20928
0.401814
 1.48888
0.704728
0.510822
0.397692
 0.20928
0.401814
 1.48888
0.704728
0.510822
0.397676
0.210334
0.402324
 1.48715
0.704601
0.512349
0.397676
0.210334
0.402324
 1.48715
0.704601
0.512349
 0.39765
0.211437
0.402849
 1.48531
0.704459
0.513946
 0.39765
0.211437
0.402849
 1.48531
0.704459
0.513946
0.397621
0.212569
0.403385
 1.48349
0.704304
0.515545
0.397621
0.212569
0.403385
 1.48349
0.704304
0.515545
 0.39765
0.213641
0.403925
 1.48175
0.703872
0.517467
 0.39765
0.213641
0.403925
 1.48175
0.703872
0.517467
 0.39762
0.214833
0.404485
 1.47989
0.703646
0.519175
 0.39762
0.214833
0.404485
 1.47989
0.703646
0.519175
 0.39762
0.216009
0.405054
 1.47799
0.703273
0.521084
 0.39762
0.216009
0.405054
 1.47799
0.703273
0.521084
  0.3976
0.217248
0.405639
 1.47594
0.702914
0.523042
  0.3976
0.217248
0.405639
 1.47594
0.702914
0.523042
0.397575
0.218539
0.406244
 1.47354
0.702417
 0.52533
0.397575
0.218539
0.406244
 1.47354
0.702417
 0.52533
0.397548
0.219844
0.406854
 1.47124
 0.70195
0.527507
0.397548
0.219844
0.406854
 1.47124
 0.70195
0.527507
0.397501
0.221881
0.407799
 1.46756
0.701154
 0.53099
0.397501
0.221881
0.407799
 1.46756
0.701154
 0.53099
0.397483
0.222584
0.408123
 1.46627
0.700883
0.532207
0.397483
0.222584
0.408123
 1.46627
0.700883
0.532207
0.397448
0.224011
 0.40878
 1.46362
0.700245
0.534735
0.397448
0.224011
 0.40878
 1.46362
0.700245
0.534735
0.397407
0.225476
0.409452
 1.46094
0.699643
0.537256
0.397407
0.225476
0.409452
 1.46094
0.699643
0.537256
0.397366
0.226986
0.410142
 1.45804
0.698936
0.540029
0.397366
0.226986
0.410142
 1.45804
0.698936
0.540029
0.397319
0.228527
0.410843
 1.45515
0.698249
0.542744
0.397319
0.228527
0.410843
 1.45515
0.698249
0.542744
0.397268
0.230122
0.411566
 1.45186
0.697399
0.545829
0.397268
0.230122
0.411566
 1.45186
0.697399
0.545829
0.397214
0.231747
0.412302
 1.44862
 0.69656
0.548876
0.397214
0.231747
0.412302
 1.44862
 0.69656
0.548876
0.397158
 0.23341
0.413052
 1.44529
0.695689
0.551987
0.397158
 0.23341
0.413052
 1.44529
0.695689
0.551987
0.397099
0.235102
0.413815
 1.44204
0.694847
0.555023
0.397099
0.235102
0.413815
 1.44204
0.694847
0.555023
0.397037
0.236833
0.414593
 1.43869
0.693962
0.558146
0.397037
0.236833
0.414593
 1.43869
0.693962
0.558146
0.396973
0.238611
0.415391
 1.43506
0.692955
0.561541
0.396973
0.238611
0.415391
 1.43506
0.692955
0.561541
0.396905
0.240438
0.416209
 1.43113
0.691825
0.565211
0.396905
0.240438
0.416209
 1.43113
0.691825
0.565211
0.396836
0.242284
0.417035
 1.42745
0.690799
0.568631
0.396836
0.242284
0.417035
 1.42745
0.690799
0.568631
0.396764
0.244169
0.417878
 1.42371
0.689742
 0.57211
0.396764
0.244169
0.417878
 1.42371
0.689742
 0.57211
 0.39669
0.246112
0.418746
 1.41948
0.688483
0.576042
 0.39669
0.246112
0.418746
 1.41948
0.688483
0.576042
0.396613
0.248085
0.419626
 1.41532
0.687243
0.579918
0.396613
0.248085
0.419626
 1.41532
0.687243
0.579918
0.396534
0.250077
0.420513
 1.41086
0.685832
0.584074
0.396534
0.250077
0.420513
 1.41086
0.685832
0.584074
0.396455
0.252048
0.421388
 1.40664
0.684418
0.588051
0.396455
0.252048
0.421388
 1.40664
0.684418
0.588051
0.396374
0.254027
0.422264
 1.40214
0.682887
0.592231
0.396374
0.254027
0.422264
 1.40214
0.682887
0.592231
0.396292
0.256004
0.423138
 1.39751
0.681226
0.596571
0.396292
0.256004
0.423138
 1.39751
0.681226
0.596571
0.396209
0.257981
0.424009
 1.39281
0.679482
0.601006
0.396209
0.257981
0.424009
 1.39281
0.679482
0.601006
0.396125
0.259956
0.424878
 1.38804
0.677673
0.605513
0.396125
0.259956
0.424878
 1.38804
0.677673
0.605513
0.396041
 0.26193
0.425745
 1.38322
0.675812
0.610079
0.396041
 0.26193
0.425745
 1.38322
0.675812
0.610079
0.395955
0.263903
 0.42661
 1.37836
0.673912
0.614688
0.395955
0.263903
 0.42661
 1.37836
0.673912
0.614688
 0.39587
0.265875
0.427473
 1.37346
0.671978
0.619334
 0.39587
0.265875
0.427473
 1.37346
0.671978
0.619334
0.395784
0.267846
0.428335
 1.36853
0.670014
0.624013
0.395784
0.267846
0.428335
 1.36853
0.670014
0.624013
0.395697
0.269826
  0.4292
  1.3634
0.667948
0.628899
0.395697
0.269826
  0.4292
  1.3634
0.667948
0.628899
 0.39561
0.271796
0.430059
 1.35843
0.665944
0.633622
 0.39561
0.271796
0.430059
 1.35843
0.665944
0.633622
0.395523
0.273774
0.430923
 1.35347
0.663935
0.638335
0.395523
0.273774
0.430923
 1.35347
0.663935
0.638335
0.395436
0.275732
0.431778
 1.34869
0.661989
0.642885
0.395436
0.275732
0.431778
 1.34869
0.661989
0.642885
 0.39535
0.277689
0.432633
  1.3439
0.660029
0.647452
 0.39535
0.277689
0.432633
  1.3439
0.660029
0.647452
0.395263
0.279667
0.433496
 1.33869
0.657887
 0.65242
0.395263
0.279667
0.433496
 1.33869
0.657887
 0.65242
0.395177
0.281624
0.434351
 1.33382
0.655885
0.657061
0.395177
0.281624
0.434351
 1.33382
0.655885
0.657061
0.395092
0.283581
0.435206
 1.32897
0.653887
0.661683
0.395092
0.283581
0.435206
 1.32897
0.653887
0.661683
0.395006
0.285538
0.436063
 1.32409
0.651872
0.666333
0.395006
0.285538
0.436063
 1.32409
0.651872
0.666333
0.394921
0.287506
0.436924
   1.319
0.649761
0.671189
0.394921
0.287506
0.436924
   1.319
0.649761
0.671189
0.394837
0.289464
0.437782
 1.31407
0.647718
0.675889
0.394837
0.289464
0.437782
 1.31407
0.647718
0.675889
0.394754
0.291422
0.438642
 1.30914
0.645671
0.680585
0.394754
0.291422
0.438642
 1.30914
0.645671
0.680585
 0.39467
0.293391
0.439508
 1.30401
0.643535
0.685477
 0.39467
0.293391
0.439508
 1.30401
0.643535
0.685477
0.394588
 0.29536
0.440375
 1.29886
 0.64139
0.690382
0.394588
 0.29536
0.440375
 1.29886
 0.64139
0.690382
0.394506
 0.29733
0.441245
 1.29373
0.639246
0.695275
0.394506
 0.29733
0.441245
 1.29373
0.639246
0.695275
0.394426
0.299301
0.442116
  1.2886
0.637104
0.700155
0.394426
0.299301
0.442116
  1.2886
0.637104
0.700155
0.394347
0.301261
0.442986
 1.28368
0.635043
0.704845
0.394347
0.301261
0.442986
 1.28368
0.635043
0.704845
0.394268
0.303242
0.443867
 1.27858
0.632901
0.709705
0.394268
0.303242
0.443867
 1.27858
0.632901
0.709705
0.394268
0.303242
0.443867
 1.27858
0.632901
0.709705
0.394191
0.305214
0.444746
 1.27346
0.630748
 0.71458
0.394115
0.307197
0.445633
 1.26816
0.628513
0.719624
0.394115
0.307197
0.445633
 1.26816
0.628513
0.719624
0.394039
0.309191
0.446526
 1.26267
0.626207
0.724834
0.394039
0.309191
0.446526
 1.26267
0.626207
0.724834
0.393967
0.311165
0.447415
 1.25759
0.624065
 0.72965
0.393967
0.311165
0.447415
 1.25759
0.624065
 0.72965
0.393897
0.313128
0.448303
 1.25277
0.622022
0.734242
0.393897
0.313128
0.448303
 1.25277
0.622022
0.734242
0.393829
 0.31509
0.449195
 1.24796
0.619972
0.738841
0.393829
 0.31509
0.449195
 1.24796
0.619972
0.738841
0.393763
0.317065
0.450094
 1.24292
 0.61782
0.743647
0.393763
0.317065
0.450094
 1.24292
 0.61782
0.743647
0.393698
 0.31905
0.451002
 1.23784
0.615646
0.748479
0.393698
 0.31905
0.451002
 1.23784
0.615646
0.748479
0.393636
0.321025
 0.45191
 1.23275
0.613465
0.753313
0.393636
0.321025
 0.45191
 1.23275
0.613465
0.753313
0.393576
0.322991
0.452817
 1.22786
 0.61136
0.757973
0.393576
0.322991
0.452817
 1.22786
 0.61136
0.757973
 0.39352
0.324957
0.453729
 1.22296
0.609249
0.762637
 0.39352
0.324957
0.453729
 1.22296
0.609249
0.762637
0.393467
0.326924
0.454645
 1.21804
0.607119
0.767328
0.393467
0.326924
0.454645
 1.21804
0.607119
0.767328
0.393415
0.328901
0.455569
  1.2129
0.604885
0.772217
0.393415
0.328901
0.455569
  1.2129
0.604885
0.772217
0.393367
0.330889
0.456502
 1.20772
 0.60263
0.777121
0.393367
0.330889
0.456502
 1.20772
 0.60263
0.777121
0.393322
0.332857
0.457431
 1.20274
0.600457
0.781847
0.393322
0.332857
0.457431
 1.20274
0.600457
0.781847
0.393282
0.334826
0.458363
 1.19778
0.598285
0.786575
0.393282
0.334826
0.458363
 1.19778
0.598285
0.786575
0.393245
0.336795
  0.4593
  1.1928
0.596097
0.791324
0.393245
0.336795
  0.4593
  1.1928
0.596097
0.791324
0.393213
0.338764
0.460241
  1.1878
0.593893
0.796094
0.393213
0.338764
0.460241
  1.1878
0.593893
0.796094
0.393211
0.340723
0.461183
 1.18267
0.591552
0.801172
0.393211
0.340723
0.461183
 1.18267
0.591552
0.801172
 0.39316
0.342725
0.462143
 1.17734
 0.58926
0.806032
 0.39314
0.344696
0.463095
  1.1723
0.587034
0.810808
 0.39314
0.344696
0.463095
  1.1723
0.587034
0.810808
 0.39314
0.344696
0.463095
  1.1723
0.587034
0.810808
0.393132
0.346661
0.464051
  1.1676
 0.58498
0.815573
0.393132
0.346661
0.464051
  1.1676
 0.58498
0.815573
0.393123
0.348604
0.464995
 1.16255
0.582698
0.820462
0.393123
0.348604
0.464995
 1.16255
0.582698
0.820462
 0.39312
0.350507
0.465923
  1.1574
0.580309
0.825446
 0.39312
0.350507
0.465923
  1.1574
0.580309
0.825446
0.393121
0.352372
0.466835
 1.15221
0.577857
0.830503
0.393121
0.352372
0.466835
 1.15221
0.577857
0.830503
0.393106
0.354231
0.467735
 1.14691
0.575286
0.835769
0.393106
0.354231
0.467735
 1.14691
0.575286
0.835769
0.393139
0.356011
0.468623
 1.14134
 0.57261
0.841212
0.393139
0.356011
0.468623
 1.14134
 0.57261
0.841212
0.393156
0.357767
 0.46949
 1.13606
0.570039
0.846473
0.393156
0.357767
 0.46949
 1.13606
0.570039
0.846473
0.393177
0.359485
0.470341
 1.13092
0.567525
0.851687
0.393177
0.359485
0.470341
 1.13092
0.567525
0.851687
0.393202
0.361156
0.471172
 1.12605
0.565138
0.856708
0.393202
0.361156
0.471172
 1.12605
0.565138
0.856708
 0.39323
0.362788
0.471988
 1.12128
0.562801
0.861687
 0.39323
0.362788
0.471988
 1.12128
0.562801
0.861687
0.393261
 0.36439
0.472792
 1.11642
0.560421
0.866771
0.393261
 0.36439
0.472792
 1.11642
0.560421
0.866771
0.393296
0.365961
0.473585
 1.11147
0.557995
0.871944
0.393296
0.365961
0.473585
 1.11147
0.557995
0.871944
0.393333
0.367487
0.474358
 1.10677
0.555693
0.876896
0.393333
0.367487
0.474358
 1.10677
0.555693
0.876896
0.393373
0.368974
0.475116
 1.10222
0.553466
 0.88175
0.393373
0.368974
0.475116
 1.10222
0.553466
 0.88175
0.393414
0.370422
0.475859
 1.09777
0.551296
 0.88652
0.393414
0.370422
0.475859
 1.09777
0.551296
 0.88652
0.393458
0.371826
0.476584
 1.09357
0.549245
0.891078
0.393458
0.371826
0.476584
 1.09357
0.549245
0.891078
0.393503
0.373198
0.477298
 1.08934
0.547184
0.895674
0.393503
0.373198
0.477298
 1.08934
0.547184
0.895674
 0.39355
0.374532
0.477996
 1.08519
0.545158
0.900196
 0.39355
0.374532
0.477996
 1.08519
0.545158
0.900196
0.393598
0.375828
0.478679
 1.08114
0.543179
0.904625
0.393598
0.375828
0.478679
 1.08114
0.543179
0.904625
0.393598
0.375828
0.478679
 1.08114
0.543179
0.904625
0.393648
 0.37708
0.479343
 1.07731
0.541307
0.908844
0.393699
0.378293
0.479993
 1.07359
0.539485
0.912971
0.393699
0.378293
0.479993
 1.07359
0.539485
0.912971
0.393752
0.379481
0.480634
 1.06965
0.537547
0.917327
0.393752
0.379481
0.480634
 1.06965
0.537547
0.917327
0.393805
0.380618
0.481252
 1.06608
 0.53579
0.921291
0.393805
0.380618
0.481252
 1.06608
 0.53579
0.921291
 0.39386
0.381718
0.481856
 1.06264
0.534099
0.925131
 0.39386
0.381718
0.481856
 1.06264
0.534099
0.925131
0.393915
0.382785
0.482447
 1.05919
  0.5324
0.928985
0.393915
0.382785
0.482447
 1.05919
  0.5324
0.928985
0.393972
0.383814
0.483021
 1.05582
0.530736
0.932749
0.393972
0.383814
0.483021
 1.05582
0.530736
0.932749
 0.39403
0.384804
 0.48358
 1.05256
0.529116
0.936413
 0.39403
0.384804
 0.48358
 1.05256
0.529116
0.936413
 0.39403
0.384804
 0.48358
 1.05256
0.529116
0.936413
0.394088
0.385751
0.484121
 1.04948
0.527581
 0.93989
0.394147
 0.38666
0.484645
 1.04651
0.526092
 0.94327
0.394147
 0.38666
0.484645
 1.04651
0.526092
 0.94327
0.394208
 0.38754
0.485158
 1.04338
0.524516
0.946818
0.394208
 0.38754
0.485158
 1.04338
0.524516
0.946818
0.394268
0.388373
0.485649
 1.04057
0.523093
0.950022
0.394268
0.388373
0.485649
 1.04057
0.523093
0.950022
 0.39433
0.389167
0.486123
 1.03789
 0.52173
0.953103
 0.39433
0.389167
0.486123
 1.03789
 0.52173
0.953103
0.394392
0.389922
0.486581
  1.0353
0.520404
0.956094
0.394392
0.389922
0.486581
  1.0353
0.520404
0.956094
0.394454
 0.39064
0.487022
 1.03279
0.519112
0.958998
0.394454
 0.39064
0.487022
 1.03279
0.519112
0.958998
0.394517
0.391318
0.487445
 1.03037
0.517856
0.961815
0.394517
0.391318
0.487445
 1.03037
0.517856
0.961815
0.394581
0.391958
0.487851
 1.02803
0.516636
0.964542
0.394581
0.391958
0.487851
 1.02803
0.516636
0.964542
0.394646
0.392563
0.488242
 1.02578
0.515452
0.967177
0.394646
0.392563
0.488242
 1.02578
0.515452
0.967177
0.394711
0.393131
0.488616
 1.02352
0.514262
0.969818
0.394711
0.393131
0.488616
 1.02352
0.514262
0.969818
0.394711
0.393131
0.488616
 1.02352
0.514262
0.969818
0.394776
0.393655
0.488969
 1.02146
0.513153
0.972264
0.394842
0.394139
0.489303
  1.0195
0.512092
0.974603
0.394842
0.394139
0.489303
  1.0195
0.512092
0.974603
0.394908
 0.39459
0.489623
 1.01748
0.510984
0.977026
0.394908
 0.39459
0.489623
 1.01748
0.510984
0.977026
0.394974
0.394996
0.489921
 1.01571
0.509999
0.979173
0.394974
0.394996
0.489921
 1.01571
0.509999
0.979173
 0.39504
0.395362
  0.4902
 1.01406
0.509066
0.981198
 0.39504
0.395362
  0.4902
 1.01406
0.509066
0.981198
0.395106
0.395692
0.490462
 1.01249
 0.50817
0.983162
0.395106
0.395692
0.490462
 1.01249
 0.50817
0.983162
0.395173
0.395982
0.490705
   1.011
0.507303
0.985021
0.395173
0.395982
0.490705
   1.011
0.507303
0.985021
0.395239
0.396231
0.490928
  1.0096
0.506474
 0.98678
0.395239
0.396231
0.490928
  1.0096
0.506474
 0.98678
0.395239
0.396231
0.490928
  1.0096
0.506474
 0.98678
0.395306
0.396442
0.491132
 1.00829
0.505678
0.988453
0.395373
0.396612
0.491317
 1.00709
0.504925
 0.99002
0.395373
0.396612
0.491317
 1.00709
0.504925
 0.99002
 0.39544
0.396744
0.491484
 1.00589
0.504154
0.991604
 0.39544
0.396744
0.491484
 1.00589
0.504154
0.991604
0.395506
0.396834
0.491627
  1.0049
0.503488
0.992951
0.395506
0.396834
0.491627
  1.0049
0.503488
0.992951
0.395572
0.396882
 0.49175
 1.00402
0.502873
0.994175
0.395572
0.396882
 0.49175
 1.00402
0.502873
0.994175
0.395569
 0.39692
0.491833
 1.00299
0.502393
 0.99496
0.395569
 0.39692
0.491833
 1.00299
0.502393
 0.99496
0.395486
0.396976
0.491866
 1.00165
 0.50209
0.995167
0.395486
0.396976
0.491866
 1.00165
 0.50209
0.995167
0.395287
0.396998
0.491862
 1.00001
0.501764
0.994851
0.395287
0.396998
0.491862
 1.00001
0.501764
0.994851
0.395009
0.397035
0.491806
0.998152
0.501452
0.994092
0.395009
0.397035
0.491806
0.998152
0.501452
0.994092
0.394659
0.397049
0.491702
0.995774
0.501192
0.992773
0.394659
0.397049
0.491702
0.995774
0.501192
0.992773
0.394165
0.397116
0.491552
0.993387
0.500886
0.991155
0.394165
0.397116
0.491552
0.993387
0.500886
0.991155
0.393603
0.397156
0.491354
0.990642
0.500429
0.989129
0.393603
0.397156
0.491354
0.990642
0.500429
0.989129
0.392951
0.397196
0.491108
0.987691
0.499905
0.986821
0.392951
0.397196
0.491108
0.987691
0.499905
0.986821
0.392205
0.397235
0.490816
0.984496
0.499241
0.984127
0.392205
0.397235
0.490816
0.984496
0.499241
0.984127
0.391361
0.397274
0.490473
0.980985
0.498339
0.981158
0.391361
0.397274
0.490473
0.980985
0.498339
0.981158
0.390427
0.397312
0.490083
0.977315
0.497335
 0.97798
0.390427
0.397312
0.490083
0.977315
0.497335
 0.97798
0.389399
 0.39735
0.489646
0.973418
 0.49615
0.974474
0.389399
 0.39735
0.489646
0.973418
 0.49615
0.974474
0.388272
0.397387
0.489157
0.969192
 0.49466
0.970652
0.388272
0.397387
0.489157
0.969192
 0.49466
0.970652
0.387043
0.397425
0.488615
0.964619
0.492834
0.966499
0.387043
0.397425
0.488615
0.964619
0.492834
0.966499
0.385725
0.397461
0.488028
0.959945
0.490912
0.962213
0.385725
0.397461
0.488028
0.959945
0.490912
0.962213
0.384313
0.397497
0.487391
0.955078
0.488792
0.957718
0.384313
0.397497
0.487391
0.955078
0.488792
0.957718
0.382814
0.397531
0.486707
0.950121
0.486579
0.952851
0.382814
0.397531
0.486707
0.950121
0.486579
0.952851
0.381203
0.397565
0.485967
0.944682
0.483854
0.947735
0.381203
0.397565
0.485967
0.944682
0.483854
0.947735
0.379538
0.397598
0.485197
0.939416
 0.48117
0.942768
0.379538
0.397598
0.485197
0.939416
 0.48117
0.942768
0.377737
 0.39763
0.484356
0.933531
0.477946
0.936906
0.377737
 0.39763
0.484356
0.933531
0.477946
0.936906
0.375858
 0.39766
0.483473
0.927761
0.474814
0.931394
0.375858
 0.39766
0.483473
0.927761
0.474814
0.931394
0.373875
0.397689
0.482536
0.921632
0.471282
0.925357
0.373875
0.397689
0.482536
0.921632
0.471282
0.925357
0.371797
0.397718
0.481548
0.915294
0.467487
0.919256
0.371797
0.397718
0.481548
0.915294
0.467487
0.919256
0.369635
0.397744
0.480515
0.908941
0.463632
0.912959
0.369635
0.397744
0.480515
0.908941
0.463632
0.912959
0.367367
 0.39777
0.479426
0.902212
0.459337
0.906437
0.367367
 0.39777
0.479426
0.902212
0.459337
0.906437
0.364992
0.397797
 0.47828
0.895038
0.454528
0.899255
0.364992
0.397797
 0.47828
0.895038
0.454528
0.899255
0.362546
 0.39782
0.477095
0.888126
0.449924
 0.89252
0.362546
 0.39782
0.477095
0.888126
0.449924
 0.89252
0.360008
0.397841
 0.47586
 0.88105
0.445101
0.885386
0.360008
0.397841
 0.47586
 0.88105
0.445101
0.885386
0.357362
0.397861
0.474568
0.873772
0.440006
0.878126
0.357362
0.397861
0.474568
0.873772
0.440006
0.878126
0.354635
0.397879
0.473231
0.866281
0.434626
0.870646
0.354635
0.397879
0.473231
0.866281
0.434626
0.870646
0.351902
0.397818
0.471843
0.858829
0.428957
0.863315
0.351902
0.397818
0.471843
0.858829
0.428957
0.863315
0.348885
0.397913
0.470397
 0.85068
0.423013
0.854989
0.348885
0.397913
0.470397
 0.85068
0.423013
0.854989
0.345874
 0.39793
0.468906
0.842546
0.416784
 0.84676
0.345874
 0.39793
0.468906
0.842546
0.416784
 0.84676
0.342795
0.397946
0.467376
0.834127
 0.40998
0.838227
0.342795
0.397946
0.467376
0.834127
 0.40998
0.838227
0.339731
0.397959
 0.46585
0.826178
0.403195
0.830123
0.339731
0.397959
 0.46585
0.826178
0.403195
0.830123
0.336654
0.397971
0.464314
0.818176
0.395936
0.821923
0.336654
0.397971
0.464314
0.818176
0.395936
0.821923
0.333594
0.397981
0.462784
0.810526
0.388879
0.814199
0.333594
0.397981
0.462784
0.810526
0.388879
0.814199
0.330504
0.398004
0.461242
0.802979
0.381223
0.806191
0.330504
0.398004
0.461242
0.802979
0.381223
0.806191
0.327449
0.397997
0.459699
0.795385
0.373527
0.798459
0.327449
0.397997
0.459699
0.795385
0.373527
0.798459
0.327449
0.397997
0.459699
0.795385
0.373527
0.798459
0.324313
0.398045
0.458143
0.787767
 0.36547
0.790269
0.321284
0.398028
0.456602
0.780638
0.357959
0.782914
0.321284
0.398028
0.456602
0.780638
0.357959
0.782914
0.318211
 0.39801
0.455034
0.772761
0.349545
0.774703
0.318211
 0.39801
0.455034
0.772761
0.349545
0.774703
0.315121
0.398041
0.453487
0.765941
0.341963
0.767475
0.315121
0.398041
0.453487
0.765941
0.341963
0.767475
0.312039
0.398062
 0.45194
0.759243
0.334444
0.760339
0.312039
0.398062
 0.45194
0.759243
0.334444
0.760339
0.309051
0.397998
0.450382
0.751984
0.326575
0.752981
0.309051
0.397998
0.450382
0.751984
0.326575
0.752981
 0.30599
0.397991
 0.44882
0.744885
0.318636
0.745613
 0.30599
0.397991
 0.44882
0.744885
0.318636
0.745613
0.302944
0.397981
0.447263
0.738101
0.310951
0.738254
0.302944
0.397981
0.447263
0.738101
0.310951
0.738254
0.299884
0.397969
0.445698
0.731355
0.303273
0.731163
0.299884
0.397969
0.445698
0.731355
0.303273
0.731163
0.296824
0.397956
0.444128
0.724305
0.295253
0.723665
0.296824
0.397956
0.444128
0.724305
0.295253
0.723665
0.293764
0.397943
0.442554
0.717245
0.287198
 0.71635
0.293764
0.397943
0.442554
0.717245
0.287198
 0.71635
 0.29072
0.397926
0.440986
0.710468
0.279417
0.709043
 0.29072
0.397926
0.440986
0.710468
0.279417
0.709043
0.287662
0.397908
0.439408
 0.70344
0.271366
0.701604
0.287662
0.397908
0.439408
 0.70344
0.271366
0.701604
0.284604
 0.39789
0.437826
0.696395
0.263283
0.694163
0.284604
 0.39789
0.437826
0.696395
0.263283
0.694163
0.281546
0.397869
0.436242
0.689367
0.255207
0.686742
0.281546
0.397869
0.436242
0.689367
0.255207
0.686742
0.278489
0.397846
0.434655
0.682359
0.247145
0.679339
0.278489
0.397846
0.434655
0.682359
0.247145
0.679339
0.275448
0.397821
0.433075
0.675543
0.239463
0.672211
0.275448
0.397821
0.433075
0.675543
0.239463
0.672211
0.272407
0.397793
0.431493
0.668913
0.231654
0.665137
0.272407
0.397793
0.431493
0.668913
0.231654
0.665137
0.269351
0.397764
  0.4299
0.661826
0.223634
0.657711
0.269351
0.397764
  0.4299
0.661826
0.223634
0.657711
0.266296
0.397735
0.428303
0.654762
0.215536
0.650265
0.266296
0.397735
0.428303
0.654762
0.215536
0.650265
 0.26324
0.397704
0.426704
0.647807
0.207381
0.642852
 0.26324
0.397704
0.426704
0.647807
0.207381
0.642852
0.260185
0.397672
0.425103
0.640971
 0.19917
0.635476
0.260185
0.397672
0.425103
0.640971
 0.19917
0.635476
0.257146
0.397637
0.423509
0.634158
 0.19146
0.628344
0.257146
0.397637
0.423509
0.634158
 0.19146
0.628344
0.254091
  0.3976
0.421906
0.627144
0.183425
0.620955
0.254091
  0.3976
0.421906
0.627144
0.183425
0.620955
0.251037
0.397563
0.420299
0.620112
 0.17535
0.613536
0.251037
0.397563
0.420299
0.620112
 0.17535
0.613536
0.247998
0.397524
  0.4187
0.613369
0.167569
0.606409
0.247998
0.397524
  0.4187
0.613369
0.167569
0.606409
0.247998
0.397524
  0.4187
0.613369
0.167569
0.606409
0.244945
0.397484
 0.41709
0.606359
0.159512
0.599012
0.241922
0.397441
0.415496
0.599642
0.151724
 0.59192
0.241922
0.397441
0.415496
0.599642
0.151724
 0.59192
0.238937
0.397401
0.413915
0.592395
0.143123
0.584319
0.238937
0.397401
0.413915
0.592395
0.143123
0.584319
0.236076
0.397359
0.412399
0.585951
0.135213
0.577571
0.236076
0.397359
0.412399
0.585951
0.135213
0.577571
0.233308
0.397314
0.410933
0.579877
0.127543
0.571241
0.233308
0.397314
0.410933
0.579877
0.127543
0.571241
0.230645
0.397267
0.409523
0.574332
0.120314
0.565487
0.230645
0.397267
0.409523
0.574332
0.120314
0.565487
0.228049
 0.39722
0.408145
0.568557
0.112771
0.559536
0.228049
 0.39722
0.408145
0.568557
0.112771
0.559536
0.225545
0.397173
0.406813
0.562995
0.105394
0.553835
0.225545
0.397173
0.406813
0.562995
0.105394
0.553835
 0.223147
 0.397124
 0.405537
 0.557927
0.0984979
 0.548667
 0.223147
 0.397124
 0.405537
 0.557927
0.0984979
 0.548667
 0.220852
 0.397073
 0.404316
 0.553331
0.0920819
 0.544012
 0.220852
 0.397073
 0.404316
 0.553331
0.0920819
 0.544012
 0.218648
 0.397022
 0.403143
 0.548939
0.0858835
 0.539596
 0.218648
 0.397022
 0.403143
 0.548939
0.0858835
 0.539596
 0.216525
  0.39697
 0.402011
 0.544514
0.0796702
 0.535178
 0.216525
  0.39697
 0.402011
 0.544514
0.0796702
 0.535178
 0.214494
 0.396919
 0.400925
 0.540258
0.0736531
 0.530961
 0.214494
 0.396919
 0.400925
 0.540258
0.0736531
 0.530961
 0.212564
 0.396866
 0.399892
 0.536383
0.0680557
 0.527157
 0.212564
 0.396866
 0.399892
 0.536383
0.0680557
 0.527157
 0.210717
 0.396814
   0.3989
 0.532535
0.0625227
 0.523409
 0.210717
 0.396814
   0.3989
 0.532535
0.0625227
 0.523409
  0.20896
 0.396761
 0.397956
 0.528866
0.0572089
 0.519868
  0.20896
 0.396761
 0.397956
 0.528866
0.0572089
 0.519868
 0.207304
 0.396708
 0.397064
 0.525556
0.0523031
 0.516779
 0.207304
 0.396708
 0.397064
 0.525556
0.0523031
 0.516779
0.205731
0.396655
0.396214
0.522301
0.047499
0.513837
0.205731
0.396655
0.396214
0.522301
0.047499
0.513837
 0.204227
 0.396602
 0.395399
 0.519152
0.0428712
 0.510675
 0.204227
 0.396602
 0.395399
 0.519152
0.0428712
 0.510675
 0.202844
 0.396549
 0.394648
 0.516406
0.0386636
 0.508154
 0.202844
 0.396549
 0.394648
 0.516406
0.0386636
 0.508154
 0.201553
 0.396496
 0.393943
 0.513868
0.0347028
 0.505833
 0.201553
 0.396496
 0.393943
 0.513868
0.0347028
 0.505833
 0.200347
 0.396443
 0.393282
 0.511436
0.0308239
 0.503602
 0.200347
 0.396443
 0.393282
 0.511436
0.0308239
 0.503602
 0.199232
 0.396391
 0.392668
 0.509122
0.0272104
 0.501532
 0.199232
 0.396391
 0.392668
 0.509122
0.0272104
 0.501532
0.198214
0.396339
0.392104
0.507126
 0.02397
0.500066
0.198214
0.396339
0.392104
0.507126
 0.02397
0.500066
 0.197288
 0.396287
 0.391587
 0.505382
0.0209294
 0.498666
 0.197288
 0.396287
 0.391587
 0.505382
0.0209294
 0.498666
 0.196448
 0.396235
 0.391114
 0.503649
0.0180822
 0.497361
 0.196448
 0.396235
 0.391114
 0.503649
0.0180822
 0.497361
 0.195696
 0.396184
 0.390685
 0.502146
0.0153424
 0.496199
 0.195696
 0.396184
 0.390685
 0.502146
0.0153424
 0.496199
  0.19504
 0.396133
 0.390307
 0.500901
0.0129409
 0.495341
  0.19504
 0.396133
 0.390307
 0.500901
0.0129409
 0.495341
 0.194479
 0.396083
 0.389977
  0.49993
0.0108542
 0.494778
 0.194479
 0.396083
 0.389977
  0.49993
0.0108542
 0.494778
  0.194009
  0.396034
  0.389694
  0.499165
0.00900336
  0.494437
  0.194009
  0.396034
  0.389694
  0.499165
0.00900336
  0.494437
   0.19363
  0.395986
  0.389458
  0.498597
0.00737518
  0.494308
   0.19363
  0.395986
  0.389458
  0.498597
0.00737518
  0.494308
 0.193317
 0.395914
 0.389302
 0.498169
0.0058316
 0.494358
 0.193317
 0.395914
 0.389302
 0.498169
0.0058316
 0.494358
  0.193128
  0.395873
   0.38915
  0.498003
0.00467303
  0.494648
  0.193128
  0.395873
   0.38915
  0.498003
0.00467303
  0.494648
  0.193029
  0.395833
  0.389044
  0.498036
0.00374495
  0.495145
  0.193029
  0.395833
  0.389044
  0.498036
0.00374495
  0.495145
  0.193004
  0.395774
  0.389014
  0.498287
0.00298459
  0.495894
  0.193004
  0.395774
  0.389014
  0.498287
0.00298459
  0.495894
   0.19302
  0.395637
  0.388793
  0.497884
0.00318265
  0.496129
   0.19302
  0.395637
  0.388793
  0.497884
0.00318265
  0.496129
  0.193052
  0.395255
  0.388449
   0.49645
0.00440585
  0.495748
  0.193052
  0.395255
  0.388449
   0.49645
0.00440585
  0.495748
  0.193063
  0.394706
  0.387911
  0.493852
0.00665772
  0.494427
  0.193063
  0.394706
  0.387911
  0.493852
0.00665772
  0.494427
  0.193075
   0.39397
  0.387184
  0.490017
0.00991975
   0.49208
  0.193075
   0.39397
  0.387184
  0.490017
0.00991975
   0.49208
 0.193086
 0.393055
 0.386283
 0.485375
0.0138691
   0.4891
 0.193086
 0.393055
 0.386283
 0.485375
0.0138691
   0.4891
 0.193097
 0.391956
 0.385198
 0.479731
0.0185643
 0.485257
 0.193097
 0.391956
 0.385198
 0.479731
0.0185643
 0.485257
 0.193108
 0.390674
 0.383931
 0.473056
0.0239617
 0.480493
 0.193108
 0.390674
 0.383931
 0.473056
0.0239617
 0.480493
 0.193124
   0.3884
 0.381685
 0.460997
0.0333233
 0.471412
 0.193124
   0.3884
 0.381685
 0.460997
0.0333232
 0.471413
 0.193124
   0.3884
 0.381685
 0.460997
0.0333232
 0.471413
 0.193141
 0.385675
 0.378985
 0.446486
0.0443355
  0.45996
 0.193141
 0.385675
 0.378985
 0.446486
0.0443355
  0.45996
 0.193151
 0.383647
  0.37698
 0.435465
0.0522148
 0.450974
 0.193151
 0.383647
  0.37698
 0.435465
0.0522148
 0.450974
 0.193161
 0.381447
 0.374803
 0.423858
0.0603971
 0.441314
 0.193161
 0.381447
 0.374803
 0.423858
0.0603971
 0.441314
 0.193172
 0.379063
 0.372445
 0.411262
0.0690705
 0.430665
 0.193172
 0.379063
 0.372445
 0.411262
0.0690705
 0.430665
 0.193183
 0.376496
 0.369904
 0.397638
0.0782177
 0.418985
 0.193183
 0.376496
 0.369904
 0.397638
0.0782177
 0.418985
 0.193194
 0.373744
 0.367182
 0.382981
0.0878046
 0.406258
 0.193194
 0.373744
 0.367182
 0.382981
0.0878046
 0.406258
 0.193206
 0.370808
 0.364278
 0.367288
0.0978024
 0.392467
 0.193206
 0.370808
 0.364278
 0.367288
0.0978024
 0.392467
0.193218
 0.36772
0.361223
0.350725
0.108047
0.377714
0.193218
 0.36772
0.361223
0.350725
0.108047
0.377714
0.193231
0.364617
0.358154
0.334113
0.117942
0.362575
0.193231
0.364617
0.358154
0.334113
0.117942
0.362575
0.193244
0.361519
0.355089
 0.31761
0.127455
0.347208
0.193244
0.361519
0.355089
 0.31761
0.127455
0.347208
0.193258
0.358425
0.352027
0.301215
0.136642
 0.33166
0.193258
0.358425
0.352027
0.301215
0.136642
 0.33166
0.193272
0.355334
0.348968
0.284914
0.145557
0.315965
0.193272
0.355334
0.348968
0.284914
0.145557
0.315965
0.193287
0.352248
0.345913
0.268692
0.154244
0.300146
0.193287
0.352248
0.345913
0.268692
0.154244
0.300146
0.193301
0.349166
0.342862
0.252537
0.162743
0.284223
0.193301
0.349166
0.342862
0.252537
0.162743
0.284223
0.193316
0.346088
0.339814
0.236439
0.171087
0.268212
0.193316
0.346088
0.339814
0.236439
0.171087
0.268212
0.193329
0.343014
0.336771
0.220386
0.179308
0.252123
0.193329
0.343014
0.336771
0.220386
0.179308
0.252123
0.193342
0.339943
0.333733
0.204371
0.187436
0.235959
0.193342
0.339943
0.333733
0.204371
0.187436
0.235959
0.193352
0.336876
0.330699
0.188383
0.195499
0.219724
0.193352
0.336876
0.330699
0.188383
0.195499
0.219724
0.193359
0.333814
 0.32767
0.172415
0.203521
0.203412
0.193359
0.333814
 0.32767
0.172415
0.203521
0.203412
0.193365
0.330756
0.324646
0.156455
 0.21153
0.187018
0.193365
0.330756
0.324646
0.156455
 0.21153
0.187018
0.193367
0.327702
0.321626
0.140494
0.219543
0.170535
0.193367
0.327702
0.321626
0.140494
0.219543
0.170535
0.193368
0.324653
 0.31861
0.124518
0.227578
0.153958
0.193368
0.324653
 0.31861
0.124518
0.227578
0.153958
0.193367
0.321611
0.315595
0.108522
0.235641
0.137289
0.193367
0.321611
0.315595
0.108522
0.235641
0.137289
 0.193365
 0.318575
 0.312581
0.0924971
  0.24373
 0.120543
 0.193365
 0.318575
 0.312581
0.0924971
  0.24373
 0.120543
 0.193366
 0.315623
 0.309644
0.0769357
 0.251582
 0.104152
 0.193366
 0.315623
 0.309644
0.0769357
 0.251582
 0.104152
 0.193372
 0.312859
  0.30689
0.0625952
 0.258835
0.0888231
 0.193372
 0.312859
  0.30689
0.0625952
 0.258835
0.0888231
 0.193384
 0.310284
 0.304322
0.0495222
 0.265488
0.0746682
 0.193384
 0.310284
 0.304322
0.0495222
 0.265488
0.0746682
 0.193401
 0.307896
 0.301941
0.0377006
 0.271554
0.0617133
 0.193401
 0.307896
 0.301941
0.0377006
 0.271554
0.0617133
 0.193424
 0.305693
 0.299748
0.0270953
 0.277054
0.0499538
 0.193424
 0.305693
 0.299748
0.0270953
 0.277054
0.0499538
  0.19345
 0.303675
 0.297743
0.0176796
 0.282008
 0.039372
  0.19345
 0.303675
 0.297743
0.0176796
 0.282008
 0.039372
   0.19348
  0.301842
  0.295926
0.00944622
  0.286434
  0.029947
   0.19348
  0.301842
  0.295926
0.00944622
  0.286434
  0.029947
  0.193514
  0.300192
  0.294298
0.00234707
  0.290349
 0.0216502
  0.193514
  0.300192
  0.294298
0.00234707
  0.290349
 0.0216502
   0.193551
   0.298728
   0.292858
-0.00365556
   0.293768
  0.0144491
   0.193551
   0.298728
   0.292858
-0.00365556
   0.293768
  0.0144491
    0.19359
   0.297447
   0.291605
-0.00855084
   0.296698
 0.00833678
    0.19359
   0.297447
   0.291605
-0.00855084
   0.296698
 0.00833678
  0.193632
   0.29635
  0.290539
-0.0123834
  0.299146
0.00324176
  0.193632
   0.29635
  0.290539
-0.0123834
  0.299146
0.00324176
    0.193675
    0.295438
     0.28966
  -0.0151546
    0.301115
-0.000776837
    0.193675
    0.295438
     0.28966
  -0.0151546
    0.301115
-0.000776837
  0.193721
   0.29471
  0.288968
-0.0168918
  0.302603
-0.0037854
  0.193721
   0.29471
  0.288968
-0.0168918
  0.302603
-0.0037854
   0.193768
   0.294166
   0.288461
 -0.0176251
   0.303606
-0.00587861
   0.193768
   0.294166
   0.288461
 -0.0176251
   0.303606
-0.00587861
   0.193816
   0.293806
   0.288139
 -0.0173398
   0.304121
-0.00692116
   0.193816
   0.293806
   0.288139
 -0.0173398
   0.304121
-0.00692116
   0.193859
   0.293639
      0.288
 -0.0160852
   0.304226
-0.00704038
   0.193859
   0.293639
      0.288
 -0.0160852
   0.304226
-0.00704038
   0.193872
   0.293596
   0.288033
 -0.0137768
   0.303543
-0.00610498
   0.193872
   0.293596
   0.288033
 -0.0137768
   0.303543
-0.00610498
   0.194001
   0.293709
   0.288122
 -0.0114983
   0.303194
-0.00518772
   0.194001
   0.293709
   0.288122
 -0.0114983
   0.303194
-0.00518772
   0.194095
   0.293771
   0.288209
-0.00925477
    0.30288
-0.00407231
   0.194095
   0.293771
   0.288209
-0.00925477
    0.30288
-0.00407231
   0.194206
    0.29383
   0.288304
-0.00711697
   0.302707
-0.00288342
   0.194206
    0.29383
   0.288304
-0.00711697
   0.302707
-0.00288342
   0.194333
   0.293886
   0.288404
-0.00503641
   0.302676
-0.00162358
   0.194333
   0.293886
   0.288404
-0.00503641
   0.302676
-0.00162358
    0.194476
    0.293939
    0.288513
 -0.00298507
    0.302772
-0.000208417
    0.194476
    0.293939
    0.288513
 -0.00298507
    0.302772
-0.000208417
   0.194634
   0.293989
    0.28863
-0.00103579
   0.302988
0.000973629
   0.194634
   0.293989
    0.28863
-0.00103579
   0.302988
0.000973629
  0.194807
  0.294034
  0.288756
0.00111074
   0.30331
0.00241981
  0.194807
  0.294034
  0.288756
0.00111074
   0.30331
0.00241981
  0.194994
  0.294073
  0.288892
0.00308462
  0.303733
0.00401697
  0.194994
  0.294073
  0.288892
0.00308462
  0.303733
0.00401697
  0.195255
  0.294153
  0.288952
0.00516307
  0.304458
0.00553678
  0.195255
  0.294153
  0.288952
0.00516307
  0.304458
0.00553678
  0.195489
  0.294198
  0.289081
0.00737929
  0.305121
0.00731977
  0.195489
  0.294198
  0.289081
0.00737929
  0.305121
0.00731977
   0.19578
   0.29427
  0.289156
0.00961062
  0.306007
0.00909602
   0.19578
   0.29427
  0.289156
0.00961062
  0.306007
0.00909602
 0.196048
  0.29431
 0.289295
0.0119775
 0.306833
0.0111222
 0.196048
  0.29431
 0.289295
0.0119775
 0.306833
0.0111222
 0.196387
 0.294387
 0.289361
0.0144002
 0.308019
0.0131515
 0.196387
 0.294387
 0.289361
0.0144002
 0.308019
0.0131515
 0.196721
 0.294446
 0.289463
0.0169604
 0.309019
0.0153328
 0.196721
 0.294446
 0.289463
0.0169604
 0.309019
0.0153328
 0.197075
 0.294504
 0.289566
0.0196264
 0.310266
0.0176978
 0.197075
 0.294504
 0.289566
0.0196264
 0.310266
0.0176978
 0.197449
 0.294562
 0.289668
0.0224077
  0.31144
0.0201505
 0.197449
 0.294562
 0.289668
0.0224077
  0.31144
0.0201505
 0.197844
  0.29462
  0.28977
 0.025311
 0.312842
0.0227729
 0.197844
  0.29462
  0.28977
 0.025311
 0.312842
0.0227729
 0.198259
 0.294678
 0.289872
0.0283537
 0.314374
0.0255512
 0.198259
 0.294678
 0.289872
0.0283537
 0.314374
0.0255512
 0.198694
 0.294736
 0.289973
0.0315056
 0.315683
0.0283719
 0.198694
 0.294736
 0.289973
0.0315056
 0.315683
0.0283719
 0.199149
 0.294793
 0.290074
0.0348011
 0.317293
0.0314003
 0.199149
 0.294793
 0.290074
0.0348011
 0.317293
0.0314003
 0.199624
  0.29485
 0.290174
 0.038235
 0.319005
0.0345807
 0.199624
  0.29485
 0.290174
 0.038235
 0.319005
0.0345807
 0.200119
 0.294907
 0.290273
0.0417976
  0.32077
 0.037892
 0.200119
 0.294907
 0.290273
0.0417976
  0.32077
 0.037892
 0.200634
 0.294963
 0.290372
0.0455043
 0.322584
 0.041342
 0.200634
 0.294963
 0.290372
0.0455043
 0.322584
 0.041342
 0.201169
 0.295019
 0.290469
0.0493473
 0.324445
0.0449202
 0.201169
 0.295019
 0.290469
0.0493473
 0.324445
0.0449202
 0.201724
 0.295074
 0.290566
0.0533283
 0.326352
0.0486296
 0.201724
 0.295074
 0.290566
0.0533283
 0.326352
0.0486296
 0.202298
 0.295129
 0.290661
0.0574524
   0.3283
0.0524756
 0.202298
 0.295129
 0.290661
0.0574524
   0.3283
0.0524756
 0.202892
 0.295184
 0.290755
0.0617141
 0.330289
0.0564522
 0.202892
 0.295184
 0.290755
0.0617141
 0.330289
0.0564522
 0.203506
 0.295238
 0.290848
0.0661336
 0.332565
0.0606581
 0.203506
 0.295238
 0.290848
0.0661336
 0.332565
0.0606581
  0.20414
 0.295291
  0.29094
0.0706912
 0.334824
0.0649782
  0.20414
 0.295291
  0.29094
0.0706912
 0.334824
0.0649782
 0.204794
 0.295344
  0.29103
0.0753992
 0.337144
 0.069439
 0.204794
 0.295344
  0.29103
0.0753992
 0.337144
 0.069439
 0.205467
 0.295396
 0.291119
0.0802495
 0.339531
0.0740455
 0.205467
 0.295396
 0.291119
0.0802495
 0.339531
0.0740455
 0.206159
 0.295447
 0.291207
0.0852508
 0.341985
0.0788015
 0.206159
 0.295447
 0.291207
0.0852508
 0.341985
0.0788015
 0.206871
 0.295497
 0.291292
0.0903958
 0.344507
0.0837035
 0.206871
 0.295497
 0.291292
0.0903958
 0.344507
0.0837035
 0.207602
 0.295547
 0.291376
0.0956901
 0.347096
0.0887536
 0.207602
 0.295547
 0.291376
0.0956901
 0.347096
0.0887536
 0.208353
 0.295596
 0.291459
 0.101134
 0.349752
0.0939513
 0.208353
 0.295596
 0.291459
 0.101134
 0.349752
0.0939513
 0.209124
 0.295644
 0.291539
 0.106725
 0.352474
0.0992992
 0.209124
 0.295644
 0.291539
 0.106725
 0.352474
0.0992992
0.209913
0.295691
0.291618
0.112467
0.355261
0.104795
0.209913
0.295691
0.291618
0.112467
0.355261
0.104795
0.210722
0.295737
0.291695
0.118358
0.358113
0.110441
0.210722
0.295737
0.291695
0.118358
0.358113
0.110441
 0.21155
0.295783
0.291769
  0.1244
 0.36103
0.116235
 0.21155
0.295783
0.291769
  0.1244
 0.36103
0.116235
0.212397
0.295827
0.291842
0.130594
0.364012
 0.12218
0.212397
0.295827
0.291842
0.130594
0.364012
 0.12218
0.213264
 0.29587
0.291913
0.136938
0.367057
0.128276
0.213264
 0.29587
0.291913
0.136938
0.367057
0.128276
 0.21415
0.295912
0.291981
0.143434
0.370166
0.134522
 0.21415
0.295912
0.291981
0.143434
0.370166
0.134522
0.215054
0.295953
0.292047
0.150081
0.373338
0.140918
0.215054
0.295953
0.292047
0.150081
0.373338
0.140918
0.215978
0.295993
0.292111
0.156881
0.376571
0.147465
0.215978
0.295993
0.292111
0.156881
0.376571
0.147465
0.216921
0.296032
0.292173
0.163834
0.379867
0.154164
0.216921
0.296032
0.292173
0.163834
0.379867
0.154164
0.217883
0.296069
0.292232
0.170941
0.383224
0.161014
0.217883
0.296069
0.292232
0.170941
0.383224
0.161014
0.218864
0.296106
 0.29229
0.178201
0.386641
0.168015
0.218864
0.296106
 0.29229
0.178201
0.386641
0.168015
0.219864
0.296141
0.292344
0.185614
0.390119
0.175167
0.219864
0.296141
0.292344
0.185614
0.390119
0.175167
0.220883
0.296175
0.292397
0.193181
0.393657
0.182471
0.220883
0.296175
0.292397
0.193181
0.393657
0.182471
 0.22192
0.296207
0.292446
0.200903
0.397254
0.189926
 0.22192
0.296207
0.292446
0.200903
0.397254
0.189926
0.222962
0.296238
0.292494
0.208618
0.400869
0.197401
0.222962
0.296238
0.292494
0.208618
0.400869
0.197401
0.224001
0.296268
0.292539
0.216268
0.404486
0.204841
0.224001
0.296268
0.292539
0.216268
0.404486
0.204841
 0.22504
0.296297
0.292582
0.223858
0.408104
0.212249
 0.22504
0.296297
0.292582
0.223858
0.408104
0.212249
0.226076
0.296323
0.292623
0.231397
0.411723
0.219626
0.226076
0.296323
0.292623
0.231397
0.411723
0.219626
0.227111
0.296349
0.292662
0.238893
0.415342
0.226979
0.227111
0.296349
0.292662
0.238893
0.415342
0.226979
0.228144
0.296373
0.292699
0.246355
0.418962
0.234311
0.228144
0.296373
0.292699
0.246355
0.418962
0.234311
0.229176
0.296395
0.292733
0.253787
0.422583
0.241625
0.229176
0.296395
0.292733
0.253787
0.422583
0.241625
0.230206
0.296416
0.292765
0.261194
0.426205
0.248924
0.230206
0.296416
0.292765
0.261194
0.426205
0.248924
0.231234
0.296436
0.292794
 0.26858
0.429826
 0.25621
0.231234
0.296436
0.292794
 0.26858
0.429826
 0.25621
0.232261
0.296454
0.292821
 0.27595
0.433449
0.263483
0.232261
0.296454
0.292821
 0.27595
0.433449
0.263483
0.233287
0.296471
0.292846
0.283305
0.437072
0.270747
0.233287
0.296471
0.292846
0.283305
0.437072
0.270747
 0.23431
0.296486
0.292868
0.290649
0.440696
0.278002
 0.23431
0.296486
0.292868
0.290649
0.440696
0.278002
0.235332
  0.2965
0.292888
0.297982
 0.44432
 0.28525
0.235332
  0.2965
0.292888
0.297982
 0.44432
 0.28525
0.236353
0.296512
0.292906
0.305308
0.447944
0.292491
0.236353
0.296512
0.292906
0.305308
0.447944
0.292491
0.237372
0.296523
0.292921
0.312626
0.451568
0.299727
0.237372
0.296523
0.292921
0.312626
0.451568
0.299727
0.238389
0.296533
0.292934
 0.31994
0.455191
0.306957
0.238389
0.296533
0.292934
 0.31994
0.455191
0.306957
0.239406
0.296541
0.292944
0.327248
0.458816
0.314182
0.239406
0.296541
0.292944
0.327248
0.458816
0.314182
 0.24042
0.296548
0.292952
0.334552
 0.46244
0.321404
 0.24042
0.296548
0.292952
0.334552
 0.46244
0.321404
0.241433
0.296554
0.292957
0.341855
0.466063
0.328622
0.241433
0.296554
0.292957
0.341855
0.466063
0.328622
0.242445
0.296558
 0.29296
0.349153
0.469687
0.335836
0.242445
0.296558
 0.29296
0.349153
0.469687
0.335836
0.243455
0.296561
0.292961
 0.35645
 0.47331
0.343047
0.243455
0.296561
0.292961
 0.35645
 0.47331
0.343047
0.244463
0.296563
0.292959
0.363746
0.476933
0.350256
0.244463
0.296563
0.292959
0.363746
0.476933
0.350256
0.245471
0.296563
0.292956
0.371039
0.480556
0.357461
0.245471
0.296563
0.292956
0.371039
0.480556
0.357461
0.246476
0.296562
 0.29295
0.378401
0.484187
 0.36466
0.246476
0.296562
 0.29295
0.378401
0.484187
 0.36466
0.247481
 0.29656
0.292941
0.385638
0.487802
0.371864
0.247481
 0.29656
0.292941
0.385638
0.487802
0.371864
0.248484
0.296557
0.292931
0.392894
 0.49142
0.379065
0.248484
0.296557
0.292931
0.392894
 0.49142
0.379065
0.249486
0.296553
0.292918
 0.40004
0.495026
0.386268
0.249486
0.296553
0.292918
 0.40004
0.495026
0.386268
0.250487
0.296547
0.292903
0.407498
0.498666
0.393454
0.250487
0.296547
0.292903
0.407498
0.498666
0.393454
0.251486
 0.29654
0.292886
  0.4148
0.502289
0.400647
0.251486
 0.29654
0.292886
  0.4148
0.502289
0.400647
0.252484
0.296533
0.292867
0.422088
0.505909
0.407837
0.252484
0.296533
0.292867
0.422088
0.505909
0.407837
0.253481
0.296524
0.292847
0.429375
0.509529
0.415026
0.253481
0.296524
0.292847
0.429375
0.509529
0.415026
0.254477
0.296514
0.292824
0.436662
0.513149
0.422213
0.254477
0.296514
0.292824
0.436662
0.513149
0.422213
0.255472
0.296503
0.292799
0.443949
0.516768
0.429398
0.255472
0.296503
0.292799
0.443949
0.516768
0.429398
0.256465
0.296491
0.292773
0.451236
0.520387
0.436582
0.256465
0.296491
0.292773
0.451236
0.520387
0.436582
0.257458
0.296478
0.292744
0.458524
0.524006
0.443763
0.257458
0.296478
0.292744
0.458524
0.524006
0.443763
0.258449
0.296464
0.292714
0.465811
0.527624
0.450943
0.258449
0.296464
0.292714
0.465811
0.527624
0.450943
 0.25944
 0.29645
0.292683
0.473099
0.531242
0.458122
 0.25944
 0.29645
0.292683
0.473099
0.531242
0.458122
0.260429
0.296434
 0.29265
0.480386
 0.53486
0.465299
0.260429
0.296434
 0.29265
0.480386
 0.53486
0.465299
0.261418
0.296418
0.292615
0.487674
0.538477
0.472474
0.261418
0.296418
0.292615
0.487674
0.538477
0.472474
0.262406
0.296401
0.292579
0.494961
0.542095
0.479647
0.262406
0.296401
0.292579
0.494961
0.542095
0.479647
0.263393
0.296383
0.292542
0.502249
0.545711
0.486819
0.263393
0.296383
0.292542
0.502249
0.545711
0.486819
0.264379
0.296364
0.292503
0.509536
0.549329
0.493989
0.264379
0.296364
0.292503
0.509536
0.549329
0.493989
0.265364
0.296345
0.292463
0.516824
0.552945
0.501158
0.265364
0.296345
0.292463
0.516824
0.552945
0.501158
0.266325
0.296302
0.292466
0.524128
0.556454
0.508357
0.266325
0.296302
0.292466
0.524128
0.556454
0.508357
0.267333
0.296305
0.292379
0.531397
0.560186
0.515488
0.267333
0.296305
0.292379
0.531397
0.560186
0.515488
0.268295
0.296263
0.292376
0.538698
 0.56371
0.522679
0.268295
0.296263
0.292376
0.538698
 0.56371
0.522679
0.269299
0.296263
 0.29229
0.545968
0.567431
0.529811
0.269299
0.296263
 0.29229
0.545968
0.567431
0.529811
0.270262
0.296222
0.292282
0.553268
0.570961
0.536995
0.270262
0.296222
0.292282
0.553268
0.570961
0.536995
0.271263
0.296219
0.292198
 0.56054
0.574671
0.544129
0.271263
0.296219
0.292198
 0.56054
0.574671
0.544129
0.272227
0.296178
0.292185
0.567836
0.578206
0.551306
0.272227
0.296178
0.292185
0.567836
0.578206
0.551306
 0.27321
0.296173
0.292103
0.574918
 0.58191
0.558287
 0.27321
0.296173
0.292103
0.574918
 0.58191
0.558287
0.274139
0.296134
0.292085
0.581761
0.585456
0.565095
0.274139
0.296134
0.292085
0.581761
0.585456
0.565095
0.275032
0.296079
0.292097
0.588365
0.588916
0.571714
0.275032
0.296079
0.292097
0.588365
0.588916
0.571714
0.275982
0.296102
0.291958
0.594684
0.592741
0.578045
0.275982
0.296102
0.291958
0.594684
0.592741
0.578045
0.276852
0.296065
0.291933
 0.60082
0.596255
0.584253
0.276852
0.296065
0.291933
 0.60082
0.596255
0.584253
0.277688
0.296015
0.291934
0.606755
0.599664
0.590294
0.277688
0.296015
0.291934
0.606755
0.599664
0.590294
0.278568
0.296028
 0.29181
 0.61245
0.603354
0.596089
0.278568
0.296028
 0.29181
 0.61245
0.603354
0.596089
0.279378
0.295993
0.291782
 0.61798
0.606768
0.601762
0.279378
0.295993
0.291782
 0.61798
0.606768
0.601762
0.280158
0.295947
0.291775
0.623329
0.610079
0.607278
0.280158
0.295947
0.291775
0.623329
0.610079
0.607278
0.280969
0.295953
0.291663
0.628468
0.613608
0.612577
0.280969
0.295953
0.291663
0.628468
0.613608
0.612577
 0.28172
0.295919
0.291632
0.633451
0.616891
0.617753
 0.28172
0.295919
0.291632
0.633451
0.616891
0.617753
0.282441
0.295876
0.291619
0.638195
0.620115
0.622737
0.282441
0.295876
0.291619
0.638195
0.620115
0.622737
0.283143
0.295835
0.291605
  0.6428
 0.62328
 0.62758
0.283143
0.295835
0.291605
  0.6428
 0.62328
 0.62758
0.283886
0.295854
 0.29147
0.647296
0.626641
0.632265
0.283886
0.295854
 0.29147
0.647296
0.626641
0.632265
0.284557
0.295822
0.291437
0.651709
0.629657
0.636874
0.284557
0.295822
0.291437
0.651709
0.629657
0.636874
0.285201
0.295783
0.291419
0.656011
0.632539
0.641366
0.285201
0.295783
0.291419
0.656011
0.632539
0.641366
0.285847
0.295725
  0.2914
0.659733
0.635582
  0.6455
0.285847
0.295725
  0.2914
0.659733
0.635582
  0.6455
0.286431
0.295709
0.291381
0.663617
0.638471
0.649584
0.286431
0.295709
0.291381
0.663617
0.638471
0.649584
0.287092
0.295721
0.291239
 0.66721
0.641596
 0.65348
0.287092
0.295721
0.291239
 0.66721
0.641596
 0.65348
0.287661
0.295696
0.291206
 0.67073
0.644384
 0.65727
0.287661
0.295696
0.291206
 0.67073
0.644384
 0.65727
0.288204
0.295666
0.291185
  0.6741
0.647066
0.660918
0.288204
0.295666
0.291185
  0.6741
0.647066
0.660918
 0.28875
0.295614
0.291165
0.677234
0.649692
0.664416
 0.28875
0.295614
0.291165
0.677234
0.649692
0.664416
 0.28927
 0.29557
0.291144
 0.68024
0.652265
0.667764
 0.28927
 0.29557
0.291144
 0.68024
0.652265
0.667764
0.289763
0.295535
0.291123
0.683121
0.654781
0.670965
0.289763
0.295535
0.291123
0.683121
0.654781
0.670965
0.290287
0.295565
0.290987
0.685852
0.657518
 0.67398
0.290287
0.295565
0.290987
0.685852
0.657518
 0.67398
0.290732
 0.29555
0.290957
0.688475
0.659921
0.676885
0.290732
 0.29555
0.290957
0.688475
0.659921
0.676885
0.291146
0.295538
0.290937
0.690967
0.662221
0.679648
0.291146
0.295538
0.290937
0.690967
0.662221
0.679648
0.291533
0.295534
0.290918
0.693322
0.664459
0.682265
0.291533
0.295534
0.290918
0.693322
0.664459
0.682265
0.291895
0.295538
0.290899
0.695539
0.666637
0.684735
0.291895
0.295538
0.290899
0.695539
0.666637
0.684735
0.292307
0.295473
0.290881
0.697354
0.668754
0.687058
0.292307
0.295473
0.290881
0.697354
0.668754
0.687058
0.292636
0.295473
0.290864
0.699244
0.670808
0.689236
0.292636
0.295473
0.290864
0.699244
0.670808
0.689236
0.293047
0.295475
0.290744
0.700797
0.673044
 0.69124
0.293047
0.295475
0.290744
0.700797
0.673044
 0.69124
0.293334
0.295487
 0.29072
0.702413
0.674969
0.693128
0.293334
0.295487
 0.29072
0.702413
0.674969
0.693128
0.293758
0.295338
0.290705
0.703843
 0.67682
  0.6953
0.293758
0.295338
0.290705
0.703843
 0.67682
  0.6953
0.293997
0.295354
0.290691
 0.70498
0.678565
0.696707
0.293997
0.295354
0.290691
 0.70498
0.678565
0.696707
0.294191
0.295398
0.290678
0.705922
0.680236
0.697839
0.294191
0.295398
0.290678
0.705922
0.680236
0.697839
 0.29438
0.295429
0.290665
0.706755
0.681849
0.698923
 0.29438
0.295429
0.290665
0.706755
0.681849
0.698923
0.294651
 0.29536
0.290654
0.707639
0.683423
0.700349
0.294651
 0.29536
0.290654
0.707639
0.683423
0.700349
0.294846
0.295348
0.290643
0.708271
0.684912
0.701377
0.294846
0.295348
0.290643
0.708271
0.684912
0.701377
0.295024
0.295336
0.290634
0.708752
 0.68633
0.702254
0.295024
0.295336
0.290634
0.708752
 0.68633
0.702254
0.295199
0.295309
0.290625
0.709114
0.687682
0.703057
0.295199
0.295309
0.290625
0.709114
0.687682
0.703057
0.295421
0.295317
0.290516
0.709343
0.689208
 0.70376
0.295421
0.295317
0.290516
0.709343
0.689208
 0.70376
0.295485
0.295315
0.290508
0.709322
  0.6903
0.704056
0.295485
0.295315
0.290508
0.709322
  0.6903
0.704056
0.295617
0.295332
  0.2905
0.709209
0.691498
0.704347
0.295617
0.295332
  0.2905
0.709209
0.691498
0.704347
0.295767
0.295222
0.290497
0.709122
0.692488
0.704895
0.295767
0.295222
0.290497
0.709122
0.692488
0.704895
0.295721
0.295268
0.290497
0.708566
0.693319
0.704533
0.295721
0.295268
0.290497
0.708566
0.693319
0.704533
0.295815
 0.29531
0.290489
0.708006
0.694381
0.704374
0.295815
 0.29531
0.290489
0.708006
0.694381
0.704374
 0.29584
  0.2953
0.290488
0.707325
0.695183
0.704122
 0.29584
  0.2953
0.290488
0.707325
0.695183
0.704122
0.295847
0.295294
0.290488
0.706501
0.695905
 0.70373
0.295847
0.295294
0.290488
0.706501
0.695905
 0.70373
0.295844
0.295297
0.290488
0.705455
0.696582
0.703184
0.295844
0.295297
0.290488
0.705455
0.696582
0.703184
0.295839
0.295302
0.290487
0.704634
0.697171
0.702673
0.295839
0.295302
0.290487
0.704634
0.697171
0.702673
0.295834
0.295308
0.290486
0.703805
0.697662
0.702226
0.295834
0.295308
0.290486
0.703805
0.697662
0.702226
0.295829
0.295314
0.290486
0.703244
0.698072
0.701864
0.295829
0.295314
0.290486
0.703244
0.698072
0.701864
0.295824
0.295319
0.290485
0.702645
 0.69841
0.701549
0.295824
0.295319
0.290485
0.702645
 0.69841
0.701549
0.295819
0.295325
0.290484
0.702335
0.698652
0.701339
0.295819
0.295325
0.290484
0.702335
0.698652
0.701339
0.295815
 0.29533
0.290483
0.701867
0.698904
0.701098
0.295815
 0.29533
0.290483
0.701867
0.698904
0.701098
 0.29581
0.295336
0.290483
0.701459
0.699069
0.700931
 0.29581
0.295336
0.290483
0.701459
0.699069
0.700931
0.295806
0.295341
0.290482
0.701424
0.699232
0.700803
0.295806
0.295341
0.290482
0.701424
0.699232
0.700803
0.295802
0.295346
0.290481
0.701112
0.699389
0.700646
0.295802
0.295346
0.290481
0.701112
0.699389
0.700646
0.295798
0.295351
 0.29048
0.700853
0.699543
0.700495
0.295798
0.295351
 0.29048
0.700853
0.699543
0.700495
0.295758
0.295321
0.290551
0.700619
0.699522
0.700363
0.295758
0.295321
0.290551
0.700619
0.699522
0.700363
0.295749
0.295321
 0.29056
 0.70068
0.699506
0.700373
0.295749
0.295321
 0.29056
 0.70068
0.699506
0.700373
0.295745
0.295326
0.290559
0.700449
0.699618
0.700271
0.295745
0.295326
0.290559
0.700449
0.699618
0.700271
0.295811
0.295399
 0.29055
0.700285
0.700013
0.700119
0.295811
0.295399
 0.29055
0.700285
0.700013
0.700119
0.295775
0.295372
0.290633
0.700379
0.699743
0.700227
0.295775
0.295372
0.290633
0.700379
0.699743
0.700227
0.295764
 0.29537
0.290646
0.700119
0.699778
0.700137
0.295764
 0.29537
0.290646
0.700119
0.699778
0.700137
0.295761
0.295374
0.290644
0.700354
0.699756
0.700184
0.295761
0.295374
0.290644
0.700354
0.699756
0.700184
0.295795
0.295416
0.290709
0.700154
0.699923
0.700087
0.295795
0.295416
0.290709
0.700154
0.699923
0.700087
0.295796
0.295425
0.290722
0.700206
0.699885
0.700125
0.295796
0.295425
0.290722
0.700206
0.699885
0.700125
0.295793
0.295429
0.290721
0.700181
 0.69989
0.700111
0.295793
0.295429
0.290721
0.700181
 0.69989
0.700111
0.295813
0.295457
0.290798
0.700149
0.699921
0.700091
0.295813
0.295457
0.290798
0.700149
0.699921
0.700091
0.295816
0.295467
0.290813
0.700126
0.699929
0.700077
0.295816
0.295467
0.290813
0.700126
0.699929
0.700077
0.295813
0.295471
0.290812
0.700108
0.699926
0.700066
0.295813
0.295471
0.290812
0.700108
0.699926
0.700066
0.295839
0.295503
0.290897
0.700086
0.699958
0.700053
0.295839
0.295503
0.290897
0.700086
0.699958
0.700053
0.295836
0.295507
0.290896
0.699943
0.699947
0.700033
0.295836
0.295507
0.290896
0.699943
0.699947
0.700033
0.295859
0.295537
0.290969
0.700136
0.699975
0.700044
0.295859
0.295537
0.290969
0.700136
0.699975
0.700044
0.295863
0.295548
0.290987
0.700072
 0.69997
0.700033
0.295863
0.295548
0.290987
0.700072
 0.69997
0.700033
0.295861
0.295552
0.290985
0.699937
0.699952
0.700018
0.295861
0.295552
0.290985
0.699937
0.699952
0.700018
0.295894
0.295591
0.291084
0.700113
0.699991
0.700028
0.295894
0.295591
0.291084
0.700113
0.699991
0.700028
0.295899
0.295602
0.291103
0.700053
0.699984
 0.70002
0.295899
0.295602
0.291103
0.700053
0.699984
 0.70002
0.295862
0.295573
 0.29117
0.699934
0.699794
0.700023
0.295862
0.295573
 0.29117
0.699934
0.699794
0.700023
0.295946
 0.29566
0.291181
0.700094
0.700071
0.700013
0.295946
 0.29566
0.291181
0.700094
0.700071
0.700013
0.295928
 0.29565
0.291248
0.700047
0.699954
0.700016
0.295928
 0.29565
0.291248
0.700047
0.699954
0.700016
0.295987
0.295713
0.291239
0.699907
0.700137
0.699985
0.295987
0.295713
0.291239
0.699907
0.700137
0.699985
0.295957
0.295689
0.291333
0.700093
0.699945
 0.70002
0.295957
0.295689
0.291333
0.700093
0.699945
 0.70002
0.296005
0.295742
0.291349
0.700024
0.700069
0.700001
0.296005
0.295742
0.291349
0.700024
0.700069
0.700001
0.295987
 0.29573
 0.29142
0.699907
0.699932
     0.7
0.295987
 0.29573
 0.29142
0.699907
0.699932
     0.7
0.296037
0.295784
0.291436
 0.70008
0.700071
0.700005
0.296037
0.295784
0.291436
 0.70008
0.700071
0.700005
0.296019
0.295772
0.291508
0.700036
0.699934
0.700012
0.296019
0.295772
0.291508
0.700036
0.699934
0.700012
 0.29607
0.295827
0.291524
  0.6999
0.700067
0.699986
 0.29607
0.295827
0.291524
  0.6999
0.700067
0.699986
0.296052
0.295815
0.291597
0.700086
0.699933
0.700016
0.296052
0.295815
0.291597
0.700086
0.699933
0.700016
0.296103
 0.29587
0.291613
0.700017
0.700071
0.699997
0.296103
 0.29587
0.291613
0.700017
0.700071
0.699997
0.296085
0.295858
0.291686
0.699901
0.699929
0.699998
0.296085
0.295858
0.291686
0.699901
0.699929
0.699998
0.296137
0.295913
0.291703
0.700075
0.700072
0.700003
0.296137
0.295913
0.291703
0.700075
0.700072
0.700003
0.296119
0.295901
0.291776
0.700033
0.699932
 0.70001
0.296119
0.295901
0.291776
0.700033
0.699932
 0.70001
0.296171
0.295956
0.291792
0.699897
0.700068
0.699984
0.296171
0.295956
0.291792
0.699897
0.700068
0.699984
0.296154
0.295944
0.291865
0.700083
0.699933
0.700015
0.296154
0.295944
0.291865
0.700083
0.699933
0.700015
0.296206
0.295999
 0.29188
0.700014
 0.70007
0.699996
0.296206
0.295999
 0.29188
0.700014
 0.70007
0.699996
0.296188
0.295987
0.291953
0.699897
 0.69993
0.699996
0.296188
0.295987
0.291953
0.699897
 0.69993
0.699996
 0.29624
0.296042
0.291968
0.700074
0.700071
0.700002
 0.29624
0.296042
0.291968
0.700074
0.700071
0.700002
0.296222
0.296029
0.292039
0.700031
0.699934
0.700009
0.296222
0.296029
0.292039
0.700031
0.699934
0.700009
0.296273
0.296083
0.292055
0.699894
0.700065
0.699984
0.296273
0.296083
0.292055
0.699894
0.700065
0.699984
0.296256
0.296071
0.292124
0.700083
0.699937
0.700014
0.296256
0.296071
0.292124
0.700083
0.699937
0.700014
0.296306
0.296124
0.292139
0.700014
0.700067
0.699996
0.296306
0.296124
0.292139
0.700014
0.700067
0.699996
 0.29629
0.296112
0.292207
0.699894
0.699934
0.699995
 0.29629
0.296112
0.292207
0.699894
0.699934
0.699995
0.296338
0.296163
0.292221
0.700075
0.700067
0.700003
0.296338
0.296163
0.292221
0.700075
0.700067
0.700003
0.296322
0.296151
0.292287
 0.70003
 0.69994
0.700008
0.296322
0.296151
0.292287
 0.70003
 0.69994
0.700008
 0.29635
0.296182
0.292303
0.699896
0.699992
 0.69999
 0.29635
0.296182
0.292303
0.699896
0.699992
 0.69999
0.296354
 0.29619
0.292365
0.700083
0.699948
0.700013
0.296354
 0.29619
0.292365
0.700083
0.699948
0.700013
 0.29638
0.296219
0.292379
0.700019
0.700006
0.700002
 0.29638
0.296219
0.292379
0.700019
0.700006
0.700002
0.296384
0.296227
0.292438
0.699887
0.699954
0.699992
0.296384
0.296227
0.292438
0.699887
0.699954
0.699992
 0.29641
0.296255
0.292453
 0.70008
0.700015
0.700007
 0.29641
0.296255
0.292453
 0.70008
0.700015
0.700007
0.296446
0.296293
0.292445
0.700017
0.700119
0.699993
0.296446
0.296293
0.292445
0.700017
0.700119
0.699993
0.296427
0.296279
0.292543
0.699897
0.699955
0.699993
0.296427
0.296279
0.292543
0.699897
0.699955
0.699993
0.296451
0.296305
0.292556
0.700081
0.700004
0.700008
0.296451
0.296305
0.292556
0.700081
0.700004
0.700008
0.296484
 0.29634
0.292549
0.700016
0.700101
0.699994
0.296484
 0.29634
0.292549
0.700016
0.700101
0.699994
0.296466
0.296327
0.292639
0.699891
 0.69995
0.699992
0.296466
0.296327
0.292639
0.699891
 0.69995
0.699992
0.296487
 0.29635
0.292651
0.700082
0.699997
0.700009
0.296487
 0.29635
0.292651
0.700082
0.699997
0.700009
0.296488
0.296354
0.292647
0.700025
0.699985
0.700004
0.296488
0.296354
0.292647
0.700025
0.699985
0.700004
0.296514
0.296383
0.292723
0.699878
0.700005
0.699987
0.296514
0.296383
0.292723
0.699878
0.700005
0.699987
 0.29652
0.296391
0.292734
0.700083
0.700006
0.700008
 0.29652
0.296391
0.292734
0.700083
0.700006
0.700008
0.296521
0.296395
 0.29273
0.700025
0.699993
0.700003
0.296521
0.296395
 0.29273
0.700025
0.699993
0.700003
0.296543
0.296419
0.292798
0.699877
0.700005
0.699987
0.296543
0.296419
0.292798
0.699877
0.700005
0.699987
0.296547
0.296426
0.292807
0.700085
0.700008
0.700008
0.296547
0.296426
0.292807
0.700085
0.700008
0.700008
0.296548
 0.29643
0.292803
0.700025
0.699999
0.700003
0.296548
 0.29643
0.292803
0.700025
0.699999
0.700003
0.296514
  0.2964
0.292866
 0.69989
0.699827
0.700001
0.296514
  0.2964
0.292866
 0.69989
0.699827
0.700001
0.296579
0.296464
0.292867
0.700082
0.700052
0.700004
0.296579
0.296464
0.292867
0.700082
0.700052
0.700004
0.296589
0.296476
0.292862
0.700019
0.700087
0.699996
0.296589
0.296476
0.292862
0.700019
0.700087
0.699996
 0.29659
0.296479
0.292857
 0.70001
0.700076
0.699996
 0.29659
0.296479
0.292857
 0.70001
0.700076
0.699996
0.296551
0.296445
0.292931
0.700017
0.699881
 0.70001
0.296551
0.296445
0.292931
0.700017
0.699881
 0.70001
0.296547
0.296444
0.292936
0.700087
0.699864
0.700019
0.296547
0.296444
0.292936
0.700087
0.699864
0.700019
0.296609
0.296505
0.292924
 0.69989
0.700155
 0.69993
0.296609
0.296505
0.292924
 0.69989
0.700155
 0.69993
0.296616
0.296514
0.292919
0.700064
0.700116
0.700002
0.296616
0.296514
0.292919
0.700064
0.700116
0.700002
0.296617
0.296517
0.292915
0.700002
0.700102
     0.7
0.296617
0.296517
0.292915
0.700002
0.700102
     0.7
0.296583
0.296487
 0.29298
0.699867
0.699925
0.699997
0.296583
0.296487
 0.29298
0.699867
0.699925
0.699997
0.296581
0.296487
0.292981
0.700081
0.699925
0.700018
0.296581
0.296487
0.292981
0.700081
0.699925
0.700018
0.296583
 0.29649
0.292976
0.699913
0.700006
0.699947
0.296583
 0.29649
0.292976
0.699913
0.700006
0.699947
0.296584
0.296494
0.292972
0.700085
0.699963
0.700018
0.296584
0.296494
0.292972
0.700085
0.699963
0.700018
0.296586
0.296497
0.292967
 0.70001
0.699976
0.700013
0.296586
0.296497
0.292967
 0.70001
0.699976
0.700013
0.296587
  0.2965
0.292962
 0.69998
0.700061
0.699954
0.296587
  0.2965
0.292962
 0.69998
0.700061
0.699954
0.296589
0.296503
0.292957
0.700003
0.700009
0.700011
0.296589
0.296503
0.292957
0.700003
0.700009
0.700011
0.296591
0.296506
0.292952
0.700076
0.700025
0.700019
0.296591
0.296506
0.292952
0.700076
0.700025
0.700019
0.296593
 0.29651
0.292947
0.699896
0.700104
0.699945
0.296593
 0.29651
0.292947
0.699896
0.700104
0.699945
0.296594
0.296513
0.292942
0.700069
0.700056
0.700017
0.296594
0.296513
0.292942
0.700069
0.700056
0.700017
0.296596
0.296516
0.292937
0.699995
0.700065
 0.70001
0.296596
0.296516
0.292937
0.699995
0.700065
 0.70001
0.296598
0.296519
0.292932
0.699963
0.700148
 0.69995
0.296598
0.296519
0.292932
0.699963
0.700148
 0.69995
  0.2966
0.296522
0.292926
0.699988
0.700093
0.700007
  0.2966
0.296522
0.292926
0.699988
0.700093
0.700007
0.296602
0.296525
0.292921
0.700062
0.700108
0.700015
0.296602
0.296525
0.292921
0.700062
0.700108
0.700015
0.296605
0.296529
0.292916
0.699981
0.700121
0.700003
0.296605
0.296529
0.292916
0.699981
0.700121
0.700003
0.296547
0.296475
0.292917
0.700066
0.699935
0.700022
0.296547
0.296475
0.292917
0.700066
0.699935
0.700022
0.296541
 0.29647
0.292913
0.699893
0.699986
0.699956
0.296541
 0.29647
0.292913
0.699893
0.699986
0.699956
0.296543
0.296474
0.292907
 0.70006
0.699973
0.700018
0.296543
0.296474
0.292907
 0.70006
0.699973
0.700018
0.296545
0.296477
0.292902
 0.69989
0.700063
0.699953
0.296545
0.296477
0.292902
 0.69989
0.700063
0.699953
0.296482
0.296418
0.292904
0.700078
0.699817
0.700033
0.296482
0.296418
0.292904
0.700078
0.699817
0.700033
0.296473
0.296411
  0.2929
0.699914
0.699869
0.699977
0.296473
0.296411
  0.2929
0.699914
0.699869
0.699977
0.296476
0.296414
0.292894
0.700074
0.699883
 0.70003
0.296476
0.296414
0.292894
0.700074
0.699883
 0.70003
0.296422
0.296364
0.292895
0.699921
 0.69979
0.699981
0.296422
0.296364
0.292895
0.699921
 0.69979
0.699981
 0.29647
0.296409
0.292777
0.700075
0.700033
0.700023
 0.29647
0.296409
0.292777
0.700075
0.700033
0.700023
0.296478
0.296417
 0.29276
  0.6999
0.700163
0.699953
0.296478
0.296417
 0.29276
  0.6999
0.700163
0.699953
0.296416
 0.29636
0.292762
0.700083
0.699917
0.700032
0.296416
 0.29636
0.292762
0.700083
0.699917
0.700032
0.296405
 0.29635
0.292758
0.699918
0.699953
0.699973
0.296405
 0.29635
0.292758
0.699918
0.699953
0.699973
0.296408
0.296353
0.292752
0.700076
0.699956
0.700028
0.296408
0.296353
0.292752
0.700076
0.699956
0.700028
0.296339
0.296289
0.292754
0.699926
0.699809
0.699982
0.296339
0.296289
0.292754
0.699926
0.699809
0.699982
0.296392
0.296337
0.292624
0.700078
 0.70007
0.700024
0.296392
0.296337
0.292624
0.700078
 0.70007
0.700024
0.296402
0.296347
0.292604
0.699902
0.700207
0.699953
0.296402
0.296347
0.292604
0.699902
0.700207
0.699953
0.296327
0.296277
0.292607
0.700087
0.699917
0.700034
0.296327
0.296277
0.292607
0.700087
0.699917
0.700034
0.296312
0.296264
0.292606
0.700095
 0.69987
0.700039
0.296312
0.296264
0.292606
0.700095
 0.69987
0.700039
0.296317
0.296268
0.292597
0.700064
0.699961
0.700025
0.296317
0.296268
0.292597
0.700064
0.699961
0.700025
  0.2963
0.296252
0.292479
0.699895
0.700074
0.699961
  0.2963
0.296252
0.292479
0.699895
0.700074
0.699961
0.296293
0.296245
 0.29246
0.700058
0.700049
0.700019
0.296293
0.296245
 0.29246
0.700058
0.700049
0.700019
0.296296
0.296248
0.292454
0.699887
 0.70014
0.699953
0.296296
0.296248
0.292454
0.699887
 0.70014
0.699953
0.296213
0.296171
0.292457
0.700076
0.699832
0.700034
0.296213
0.296171
0.292457
0.700076
0.699832
0.700034
0.296199
0.296158
0.292453
0.699916
0.699862
0.699981
0.296199
0.296158
0.292453
0.699916
0.699862
0.699981
 0.29627
0.296223
0.292315
0.700057
0.700207
0.700012
 0.29627
0.296223
0.292315
0.700057
0.700207
0.700012
0.296193
 0.29615
0.292302
0.699908
0.700045
0.699959
0.296193
 0.29615
0.292302
0.699908
0.700045
0.699959
0.296178
0.296136
0.292298
0.700076
0.699958
0.700028
0.296178
0.296136
0.292298
0.700076
0.699958
0.700028
0.296181
0.296139
0.292291
0.699907
0.700054
0.699967
0.296181
0.296139
0.292291
0.699907
0.700054
0.699967
0.296148
0.296108
0.292189
0.700081
0.700002
0.700029
0.296148
0.296108
0.292189
0.700081
0.700002
0.700029
0.296141
0.296101
0.292169
0.699915
0.700071
0.699967
0.296141
0.296101
0.292169
0.699915
0.700071
0.699967
0.296145
0.296104
0.292162
0.700069
0.700071
0.700022
0.296145
0.296104
0.292162
0.700069
0.700071
0.700022
0.296057
0.296023
0.292166
0.699925
0.699852
0.699977
0.296057
0.296023
0.292166
0.699925
0.699852
0.699977
0.296097
0.296058
0.292055
0.700078
0.700049
0.700026
0.296097
0.296058
0.292055
0.700078
0.700049
0.700026
0.296108
0.296069
0.292033
0.699905
0.700194
0.699958
0.296108
0.296069
0.292033
0.699905
0.700194
0.699958
0.296021
0.295988
0.292036
0.700089
0.699872
0.700036
0.296021
0.295988
0.292036
0.700089
0.699872
0.700036
0.296006
0.295974
0.292031
0.699927
0.699897
0.699982
0.296006
0.295974
0.292031
0.699927
0.699897
0.699982
0.296064
0.296026
 0.29192
0.700068
0.700172
0.700018
0.296064
0.296026
 0.29192
0.700068
0.700172
0.700018
0.295986
0.295954
0.291908
 0.69992
0.700007
0.699965
0.295986
0.295954
0.291908
 0.69992
0.700007
0.699965
0.295972
 0.29594
0.291903
0.700084
0.699929
0.700032
0.295972
 0.29594
0.291903
0.700084
0.699929
0.700032
0.295976
0.295943
0.291896
0.699914
0.700028
0.699971
0.295976
0.295943
0.291896
0.699914
0.700028
0.699971
0.295893
0.295866
0.291899
0.700093
0.699743
0.700042
0.295893
0.295866
0.291899
0.700093
0.699743
0.700042
0.295945
0.295913
0.291766
0.699925
0.700089
0.699977
0.295945
0.295913
0.291766
0.699925
0.700089
0.699977
0.295956
0.295923
0.291745
0.700069
0.700149
0.700019
0.295956
0.295923
0.291745
0.700069
0.700149
0.700019
0.295877
 0.29585
0.291747
0.699921
0.699955
0.699967
0.295877
 0.29585
0.291747
0.699921
0.699955
0.699967
0.295862
0.295836
0.291745
0.700083
0.699859
0.700033
0.295862
0.295836
0.291745
0.700083
0.699859
0.700033
0.295868
0.295841
0.291734
0.700076
0.699946
0.700029
0.295868
0.295841
0.291734
0.700076
0.699946
0.700029
0.295853
0.295825
0.291621
0.699912
0.700059
0.699967
0.295853
0.295825
0.291621
0.699912
0.700059
0.699967
0.295848
 0.29582
0.291603
 0.70007
0.700037
0.700024
0.295848
 0.29582
0.291603
 0.70007
0.700037
0.700024
0.295852
0.295823
0.291596
  0.6999
0.700127
0.699958
0.295852
0.295823
0.291596
  0.6999
0.700127
0.699958
0.295782
0.295759
0.291597
0.700081
0.699863
0.700033
0.295782
0.295759
0.291597
0.700081
0.699863
0.700033
0.295786
0.295763
0.291589
0.699741
0.700006
0.699906
0.295786
0.295763
0.291589
0.699741
0.700006
0.699906
 0.29579
0.295766
0.291582
0.700081
0.699961
0.700031
 0.29579
0.295766
0.291582
0.700081
0.699961
0.700031
0.295773
0.295749
0.291466
0.699944
0.700055
0.699978
0.295773
0.295749
0.291466
0.699944
0.700055
0.699978
0.295769
0.295745
 0.29145
0.700101
0.700028
0.700035
0.295769
0.295745
 0.29145
0.700101
0.700028
0.700035
0.295773
0.295748
0.291443
0.699928
0.700116
0.699968
0.295773
0.295748
0.291443
0.699928
0.700116
0.699968
0.295717
0.295696
0.291442
0.700101
0.699892
 0.70004
0.295717
0.295696
0.291442
0.700101
0.699892
 0.70004
0.295709
0.295689
0.291435
0.699937
0.699937
 0.69998
0.295709
0.295689
0.291435
0.699937
0.699937
 0.69998
0.295713
0.295693
0.291427
0.700087
0.699943
0.700034
0.295713
0.295693
0.291427
0.700087
0.699943
0.700034
0.295718
0.295696
 0.29142
0.699918
0.700038
0.699969
0.295718
0.295696
 0.29142
0.699918
0.700038
0.699969
0.295649
0.295633
 0.29142
0.700097
0.699781
0.700041
0.295649
0.295633
 0.29142
0.700097
0.699781
0.700041
  0.2957
0.295678
0.291304
 0.69993
0.700098
0.699975
  0.2957
0.295678
0.291304
 0.69993
0.700098
0.699975
0.295707
0.295684
0.291291
 0.70008
0.700114
0.700026
0.295707
0.295684
0.291291
 0.70008
0.700114
0.700026
0.295711
0.295688
0.291283
0.699908
0.700192
0.699954
0.295711
0.295688
0.291283
0.699908
0.700192
0.699954
0.295657
0.295639
0.291281
0.700089
0.699952
0.700034
0.295657
0.295639
0.291281
0.700089
0.699952
0.700034
0.295654
0.295636
0.291274
0.699925
0.700001
0.699971
0.295654
0.295636
0.291274
0.699925
0.700001
0.699971
0.295658
 0.29564
0.291266
0.700083
0.699985
0.700031
0.295658
 0.29564
0.291266
0.700083
0.699985
0.700031
0.295663
0.295643
0.291258
0.699914
 0.70007
0.699964
0.295663
0.295643
0.291258
0.699914
 0.70007
0.699964
0.295667
0.295647
 0.29125
0.700075
0.700044
0.700028
0.295667
0.295647
 0.29125
0.700075
0.700044
0.700028
0.295671
0.295651
0.291242
0.699906
0.700122
0.699959
0.295671
0.295651
0.291242
0.699906
0.700122
0.699959
0.295615
  0.2956
 0.29124
0.700091
0.699878
0.700037
0.295615
  0.2956
 0.29124
0.700091
0.699878
0.700037
0.295615
  0.2956
0.291232
0.699928
 0.69994
0.699975
0.295615
  0.2956
0.291232
0.699928
 0.69994
0.699975
0.295619
0.295604
0.291224
0.700087
0.699929
0.700034
0.295619
0.295604
0.291224
0.700087
0.699929
0.700034
0.295623
0.295607
0.291216
 0.69992
0.700015
0.699968
0.295623
0.295607
0.291216
 0.69992
0.700015
0.699968
0.295627
0.295611
0.291208
0.700082
 0.69999
0.700031
0.295627
0.295611
0.291208
0.700082
 0.69999
0.700031
0.295632
0.295615
0.291199
0.699915
0.700069
0.699963
0.295632
0.295615
0.291199
0.699915
0.700069
0.699963
0.295636
0.295619
0.291191
 0.70008
0.700031
 0.70003
0.295636
0.295619
0.291191
 0.70008
0.700031
 0.70003
 0.29564
0.295623
0.291182
 0.70001
 0.70004
0.700023
 0.29564
0.295623
0.291182
 0.70001
 0.70004
0.700023
0.295645
0.295628
0.291174
0.699974
0.700124
0.699962
0.295645
0.295628
0.291174
0.699974
0.700124
0.699962
0.295649
0.295632
0.291165
0.700007
0.700064
 0.70002
0.295649
0.295632
0.291165
0.700007
0.700064
 0.70002
0.295653
0.295636
0.291157
0.699869
0.700061
0.700007
0.295653
0.295636
0.291157
0.699869
0.700061
0.700007
0.295657
 0.29564
0.291148
0.700086
0.700085
0.700025
0.295657
 0.29564
0.291148
0.700086
0.700085
0.700025
0.295662
0.295644
 0.29114
0.700026
0.700088
0.700016
0.295662
0.295644
 0.29114
0.700026
0.700088
0.700016
0.295624
0.295612
 0.29121
0.700019
0.699904
0.700018
0.295624
0.295612
 0.29121
0.700019
0.699904
0.700018
0.295624
0.295612
 0.29121
0.699994
0.699962
0.699964
0.295624
0.295612
 0.29121
0.699994
0.699962
0.699964
0.295628
0.295616
0.291202
0.700016
 0.69992
0.700018
0.295628
0.295616
0.291202
0.700016
 0.69992
0.700018
0.295633
0.295621
0.291193
0.699996
0.700006
0.699966
0.295633
0.295621
0.291193
0.699996
0.700006
0.699966
0.295601
0.295594
0.291252
0.700025
0.699795
0.700026
0.295601
0.295594
0.291252
0.700025
0.699795
0.700026
  0.2956
0.295593
0.291255
 0.70001
0.699852
0.699979
  0.2956
0.295593
0.291255
 0.70001
0.699852
0.699979
0.295674
0.295661
0.291238
0.699999
0.700062
0.700017
0.295674
0.295661
0.291238
0.699999
0.700062
0.700017
0.295686
0.295672
0.291228
0.700075
0.700106
0.700024
0.295686
0.295672
0.291228
0.700075
0.700106
0.700024
0.295647
0.295638
0.291302
0.700014
0.699901
0.700021
0.295647
0.295638
0.291302
0.700014
0.699901
0.700021
0.295645
0.295637
0.291307
0.699876
0.699867
0.700006
0.295645
0.295637
0.291307
0.699876
0.699867
0.700006
0.295649
0.295641
0.291298
0.699994
0.699963
0.699964
0.295649
0.295641
0.291298
0.699994
0.699963
0.699964
0.295693
0.295683
0.291347
0.700011
0.700006
0.700013
0.295693
0.295683
0.291347
0.700011
0.700006
0.700013
  0.2957
0.295689
0.291352
0.700013
0.700011
0.700016
  0.2957
0.295689
0.291352
0.700013
0.700011
0.700016
0.295704
0.295694
0.291342
0.700017
0.700014
0.700015
0.295704
0.295694
0.291342
0.700017
0.700014
0.700015
 0.29567
0.295665
0.291407
0.700024
 0.69984
0.700018
 0.29567
0.295665
0.291407
0.700024
 0.69984
0.700018
0.295737
0.295726
0.291406
0.700072
0.700058
0.700014
0.295737
0.295726
0.291406
0.700072
0.700058
0.700014
0.295753
0.295741
0.291395
0.700005
  0.7001
0.700006
0.295753
0.295741
0.291395
0.700005
  0.7001
0.700006
0.295715
0.295709
0.291465
0.699882
0.699893
0.699998
0.295715
0.295709
0.291465
0.699882
0.699893
0.699998
0.295711
0.295706
0.291473
0.700086
0.699867
0.700019
0.295711
0.295706
0.291473
0.700086
0.699867
0.700019
0.295796
0.295783
0.291455
0.699901
0.700213
0.699937
0.295796
0.295783
0.291455
0.699901
0.700213
0.699937
0.295769
0.295761
0.291528
0.700013
0.699986
0.700009
0.295769
0.295761
0.291528
0.700013
0.699986
0.700009
0.295773
0.295766
0.291519
0.699898
0.699962
0.700002
0.295773
0.295766
0.291519
0.699898
0.699962
0.700002
0.295803
0.295794
0.291573
0.700083
 0.70002
0.700016
0.295803
0.295794
0.291573
0.700083
 0.70002
0.700016
0.295811
0.295803
 0.29158
0.700026
0.700016
 0.70001
0.295811
0.295803
 0.29158
0.700026
0.700016
 0.70001
0.295816
0.295808
 0.29157
0.699898
0.700004
0.699998
0.295816
0.295808
 0.29157
0.699898
0.700004
0.699998
0.295838
0.295829
0.291645
0.700082
0.700017
0.700012
0.295838
0.295829
0.291645
0.700082
0.700017
0.700012
0.295846
0.295838
0.291653
0.700025
 0.70001
0.700006
0.295846
0.295838
0.291653
0.700025
 0.70001
0.700006
0.295851
0.295843
0.291643
0.699899
0.699997
0.699995
0.295851
0.295843
0.291643
0.699899
0.699997
0.699995
0.295874
0.295866
0.291719
 0.70008
0.700013
0.700009
0.295874
0.295866
0.291719
 0.70008
0.700013
0.700009
0.295883
0.295875
0.291728
0.700025
0.700007
0.700005
0.295883
0.295875
0.291728
0.700025
0.700007
0.700005
0.295887
 0.29588
0.291718
0.699898
0.699994
0.699994
0.295887
 0.29588
0.291718
0.699898
0.699994
0.699994
0.295911
0.295904
0.291796
0.700079
0.700011
0.700008
0.295911
0.295904
0.291796
0.700079
0.700011
0.700008
 0.29592
0.295913
0.291805
0.700023
0.700005
0.700003
 0.29592
0.295913
0.291805
0.700023
0.700005
0.700003
0.295925
0.295918
0.291795
0.699898
0.699992
0.699993
0.295925
0.295918
0.291795
0.699898
0.699992
0.699993
0.295949
0.295942
0.291874
0.700079
 0.70001
0.700007
0.295949
0.295942
0.291874
0.700079
 0.70001
0.700007
0.295958
0.295951
0.291882
0.700023
0.700005
0.700003
0.295958
0.295951
0.291882
0.700023
0.700005
0.700003
0.295963
0.295956
0.291872
0.699898
0.699992
0.699992
0.295963
0.295956
0.291872
0.699898
0.699992
0.699992
0.295987
 0.29598
0.291952
0.700078
0.700009
0.700007
0.295987
 0.29598
0.291952
0.700078
0.700009
0.700007
0.295996
0.295989
 0.29196
0.700023
0.700004
0.700002
0.295996
0.295989
 0.29196
0.700023
0.700004
0.700002
   0.296
0.295995
 0.29195
0.699897
0.699992
0.699992
   0.296
0.295995
 0.29195
0.699897
0.699992
0.699992
0.296025
0.296018
0.292028
0.700078
0.700009
0.700007
0.296025
0.296018
0.292028
0.700078
0.700009
0.700007
0.296033
0.296027
0.292036
0.700023
0.700004
0.700002
0.296033
0.296027
0.292036
0.700023
0.700004
0.700002
0.296038
0.296032
0.292026
0.699896
0.699992
0.699992
0.296038
0.296032
0.292026
0.699896
0.699992
0.699992
0.296061
0.296055
0.292103
0.700078
0.700009
0.700006
0.296061
0.296055
0.292103
0.700078
0.700009
0.700006
 0.29607
0.296064
0.292111
0.700022
0.700004
0.700002
 0.29607
0.296064
0.292111
0.700022
0.700004
0.700002
0.296074
0.296069
  0.2921
0.699895
0.699993
0.699992
0.296074
0.296069
  0.2921
0.699895
0.699993
0.699992
0.296096
0.296091
0.292175
0.700078
0.700008
0.700006
0.296096
0.296091
0.292175
0.700078
0.700008
0.700006
0.296105
0.296099
0.292182
0.700022
0.700004
0.700002
0.296105
0.296099
0.292182
0.700022
0.700004
0.700002
 0.29611
0.296104
0.292172
0.699894
0.699995
0.699991
 0.29611
0.296104
0.292172
0.699894
0.699995
0.699991
 0.29613
0.296125
0.292244
0.700079
0.700008
0.700006
 0.29613
0.296125
0.292244
0.700079
0.700008
0.700006
0.296138
0.296133
0.292251
0.700022
0.700004
0.700002
0.296138
0.296133
0.292251
0.700022
0.700004
0.700002
0.296143
0.296138
 0.29224
0.699892
0.699997
0.699991
0.296143
0.296138
 0.29224
0.699892
0.699997
0.699991
0.296102
0.296104
0.292315
  0.7001
 0.69981
0.700014
0.296102
0.296104
0.292315
  0.7001
 0.69981
0.700014
0.296181
0.296175
0.292313
0.699917
0.700115
 0.69994
0.296181
0.296175
0.292313
0.699917
0.700115
 0.69994
0.296198
 0.29619
0.292301
0.700016
0.700104
0.700004
0.296198
 0.29619
0.292301
0.700016
0.700104
0.700004
 0.29616
0.296158
0.292372
0.700031
  0.6999
0.700011
 0.29616
0.296158
0.292372
0.700031
  0.6999
0.700011
0.296156
0.296156
0.292378
0.700026
0.699866
0.700012
0.296156
0.296156
0.292378
0.700026
0.699866
0.700012
0.296235
0.296226
0.292359
0.699981
  0.7002
 0.69995
0.296235
0.296226
0.292359
0.699981
  0.7002
 0.69995
 0.29621
0.296206
0.292424
 0.70002
0.699988
0.700009
 0.29621
0.296206
0.292424
 0.70002
0.699988
0.700009
0.296207
0.296204
0.292428
0.699899
0.699937
0.700002
0.296207
0.296204
0.292428
0.699899
0.699937
0.700002
0.296212
 0.29621
0.292417
0.700097
0.699966
0.700021
0.296212
 0.29621
0.292417
0.700097
0.699966
0.700021
0.296243
0.296238
0.292471
0.699915
0.700082
0.699944
0.296243
0.296238
0.292471
0.699915
0.700082
0.699944
0.296248
0.296243
 0.29246
0.699885
0.700014
0.699999
0.296248
0.296243
 0.29246
0.699885
0.700014
0.699999
0.296254
0.296249
0.292449
0.700106
0.700036
0.700024
0.296254
0.296249
0.292449
0.700106
0.700036
0.700024
0.296217
0.296218
0.292518
0.700049
0.699849
0.700018
0.296217
0.296218
0.292518
0.700049
0.699849
0.700018
0.296215
0.296217
 0.29252
0.699814
0.699885
0.699946
0.296215
0.296217
 0.29252
0.699814
0.699885
0.699946
0.296295
0.296288
0.292501
0.700093
0.700124
0.700019
0.296295
0.296288
0.292501
0.700093
0.700124
0.700019
0.296308
0.296299
0.292489
0.700042
0.700155
0.700016
0.296308
0.296299
0.292489
0.700042
0.700155
0.700016
0.296269
0.296267
 0.29256
0.699913
0.699946
0.700003
0.296269
0.296267
 0.29256
0.699913
0.699946
0.700003
0.296269
0.296267
0.292561
0.700103
0.699945
 0.70002
0.296269
0.296267
0.292561
0.700103
0.699945
 0.70002
0.296275
0.296273
0.292549
0.699943
0.700025
0.699952
0.296275
0.296273
0.292549
0.699943
0.700025
0.699952
0.296281
0.296278
0.292538
0.700033
0.699985
0.700015
0.296281
0.296278
0.292538
0.700033
0.699985
0.700015
0.296249
0.296252
0.292597
0.700014
0.699904
0.699964
0.296249
0.296252
0.292597
0.700014
0.699904
0.699964
 0.29625
0.296253
0.292595
0.700036
0.699841
0.700021
 0.29625
0.296253
0.292595
0.700036
0.699841
0.700021
0.296323
0.296316
0.292577
0.699998
0.700162
0.699969
0.296323
0.296316
0.292577
0.699998
0.700162
0.699969
0.296332
0.296324
0.292565
0.700018
0.700134
0.700018
0.296332
0.296324
0.292565
0.700018
0.700134
0.700018
0.296338
0.296329
0.292554
0.699888
0.700127
0.700007
0.296338
0.296329
0.292554
0.699888
0.700127
0.700007
0.296305
0.296302
0.292615
0.700089
0.699977
0.700024
0.296305
0.296302
0.292615
0.700089
0.699977
0.700024
0.296307
0.296304
 0.29261
 0.69993
0.700032
0.699956
0.296307
0.296304
 0.29261
 0.69993
0.700032
0.699956
0.296313
0.296309
0.292599
 0.70009
0.700005
0.700023
0.296313
0.296309
0.292599
 0.70009
0.700005
0.700023
0.296319
0.296314
0.292587
0.699928
0.700084
0.699959
0.296319
0.296314
0.292587
0.699928
0.700084
0.699959
0.296325
 0.29632
0.292576
0.700015
0.700046
 0.70002
0.296325
 0.29632
0.292576
0.700015
0.700046
 0.70002
0.296332
0.296325
0.292564
0.699997
0.700135
0.699967
0.296332
0.296325
0.292564
0.699997
0.700135
0.699967
0.296338
 0.29633
0.292553
0.700023
0.700087
0.700022
0.296338
 0.29633
0.292553
0.700023
0.700087
0.700022
0.296306
0.296303
0.292612
0.699787
0.699984
0.699947
0.296306
0.296303
0.292612
0.699787
0.699984
0.699947
 0.29631
0.296307
0.292604
0.700098
0.699958
 0.70003
 0.29631
0.296307
0.292604
0.700098
0.699958
 0.70003
0.296317
0.296312
0.292593
0.699947
0.700044
 0.69997
0.296317
0.296312
0.292593
0.699947
0.700044
 0.69997
0.296323
0.296317
0.292581
0.700099
 0.70003
0.700031
0.296323
0.296317
0.292581
0.700099
 0.70003
0.700031
 0.29633
0.296322
0.292569
0.699934
0.700113
0.699966
 0.29633
0.296322
0.292569
0.699934
0.700113
0.699966
0.296336
0.296327
0.292557
0.700087
0.700088
 0.70003
0.296336
0.296327
0.292557
0.700087
0.700088
 0.70003
