 0.230469
0.0211418
 0.739773
  2.01977
 0.205814
 0.325861
 0.230461
0.0211807
 0.739671
  2.01977
  0.20588
 0.325788
 0.230438
0.0212988
 0.739369
  2.01975
 0.206078
 0.325568
  0.2304
0.021496
0.738866
 2.01973
0.206409
0.325202
 0.230346
0.0217724
 0.738163
   2.0197
 0.206873
 0.324688
0.230278
0.022128
0.737259
 2.01966
0.207468
0.324028
 0.230195
0.0225627
 0.736155
  2.01961
 0.208197
 0.323222
 0.230096
0.0230766
  0.73485
  2.01955
 0.209057
 0.322269
 0.229983
0.0236698
 0.733345
  2.01949
  0.21005
 0.321169
 0.229855
0.0243421
 0.731639
  2.01941
 0.211175
 0.319923
 0.229711
0.0250936
 0.729733
  2.01933
 0.212433
  0.31853
 0.229553
0.0259244
 0.727626
  2.01923
 0.213823
  0.31699
  0.22938
0.0268344
 0.725319
  2.01913
 0.215345
 0.315304
 0.229191
0.0278236
 0.722812
  2.01902
    0.217
 0.313471
0.228988
0.028892
0.720104
  2.0189
0.218787
0.311491
  0.22877
0.0300397
 0.717196
  2.01877
 0.220707
 0.309365
 0.228537
0.0312667
 0.714087
  2.01863
 0.222759
 0.307092
0.228289
0.032573
0.710778
 2.01849
0.224943
0.304672
 0.228026
0.0339585
 0.707269
  2.01833
  0.22726
 0.302106
 0.227748
0.0354233
  0.70356
  2.01817
 0.229709
 0.299393
 0.227455
0.0369674
  0.69965
  2.01799
  0.23229
 0.296534
 0.227148
0.0385909
  0.69554
  2.01781
 0.235004
 0.293528
 0.226825
0.0402937
  0.69123
  2.01762
 0.237851
 0.290375
 0.226488
0.0420758
  0.68672
  2.01742
 0.240829
 0.287076
 0.226136
0.0439373
 0.682009
  2.01721
  0.24394
  0.28363
 0.225769
0.0458782
 0.677099
  2.01699
 0.247184
 0.280037
 0.225387
0.0478984
 0.671988
  2.01676
 0.250559
 0.276298
0.224991
0.049998
0.666677
 2.01653
0.254068
0.272412
 0.224579
0.0521771
 0.661166
  2.01628
 0.257708
 0.268379
 0.224153
0.0544356
 0.655455
  2.01603
 0.261481
   0.2642
 0.223712
0.0567735
 0.649545
  2.01577
 0.265386
 0.259874
 0.223257
0.0591909
 0.643434
   2.0155
 0.269424
 0.255402
 0.222786
0.0616877
 0.637123
  2.01522
 0.273594
 0.250783
 0.222301
0.0642641
 0.630613
  2.01493
 0.277897
 0.246017
0.221804
0.066902
0.623946
 2.01463
0.282302
0.241137
 0.221306
0.0695435
 0.617267
  2.01433
 0.286715
  0.23625
0.220807
0.072184
0.610585
 2.01404
0.291128
0.231362
 0.220306
0.0748236
 0.603902
  2.01374
  0.29554
 0.226474
 0.219805
0.0774623
 0.597217
  2.01344
 0.299953
 0.221586
 0.219303
0.0801001
 0.590531
  2.01315
 0.304366
 0.216698
  0.2188
0.082737
0.583842
 2.01285
0.308779
 0.21181
0.218296
0.085373
0.577152
 2.01255
0.313192
0.206922
 0.217791
0.0880082
  0.57046
  2.01226
 0.317604
 0.202034
 0.217286
0.0906426
 0.563766
  2.01196
 0.322017
 0.197146
 0.216779
0.0932761
 0.557071
  2.01166
  0.32643
 0.192258
 0.216272
0.0959089
 0.550374
  2.01137
 0.330843
  0.18737
 0.215764
0.0985409
 0.543676
  2.01107
 0.335256
 0.182482
0.215256
0.101172
0.536976
 2.01078
0.339668
0.177595
0.214746
0.103803
0.530275
 2.01048
0.344081
0.172707
0.214236
0.106433
0.523572
 2.01018
0.348494
0.167819
0.213726
0.109062
0.516868
 2.00989
0.352907
0.162931
0.213214
 0.11169
0.510163
 2.00959
 0.35732
0.158043
0.212702
0.114318
0.503456
 2.00929
0.361732
0.153155
0.212189
0.116945
0.496748
   2.009
0.366145
0.148267
0.211676
0.119572
0.490039
  2.0087
0.370558
0.143379
0.211162
0.122198
0.483329
  2.0084
0.374971
0.138491
0.210648
0.124823
0.476617
 2.00811
0.379384
0.133603
0.210133
0.127448
0.469905
 2.00781
0.383796
0.128715
0.209617
0.130072
0.463191
 2.00751
0.388209
0.123827
0.209101
0.132696
0.456477
 2.00722
0.392622
 0.11894
0.208584
 0.13532
0.449761
 2.00692
0.397035
0.114052
0.208067
0.137943
0.443044
 2.00662
0.401447
0.109164
 0.20755
0.140565
0.436327
 2.00633
 0.40586
0.104276
 0.207032
 0.143187
 0.429609
  2.00603
 0.410273
0.0993879
0.206514
0.145809
 0.42289
 2.00573
0.414686
  0.0945
 0.205995
  0.14843
  0.41617
  2.00544
 0.419099
0.0896121
 0.205476
 0.151051
  0.40945
  2.00514
 0.423511
0.0847241
 0.204958
 0.153667
 0.402739
  2.00484
 0.427917
0.0798444
 0.204449
  0.15622
 0.396183
  2.00456
 0.432219
0.0750786
 0.203955
 0.158693
 0.389823
  2.00428
 0.436389
0.0704596
 0.203473
 0.161084
 0.383661
    2.004
 0.440427
0.0659871
 0.203006
 0.163395
 0.377696
  2.00374
 0.444332
0.0616613
 0.202551
 0.165626
 0.371929
  2.00349
 0.448105
0.0574821
  0.20211
 0.167775
 0.366359
  2.00324
 0.451746
0.0534496
 0.201683
 0.169844
 0.360987
  2.00301
 0.455254
0.0495637
 0.201269
 0.171832
 0.355812
  2.00278
  0.45863
0.0458244
 0.200869
  0.17374
 0.350835
  2.00256
 0.461873
0.0422318
 0.200482
 0.175567
 0.346056
  2.00235
 0.464984
0.0387858
 0.200109
 0.177313
 0.341474
  2.00215
 0.467963
0.0354865
  0.19975
 0.178979
  0.33709
  2.00196
 0.470809
0.0323337
 0.199404
 0.180565
 0.332904
  2.00178
 0.473523
0.0293277
 0.199072
  0.18207
 0.328916
  2.00161
 0.476105
0.0264682
 0.198754
 0.183494
 0.325125
  2.00144
 0.478554
0.0237554
 0.198449
 0.184838
 0.321533
  2.00129
  0.48087
0.0211893
 0.198159
 0.186101
 0.318138
  2.00114
 0.483055
0.0187697
 0.197882
 0.187284
 0.314942
    2.001
 0.485107
0.0164968
 0.197618
 0.188387
 0.311943
  2.00087
 0.487026
0.0143706
0.197369
0.189409
0.309143
 2.00075
0.488813
0.012391
0.197133
0.190351
0.306541
 2.00064
0.490468
0.010558
  0.196911
  0.191212
  0.304137
   2.00054
  0.491991
0.00887167
  0.196704
  0.191994
  0.301931
   2.00044
  0.493381
0.00733196
  0.19651
 0.192695
 0.299924
  2.00036
 0.494638
0.0059389
   0.19633
  0.193315
  0.298114
   2.00028
  0.495764
0.00469247
  0.196163
  0.193856
  0.296504
   2.00022
  0.496757
0.00359268
  0.196011
  0.194316
  0.295091
   2.00016
  0.497617
0.00263953
  0.195873
  0.194696
  0.293877
   2.00011
  0.498345
0.00183302
  0.195749
  0.194995
  0.292862
   2.00007
  0.498941
0.00117314
   0.195639
   0.195215
   0.292045
    2.00004
   0.499404
0.000659897
   0.195543
   0.195354
   0.291426
    2.00002
   0.499735
0.000293294
    0.19546
   0.195413
   0.291006
          2
   0.499934
7.33283e-05
   0.195392
   0.195392
   0.290785
          2
        0.5
3.15182e-13
   0.195343
   0.195332
   0.290669
    1.99997
   0.500011
2.81216e-05
   0.195316
   0.195271
   0.290565
    1.99989
   0.500045
0.000112493
   0.195313
   0.195211
   0.290474
    1.99975
   0.500101
0.000253114
   0.195332
   0.195152
   0.290394
    1.99955
    0.50018
0.000449986
   0.195374
   0.195093
   0.290326
     1.9993
   0.500281
0.000703107
  0.195439
  0.195034
  0.290271
   1.99899
  0.500405
0.00101248
 0.195528
 0.194976
 0.290228
  1.99862
 0.500551
0.0013781
  0.195639
  0.194919
  0.290198
    1.9982
   0.50072
0.00179997
  0.195773
  0.194862
  0.290179
   1.99772
  0.500911
0.00227809
   0.19593
  0.194805
  0.290173
   1.99719
  0.501125
0.00281246
  0.196111
  0.194749
   0.29018
    1.9966
  0.501361
0.00340308
  0.196314
  0.194694
  0.290198
   1.99595
   0.50162
0.00404995
  0.196541
  0.194639
   0.29023
   1.99525
  0.501901
0.00475307
   0.19679
  0.194585
  0.290273
   1.99449
  0.502205
0.00551244
  0.197063
  0.194532
   0.29033
   1.99367
  0.502531
0.00632806
  0.197359
  0.194479
  0.290398
    1.9928
   0.50288
0.00719993
  0.197678
  0.194427
   0.29048
   1.99187
  0.503251
0.00812805
  0.198021
  0.194376
  0.290574
   1.99089
  0.503645
0.00911242
0.198386
0.194325
 0.29068
 1.98985
0.504061
0.010153
 0.198775
 0.194275
   0.2908
  1.98875
   0.5045
0.0112499
0.199187
0.194225
0.290932
  1.9876
0.504961
0.012403
 0.199622
 0.194177
 0.291076
  1.98639
 0.505445
0.0136124
 0.20008
0.194129
0.291234
 1.98512
0.505951
0.014878
 0.200562
 0.194082
 0.291404
   1.9838
  0.50648
0.0161999
0.201067
0.194036
0.291587
 1.98242
0.507031
0.017578
 0.201595
  0.19399
 0.291783
  1.98099
 0.507605
0.0190124
0.202147
0.193946
0.291992
  1.9795
0.508201
0.020503
 0.202722
 0.193902
 0.292213
  1.97795
  0.50882
0.0220499
 0.20332
0.193859
0.292448
 1.97635
0.509461
0.023653
 0.203941
 0.193817
 0.292696
  1.97469
 0.510125
0.0253124
0.204586
0.193775
0.292956
 1.97297
0.510811
0.027028
 0.205255
 0.193735
 0.293229
   1.9712
  0.51152
0.0287998
0.205946
0.193695
0.293516
 1.96937
0.512251
0.030628
 0.206661
 0.193656
 0.293815
  1.96749
 0.513005
0.0325123
   0.2074
 0.193619
 0.294128
  1.96555
 0.513781
0.0344529
 0.208162
 0.193582
 0.294454
  1.96355
  0.51458
0.0364498
 0.208947
 0.193546
 0.294792
   1.9615
 0.515401
0.0385029
 0.209756
 0.193511
 0.295144
  1.95939
 0.516245
0.0406123
 0.210588
 0.193477
 0.295509
  1.95722
 0.517111
0.0427779
 0.211443
 0.193443
 0.295887
    1.955
    0.518
0.0449998
 0.212322
 0.193411
 0.296278
  1.95272
 0.518911
0.0472779
 0.213225
  0.19338
 0.296682
  1.95039
 0.519845
0.0496123
 0.214151
  0.19335
   0.2971
    1.948
 0.520801
0.0520029
   0.2151
  0.19332
 0.297531
  1.94555
  0.52178
0.0544497
 0.216073
 0.193292
 0.297975
  1.94305
 0.522781
0.0569529
  0.21707
 0.193265
 0.298432
  1.94049
 0.523805
0.0595122
 0.218089
 0.193238
 0.298902
  1.93787
 0.524851
0.0621278
 0.219133
 0.193213
 0.299386
   1.9352
  0.52592
0.0647997
   0.2202
 0.193189
 0.299883
  1.93247
 0.527011
0.0675278
  0.22129
 0.193165
 0.300393
  1.92969
 0.528125
0.0703122
 0.222404
 0.193143
 0.300916
  1.92685
 0.529261
0.0731528
 0.223541
 0.193122
 0.301453
  1.92395
  0.53042
0.0760497
 0.224702
 0.193101
 0.302003
    1.921
 0.531601
0.0790028
 0.225887
 0.193082
 0.302567
  1.91799
 0.532805
0.0820122
 0.227095
 0.193064
 0.303143
  1.91492
 0.534031
0.0850778
 0.228326
 0.193047
 0.303733
   1.9118
  0.53528
0.0881996
 0.229582
  0.19303
 0.304336
  1.90862
 0.536551
0.0913778
  0.23086
 0.193015
 0.304953
  1.90539
 0.537845
0.0946121
 0.232162
 0.193001
 0.305583
   1.9021
 0.539161
0.0979027
0.233488
0.192988
0.306226
 1.89875
  0.5405
 0.10125
0.234837
0.192976
0.306883
 1.89535
0.541861
0.104653
 0.23621
0.192965
0.307553
 1.89189
0.543245
0.108112
0.237606
0.192955
0.308236
 1.88837
0.544651
0.111628
0.239026
0.192947
0.308933
  1.8848
 0.54608
  0.1152
 0.24047
0.192939
0.309643
 1.88117
0.547531
0.118828
0.241937
0.192932
0.310366
 1.87749
0.549005
0.122512
0.243426
0.192926
0.311102
 1.87375
  0.5505
 0.12625
0.244921
0.192922
0.311843
    1.87
   0.552
    0.13
0.246418
0.192918
0.312586
 1.86625
  0.5535
 0.13375
0.247915
0.192915
 0.31333
  1.8625
   0.555
  0.1375
0.249413
0.192914
0.314077
 1.85875
  0.5565
 0.14125
0.250913
0.192913
0.314826
   1.855
   0.558
   0.145
0.252413
0.192914
0.315577
 1.85125
  0.5595
 0.14875
0.253915
0.192915
 0.31633
  1.8475
   0.561
  0.1525
0.255417
0.192918
0.317085
 1.84375
  0.5625
 0.15625
0.256921
0.192921
0.317842
    1.84
   0.564
    0.16
0.258426
0.192926
0.318602
 1.83625
  0.5655
 0.16375
0.259931
0.192931
0.319363
  1.8325
   0.567
0.167499
0.261438
0.192938
0.320126
 1.82875
  0.5685
0.171249
0.262945
0.192946
0.320891
   1.825
    0.57
0.174999
0.264454
0.192954
0.321658
 1.82125
  0.5715
0.178749
0.265964
0.192964
0.322427
  1.8175
   0.573
0.182499
0.267474
0.192974
0.323199
 1.81375
  0.5745
0.186249
0.268986
0.192986
0.323972
    1.81
   0.576
0.189999
0.270498
0.192998
0.324747
 1.80625
  0.5775
0.193749
0.272012
0.193012
0.325524
  1.8025
   0.579
0.197499
0.273526
0.193026
0.326302
 1.79875
  0.5805
0.201249
0.275041
0.193042
0.327083
   1.795
   0.582
0.204999
0.276558
0.193058
0.327866
 1.79125
  0.5835
0.208749
0.278075
0.193075
 0.32865
  1.7875
   0.585
0.212499
0.279593
0.193093
0.329437
 1.78375
  0.5865
0.216249
0.281112
0.193112
0.330225
    1.78
   0.588
0.219999
0.282632
0.193132
0.331015
 1.77625
  0.5895
0.223749
0.284153
0.193153
0.331807
  1.7725
   0.591
0.227499
0.285675
0.193175
  0.3326
 1.76875
  0.5925
0.231249
0.287198
0.193198
0.333395
   1.765
   0.594
0.234999
0.288721
0.193221
0.334192
 1.76125
  0.5955
0.238749
0.290245
0.193246
0.334991
  1.7575
   0.597
0.242499
0.291771
0.193271
0.335792
 1.75375
  0.5985
0.246249
0.293297
0.193297
0.336594
    1.75
     0.6
0.249999
0.294824
0.193324
0.337397
 1.74625
  0.6015
0.253749
0.296351
0.193351
0.338203
  1.7425
   0.603
0.257499
 0.29788
 0.19338
 0.33901
 1.73875
  0.6045
0.261249
0.299409
0.193409
0.339818
   1.735
   0.606
0.264999
0.300939
0.193439
0.340628
 1.73125
  0.6075
0.268749
 0.30247
 0.19347
 0.34144
  1.7275
   0.609
0.272499
0.304001
0.193502
0.342253
 1.72375
  0.6105
0.276249
0.305534
0.193534
0.343068
    1.72
   0.612
0.279999
0.307067
0.193567
0.343884
 1.71625
  0.6135
0.283749
  0.3086
0.193601
0.344701
  1.7125
   0.615
0.287499
0.310135
0.193635
 0.34552
 1.70875
  0.6165
0.291249
 0.31167
 0.19367
 0.34634
   1.705
   0.618
0.294999
0.313206
0.193706
0.347162
 1.70125
  0.6195
0.298749
0.314742
0.193742
0.347985
  1.6975
   0.621
0.302499
0.316279
 0.19378
0.348809
 1.69375
  0.6225
0.306249
0.317817
0.193817
0.349634
    1.69
   0.624
0.309999
0.319355
0.193856
0.350461
 1.68625
  0.6255
0.313749
0.320894
0.193895
0.351289
  1.6825
   0.627
0.317499
0.322434
0.193934
0.352118
 1.67875
  0.6285
0.321249
0.323974
0.193974
0.352948
   1.675
    0.63
0.324999
0.325515
0.194015
 0.35378
 1.67125
  0.6315
0.328749
0.327056
0.194056
0.354612
  1.6675
   0.633
0.332499
0.328598
0.194098
0.355445
 1.66375
  0.6345
0.336249
 0.33014
 0.19414
 0.35628
    1.66
   0.636
0.339999
0.331682
0.194183
0.357115
 1.65625
  0.6375
0.343749
0.333226
0.194226
0.357952
  1.6525
   0.639
0.347499
0.334769
0.194269
0.358789
 1.64875
  0.6405
0.351249
0.336313
0.194314
0.359627
   1.645
   0.642
0.354999
0.337858
0.194358
0.360466
 1.64125
  0.6435
0.358749
0.339403
0.194403
0.361306
  1.6375
   0.645
0.362499
0.340948
0.194448
0.362147
 1.63375
  0.6465
0.366249
0.342494
0.194494
0.362988
    1.63
   0.648
0.369999
 0.34404
 0.19454
 0.36383
 1.62625
  0.6495
0.373749
0.345581
0.194587
0.364671
 1.62251
0.650995
0.377487
0.347102
0.194633
0.365501
 1.61883
0.652469
0.381171
  0.3486
 0.19468
0.366321
  1.6152
 0.65392
0.384799
0.350076
0.194728
 0.36713
 1.61163
0.655348
0.388371
 0.35153
0.194776
0.367928
 1.60811
0.656755
0.391887
0.352962
0.194823
0.368716
 1.60465
0.658139
0.395346
0.354371
0.194872
0.369493
 1.60125
  0.6595
0.398749
0.355759
 0.19492
0.370259
  1.5979
0.660838
0.402096
0.357123
0.194969
0.371015
 1.59461
0.662155
0.405387
0.358466
0.195017
0.371759
 1.59138
0.663449
0.408621
0.359786
0.195066
0.372493
  1.5882
 0.66472
0.411799
0.361084
0.195116
0.373216
 1.58508
0.665969
0.414921
 0.36236
0.195165
0.373927
 1.58201
0.667195
0.417987
0.363613
0.195214
0.374628
   1.579
0.668398
0.420996
0.364844
0.195264
0.375318
 1.57605
 0.66958
0.423949
0.366052
0.195314
0.375996
 1.57315
0.670739
0.426846
0.367238
0.195363
0.376664
 1.57031
0.671875
0.429687
0.368402
0.195413
 0.37732
 1.56753
0.672989
0.432471
0.369543
0.195463
0.377966
  1.5648
 0.67408
0.435199
0.370661
0.195513
  0.3786
 1.56213
0.675149
0.437871
0.371758
0.195563
0.379223
 1.55951
0.676195
0.440487
0.372831
0.195613
0.379834
 1.55695
0.677219
0.443046
0.373882
0.195662
0.380435
 1.55445
 0.67822
 0.44555
0.374911
0.195712
0.381024
   1.552
0.679199
0.447996
0.375917
0.195762
0.381601
 1.54961
0.680155
0.450387
  0.3769
0.195812
0.382168
 1.54728
0.681089
0.452721
0.377861
0.195861
0.382723
   1.545
   0.682
   0.455
0.378799
0.195911
0.383266
 1.54278
0.682889
0.457221
0.379715
 0.19596
0.383798
 1.54061
0.683755
0.459387
0.380608
0.196009
0.384318
  1.5385
0.684599
0.461496
0.381478
0.196059
0.384827
 1.53645
 0.68542
 0.46355
0.382326
0.196108
0.385324
 1.53445
0.686219
0.465546
0.383151
0.196156
 0.38581
 1.53251
0.686995
0.467487
0.383953
0.196205
0.386284
 1.53063
0.687749
0.469371
0.384733
0.196253
0.386746
  1.5288
 0.68848
  0.4712
 0.38549
0.196301
0.387197
 1.52703
0.689189
0.472971
0.386224
0.196349
0.387636
 1.52531
0.689875
0.474687
0.386935
0.196397
0.388063
 1.52365
0.690539
0.476347
0.387624
0.196444
0.388478
 1.52205
 0.69118
 0.47795
 0.38829
0.196491
0.388882
  1.5205
0.691799
0.479497
0.388933
0.196538
0.389273
 1.51901
0.692395
0.480987
0.389553
0.196584
0.389653
 1.51758
0.692969
0.482422
 0.39015
 0.19663
0.390021
  1.5162
 0.69352
  0.4838
0.390725
0.196676
0.390377
 1.51488
0.694049
0.485122
0.391276
0.196721
 0.39072
 1.51361
0.694555
0.486387
0.391805
0.196766
0.391052
  1.5124
0.695039
0.487597
0.392311
0.196811
0.391372
 1.51125
  0.6955
 0.48875
0.392794
0.196855
 0.39168
 1.51015
0.695939
0.489847
0.393254
0.196899
0.391976
 1.50911
0.696355
0.490887
0.393691
0.196942
0.392259
 1.50813
0.696749
0.491872
0.394105
0.196985
0.392531
  1.5072
 0.69712
  0.4928
0.394497
0.197028
 0.39279
 1.50633
0.697469
0.493672
0.394865
 0.19707
0.393037
 1.50551
0.697795
0.494487
 0.39521
0.197111
0.393272
 1.50475
0.698099
0.495247
0.395532
0.197152
0.393495
 1.50405
 0.69838
 0.49595
0.395831
0.197193
0.393705
  1.5034
0.698639
0.496597
0.396108
0.197233
0.393903
 1.50281
0.698875
0.497187
0.396361
0.197272
0.394089
 1.50228
0.699089
0.497722
0.396591
0.197311
0.394262
  1.5018
 0.69928
  0.4982
0.396798
0.197349
0.394423
 1.50138
0.699449
0.498622
0.396982
0.197387
0.394572
 1.50101
0.699595
0.498987
0.397143
0.197424
0.394708
  1.5007
0.699719
0.499297
0.397281
0.197461
0.394832
 1.50045
 0.69982
 0.49955
0.397396
0.197497
0.394944
 1.50025
0.699899
0.499747
0.397488
0.197533
0.395043
 1.50011
0.699955
0.499887
0.397556
0.197567
0.395129
 1.50003
0.699989
0.499972
0.397602
0.197602
0.395203
     1.5
     0.7
     0.5
0.397635
 0.19764
0.395273
 1.49999
0.699995
0.500013
0.397668
0.197688
0.395346
 1.49995
 0.69998
 0.50005
  0.3977
0.197745
0.395423
 1.49989
0.699955
0.500112
0.397732
0.197812
0.395504
  1.4998
 0.69992
  0.5002
0.397763
0.197888
0.395588
 1.49969
0.699875
0.500312
0.397793
0.197973
0.395676
 1.49955
 0.69982
 0.50045
0.397822
0.198067
0.395767
 1.49939
0.699755
0.500612
0.397851
0.198171
0.395863
  1.4992
 0.69968
  0.5008
0.397879
0.198284
0.395961
 1.49899
0.699595
0.501012
0.397907
0.198407
0.396064
 1.49875
  0.6995
 0.50125
0.397934
0.198539
 0.39617
 1.49849
0.699395
0.501512
 0.39796
0.198679
0.396279
  1.4982
 0.69928
  0.5018
0.397985
 0.19883
0.396392
 1.49789
0.699155
0.502112
0.398009
0.198989
0.396509
 1.49755
 0.69902
 0.50245
0.398033
0.199158
0.396629
 1.49719
0.698875
0.502812
0.398056
0.199336
0.396752
  1.4968
 0.69872
  0.5032
0.398078
0.199523
0.396879
 1.49639
0.698555
0.503612
 0.3981
0.19972
0.39701
1.49595
0.69838
0.50405
0.398121
0.199926
0.397144
 1.49549
0.698195
0.504512
0.398141
0.200141
0.397281
   1.495
   0.698
   0.505
 0.39816
0.200365
0.397422
 1.49449
0.697795
0.505512
0.398178
0.200598
0.397566
 1.49395
 0.69758
 0.50605
0.398196
0.200841
0.397714
 1.49339
0.697355
0.506612
0.398213
0.201093
0.397865
  1.4928
 0.69712
  0.5072
0.398229
0.201354
 0.39802
 1.49219
0.696875
0.507812
0.398244
0.201624
0.398178
 1.49155
 0.69662
 0.50845
0.398259
0.201903
 0.39834
 1.49089
0.696355
0.509112
0.398272
0.202192
0.398504
  1.4902
 0.69608
  0.5098
0.398285
 0.20249
0.398673
 1.48949
0.695795
0.510512
0.398297
0.202797
0.398844
 1.48875
  0.6955
 0.51125
0.398308
0.203113
0.399019
 1.48799
0.695195
0.512012
0.398319
0.203439
0.399198
  1.4872
 0.69488
  0.5128
0.398329
0.203774
 0.39938
 1.48639
0.694555
0.513612
0.398338
0.204117
0.399565
 1.48555
 0.69422
 0.51445
0.398346
 0.20447
0.399754
 1.48469
0.693875
0.515312
0.398353
0.204833
0.399946
  1.4838
 0.69352
  0.5162
0.398359
0.205204
0.400141
 1.48289
0.693155
0.517112
0.398365
0.205585
 0.40034
 1.48195
 0.69278
 0.51805
 0.39837
0.205975
0.400542
 1.48099
0.692395
0.519012
0.398374
0.206374
0.400748
    1.48
   0.692
    0.52
0.398377
0.206782
0.400957
 1.47899
0.691595
0.521012
 0.39838
0.207199
0.401169
 1.47795
 0.69118
 0.52205
0.398381
0.207626
0.401385
 1.47689
0.690755
0.523112
0.398382
0.208062
0.401604
  1.4758
 0.69032
  0.5242
0.398382
0.208507
0.401826
 1.47469
0.689875
0.525312
0.398381
0.208961
0.402052
 1.47355
 0.68942
 0.52645
 0.39838
0.209425
0.402282
 1.47239
0.688955
0.527612
0.398377
0.209897
0.402515
  1.4712
 0.68848
  0.5288
0.398374
0.210379
0.402751
 1.46999
0.687995
0.530012
 0.39837
 0.21087
0.402991
 1.46875
  0.6875
 0.53125
0.398366
0.211371
0.403234
 1.46749
0.686995
0.532512
0.39836
0.21188
0.40348
 1.4662
0.68648
 0.5338
0.398354
0.212399
 0.40373
 1.46489
0.685955
0.535112
0.398347
0.212927
0.403984
 1.46355
 0.68542
 0.53645
0.398339
0.213464
0.404241
 1.46219
0.684875
0.537812
0.398331
0.214011
0.404501
  1.4608
 0.68432
  0.5392
0.398321
0.214566
0.404765
 1.45939
0.683755
0.540612
0.398311
0.215131
0.405033
 1.45795
 0.68318
 0.54205
0.398301
0.215706
0.405304
 1.45649
0.682595
0.543512
0.398289
0.216289
0.405578
   1.455
   0.682
   0.545
0.398277
0.216882
0.405856
 1.45349
0.681395
0.546512
0.398264
0.217484
0.406138
 1.45195
 0.68078
 0.54805
 0.39825
0.218095
0.406423
 1.45039
0.680155
0.549612
0.398236
0.218716
0.406712
  1.4488
 0.67952
0.551199
0.398221
0.219346
0.407004
 1.44719
0.678875
0.552812
0.398205
0.219985
  0.4073
 1.44555
 0.67822
0.554449
0.398189
0.220634
  0.4076
 1.44389
0.677555
0.556112
0.398172
0.221292
0.407903
  1.4422
 0.67688
0.557799
0.398154
0.221959
 0.40821
 1.44049
0.676195
0.559512
0.398135
0.222635
0.408521
 1.43875
  0.6755
0.561249
0.398116
0.223321
0.408835
 1.43699
0.674795
0.563012
0.398097
0.224016
0.409153
  1.4352
 0.67408
0.564799
0.398076
0.224721
0.409475
 1.43339
0.673355
0.566612
0.398055
0.225435
  0.4098
 1.43155
 0.67262
0.568449
0.398033
0.226158
0.410129
 1.42969
0.671875
0.570312
0.398011
0.226891
0.410462
  1.4278
 0.67112
0.572199
0.397988
0.227633
0.410799
 1.42589
0.670355
0.574112
0.397965
0.228385
 0.41114
 1.42395
 0.66958
0.576049
0.397941
0.229146
0.411484
 1.42199
0.668795
0.578012
0.397916
0.229916
0.411832
    1.42
   0.668
0.579999
0.397891
0.230696
0.412184
 1.41799
0.667195
0.582012
0.397865
0.231485
 0.41254
 1.41595
 0.66638
0.584049
0.397839
0.232284
  0.4129
 1.41389
0.665555
0.586112
0.397812
0.233092
0.413264
  1.4118
 0.66472
0.588199
0.397785
 0.23391
0.413632
 1.40969
0.663875
0.590312
0.397757
0.234737
0.414004
 1.40755
 0.66302
0.592449
0.397729
0.235573
0.414379
 1.40539
0.662155
0.594612
  0.3977
0.236419
0.414759
  1.4032
 0.66128
0.596799
 0.39767
0.237275
0.415143
 1.40099
0.660395
0.599012
0.397641
 0.23814
0.415531
 1.39875
  0.6595
0.601249
 0.39761
0.239015
0.415923
 1.39649
0.658595
0.603512
 0.39758
0.239899
0.416319
  1.3942
 0.65768
0.605799
0.397548
0.240793
0.416719
 1.39189
0.656755
0.608112
0.397517
0.241697
0.417124
 1.38955
 0.65582
0.610449
0.397485
 0.24261
0.417532
 1.38719
0.654875
0.612812
0.397453
0.243532
0.417945
  1.3848
 0.65392
0.615199
 0.39742
0.244464
0.418362
 1.38239
0.652955
0.617612
0.397387
0.245406
0.418783
 1.37995
 0.65198
0.620049
0.397353
0.246358
0.419209
 1.37749
0.650995
0.622512
0.397319
0.247319
0.419638
   1.375
    0.65
0.624999
0.397285
0.248285
 0.42007
  1.3725
   0.649
0.627499
0.397251
 0.24925
0.420501
    1.37
   0.648
0.629999
0.397216
0.250216
0.420931
  1.3675
   0.647
0.632499
0.397181
 0.25118
0.421361
   1.365
   0.646
0.634999
0.397145
0.252145
 0.42179
  1.3625
   0.645
0.637499
 0.39711
0.253109
0.422219
    1.36
   0.644
    0.64
0.397074
0.254073
0.422647
  1.3575
   0.643
  0.6425
0.397037
0.255037
0.423075
   1.355
   0.642
   0.645
0.397001
0.256001
0.423502
  1.3525
   0.641
  0.6475
0.396964
0.256964
0.423928
    1.35
    0.64
    0.65
0.396927
0.257927
0.424355
  1.3475
   0.639
  0.6525
 0.39689
 0.25889
0.424781
   1.345
   0.638
   0.655
0.396853
0.259853
0.425206
  1.3425
   0.637
  0.6575
0.396816
0.260816
0.425631
    1.34
   0.636
    0.66
0.396778
0.261778
0.426056
  1.3375
   0.635
  0.6625
 0.39674
 0.26274
0.426481
   1.335
   0.634
   0.665
0.396702
0.263702
0.426905
  1.3325
   0.633
  0.6675
0.396664
0.264664
0.427329
    1.33
   0.632
    0.67
0.396626
0.265626
0.427753
  1.3275
   0.631
  0.6725
0.396588
0.266588
0.428176
   1.325
    0.63
   0.675
0.39655
0.26755
 0.4286
 1.3225
  0.629
 0.6775
0.396511
0.268512
0.429023
    1.32
   0.628
    0.68
0.396473
0.269473
0.429446
  1.3175
   0.627
  0.6825
0.396435
0.270435
0.429869
   1.315
   0.626
0.685001
0.396396
0.271396
0.430292
  1.3125
   0.625
0.687501
0.396358
0.272358
0.430715
    1.31
   0.624
0.690001
0.396319
0.273319
0.431138
  1.3075
   0.623
0.692501
0.396281
0.274281
0.431562
   1.305
   0.622
0.695001
0.396242
0.275243
0.431985
  1.3025
   0.621
0.697501
0.396204
0.276204
0.432408
     1.3
    0.62
0.700001
0.396165
0.277166
0.432831
  1.2975
   0.619
0.702501
0.396127
0.278128
0.433254
   1.295
   0.618
0.705001
0.396089
0.279089
0.433678
  1.2925
   0.617
0.707501
0.396051
0.280051
0.434102
    1.29
   0.616
0.710001
0.396013
0.281013
0.434525
  1.2875
   0.615
0.712501
0.395975
0.281975
 0.43495
   1.285
0.613999
0.715001
0.395937
0.282937
0.435374
  1.2825
0.612999
0.717501
0.395899
  0.2839
0.435799
    1.28
0.611999
0.720001
0.395862
0.284862
0.436223
  1.2775
0.610999
0.722501
0.395824
0.285825
0.436649
   1.275
0.609999
0.725001
0.395787
0.286788
0.437074
  1.2725
0.608999
0.727502
 0.39575
0.287751
  0.4375
    1.27
0.607999
0.730002
0.395713
0.288714
0.437926
  1.2675
0.606999
0.732502
0.395676
0.289677
0.438353
   1.265
0.605999
0.735002
 0.39564
0.290641
 0.43878
  1.2625
0.604999
0.737502
0.395604
0.291605
0.439208
    1.26
0.603999
0.740002
0.395568
0.292569
0.439636
  1.2575
0.602999
0.742502
0.395532
0.293533
0.440065
   1.255
0.601999
0.745002
0.395497
0.294498
0.440494
  1.2525
0.600999
0.747502
0.395462
0.295462
0.440924
    1.25
0.599999
0.750002
0.395427
0.296428
0.441354
  1.2475
0.598999
0.752502
0.395392
0.297393
0.441785
   1.245
0.597999
0.755002
0.395358
0.298359
0.442216
  1.2425
0.596999
0.757502
0.395324
0.299325
0.442648
    1.24
0.595999
0.760002
 0.39529
0.300291
0.443081
  1.2375
0.594999
0.762502
0.395257
0.301258
0.443514
   1.235
0.593999
0.765002
0.395224
0.302225
0.443948
  1.2325
0.592999
0.767502
0.395191
0.303192
0.444383
    1.23
0.591999
0.770002
0.395159
 0.30416
0.444819
  1.2275
0.590999
0.772503
0.395127
0.305128
0.445255
   1.225
0.589999
0.775003
0.395096
0.306097
0.445692
  1.2225
0.588999
0.777503
0.395065
0.307066
 0.44613
    1.22
0.587999
0.780003
0.395034
0.308035
0.446569
  1.2175
0.586999
0.782503
0.395004
0.309005
0.447008
   1.215
0.585999
0.785003
0.394974
0.309975
0.447449
  1.2125
0.584999
0.787503
0.394945
0.310946
 0.44789
    1.21
0.583999
0.790003
0.394916
0.311917
0.448332
  1.2075
0.582999
0.792503
0.394887
0.312889
0.448775
   1.205
0.581999
0.795003
0.394859
 0.31386
0.449219
  1.2025
0.580999
0.797503
0.394832
0.314833
0.449664
     1.2
0.579999
0.800003
0.394805
0.315806
 0.45011
  1.1975
0.578999
0.802503
0.394778
0.316779
0.450556
   1.195
0.577999
0.805003
0.394752
0.317753
0.451004
  1.1925
0.576999
0.807503
0.394726
0.318727
0.451453
    1.19
0.575999
0.810003
0.394701
0.319702
0.451903
  1.1875
0.574999
0.812503
0.394676
0.320678
0.452353
   1.185
0.573999
0.815004
0.394652
0.321654
0.452805
  1.1825
0.572999
0.817504
0.394629
 0.32263
0.453258
    1.18
0.571999
0.820004
0.394606
0.323607
0.453712
  1.1775
0.570999
0.822504
0.394583
0.324585
0.454167
   1.175
0.569999
0.825004
0.394561
0.325563
0.454623
  1.1725
0.568998
0.827504
 0.39454
0.326541
 0.45508
    1.17
0.567998
0.830004
0.394519
 0.32752
0.455538
  1.1675
0.566998
0.832504
0.394498
  0.3285
0.455997
   1.165
0.565998
0.835004
0.394479
 0.32948
0.456458
  1.1625
0.564998
0.837504
0.394459
0.330461
0.456919
    1.16
0.563998
0.840004
0.394441
0.331442
0.457382
  1.1575
0.562998
0.842504
0.394423
0.332424
0.457846
   1.155
0.561998
0.845004
0.394405
0.333407
0.458311
  1.1525
0.560998
0.847504
0.394388
 0.33439
0.458777
    1.15
0.559998
0.850004
0.394372
0.335374
0.459245
  1.1475
0.558998
0.852504
0.394356
0.336358
0.459713
   1.145
0.557998
0.855004
0.394341
0.337343
0.460183
  1.1425
0.556998
0.857504
0.394327
0.338328
0.460654
    1.14
0.555998
0.860005
0.394313
0.339314
0.461126
  1.1375
0.554998
0.862505
0.394299
0.340301
0.461599
   1.135
0.553998
0.865005
0.394287
0.341288
0.462074
  1.1325
0.552998
0.867505
0.394274
0.342276
 0.46255
    1.13
0.551998
0.870005
0.394263
0.343265
0.463027
  1.1275
0.550998
0.872505
0.394252
0.344254
0.463505
   1.125
0.549998
0.875005
0.394242
0.345239
0.463982
 1.12251
0.549003
0.877492
0.394232
0.346214
0.464455
 1.12005
0.548018
0.879955
0.394223
 0.34718
0.464925
 1.11761
0.547043
0.882392
0.394215
0.348137
 0.46539
  1.1152
0.546078
0.884805
0.394207
0.349084
0.465852
 1.11281
0.545123
0.887192
  0.3942
0.350022
 0.46631
 1.11045
0.544178
0.889555
0.394193
 0.35095
0.466765
 1.10811
0.543243
0.891892
0.394187
0.351869
0.467215
  1.1058
0.542318
0.894205
0.394182
0.352779
0.467662
 1.10351
0.541403
0.896492
0.394177
0.353679
0.468105
 1.10125
0.540498
0.898755
0.394173
 0.35457
0.468545
 1.09901
0.539603
0.900992
 0.39417
0.355452
 0.46898
  1.0968
0.538718
0.903205
0.394167
0.356324
0.469412
 1.09461
0.537843
0.905392
0.394165
0.357187
 0.46984
 1.09245
0.536978
0.907555
0.394163
 0.35804
0.470265
 1.09031
0.536123
0.909692
0.394162
0.358884
0.470685
  1.0882
0.535278
0.911805
0.394162
0.359719
0.471102
 1.08611
0.534443
0.913892
0.394162
0.360544
0.471515
 1.08405
0.533618
0.915955
0.394163
 0.36136
0.471924
 1.08201
0.532803
0.917992
0.394164
0.362166
 0.47233
    1.08
0.531998
0.920005
0.394166
0.362963
0.472731
 1.07801
0.531203
0.921992
0.394169
0.363751
0.473129
 1.07605
0.530418
0.923955
0.394172
0.364529
0.473523
 1.07411
0.529643
0.925892
0.394176
0.365298
0.473914
  1.0722
0.528878
0.927805
0.394181
0.366058
  0.4743
 1.07031
0.528123
0.929692
0.394186
0.366808
0.474683
 1.06845
0.527378
0.931555
0.394192
0.367548
0.475062
 1.06661
0.526643
0.933392
0.394198
 0.36828
0.475437
  1.0648
0.525918
0.935205
0.394205
0.369002
0.475808
 1.06301
0.525203
0.936992
0.394212
0.369714
0.476175
 1.06125
0.524498
0.938755
 0.39422
0.370417
0.476539
 1.05951
0.523803
0.940492
0.394229
0.371111
0.476898
  1.0578
0.523118
0.942205
0.394238
0.371795
0.477254
 1.05611
0.522443
0.943892
0.394248
0.372469
0.477606
 1.05445
0.521778
0.945554
0.394258
0.373135
0.477954
 1.05281
0.521123
0.947192
0.394269
 0.37379
0.478298
  1.0512
0.520478
0.948804
 0.39428
0.374437
0.478638
 1.04961
0.519843
0.950392
0.394292
0.375074
0.478974
 1.04805
0.519218
0.951954
0.394304
0.375701
0.479307
 1.04651
0.518603
0.953492
0.394317
0.376319
0.479635
   1.045
0.517998
0.955004
0.394331
0.376927
 0.47996
 1.04351
0.517403
0.956492
0.394345
0.377526
 0.48028
 1.04205
0.516818
0.957954
0.394359
0.378116
0.480596
 1.04061
0.516243
0.959392
0.394374
0.378696
0.480909
  1.0392
0.515678
0.960804
 0.39439
0.379266
0.481217
 1.03781
0.515123
0.962192
0.394406
0.379827
0.481522
 1.03645
0.514578
0.963554
0.394422
0.380379
0.481822
 1.03511
0.514043
0.964891
0.394439
 0.38092
0.482119
  1.0338
0.513518
0.966204
0.394456
0.381453
0.482411
 1.03251
0.513003
0.967491
0.394474
0.381976
0.482699
 1.03125
0.512498
0.968754
0.394493
0.382489
0.482983
 1.03001
0.512003
0.969991
0.394511
0.382993
0.483263
  1.0288
0.511518
0.971204
0.394531
0.383487
0.483539
 1.02761
0.511043
0.972391
 0.39455
0.383972
0.483811
 1.02645
0.510579
0.973554
 0.39457
0.384447
0.484079
 1.02531
0.510124
0.974691
0.394591
0.384912
0.484342
  1.0242
0.509679
0.975804
0.394612
0.385368
0.484601
 1.02311
0.509244
0.976891
0.394633
0.385814
0.484856
 1.02205
0.508819
0.977953
0.394655
0.386251
0.485107
 1.02101
0.508404
0.978991
0.394677
0.386678
0.485354
    1.02
0.507999
0.980003
0.394699
0.387095
0.485596
 1.01901
0.507604
0.980991
0.394722
0.387503
0.485834
 1.01805
0.507219
0.981953
0.394745
0.387901
0.486068
 1.01711
0.506844
0.982891
0.394769
 0.38829
0.486298
  1.0162
0.506479
0.983803
0.394792
0.388669
0.486523
 1.01531
0.506124
 0.98469
0.394817
0.389038
0.486744
 1.01445
0.505779
0.985553
0.394841
0.389397
 0.48696
 1.01361
0.505444
 0.98639
0.394866
0.389747
0.487172
  1.0128
0.505119
0.987203
0.394891
0.390087
 0.48738
 1.01201
0.504804
 0.98799
0.394917
0.390418
0.487584
 1.01125
0.504499
0.988753
0.394942
0.390738
0.487782
 1.01051
0.504204
 0.98949
0.394968
0.391049
0.487977
  1.0098
0.503919
0.990203
0.394994
 0.39135
0.488167
 1.00911
0.503644
 0.99089
0.395021
0.391642
0.488352
 1.00845
0.503379
0.991552
0.395048
0.391924
0.488533
 1.00781
0.503124
 0.99219
0.395075
0.392196
 0.48871
  1.0072
0.502879
0.992802
0.395102
0.392458
0.488882
 1.00661
0.502644
 0.99339
0.395129
 0.39271
0.489049
 1.00605
0.502419
0.993952
0.395157
0.392953
0.489212
 1.00551
0.502204
0.994489
0.395185
0.393186
 0.48937
   1.005
0.501999
0.995002
0.395213
0.393409
0.489524
 1.00451
0.501804
0.995489
0.395241
0.393622
0.489672
 1.00405
0.501619
0.995952
0.395269
0.393825
0.489817
 1.00361
0.501444
0.996389
0.395298
0.394019
0.489956
  1.0032
0.501279
0.996802
0.395327
0.394202
0.490091
 1.00281
0.501124
0.997189
0.395355
0.394376
0.490221
 1.00245
0.500979
0.997551
0.395384
 0.39454
0.490347
 1.00211
0.500844
0.997889
0.395413
0.394694
0.490467
  1.0018
 0.50072
0.998201
0.395443
0.394838
0.490583
 1.00151
0.500605
0.998489
0.395472
0.394972
0.490694
 1.00125
  0.5005
0.998751
0.395501
0.395097
  0.4908
 1.00101
0.500405
0.998988
0.395531
0.395211
0.490902
  1.0008
 0.50032
0.999201
 0.39556
0.395315
0.490998
 1.00061
0.500245
0.999388
 0.39559
 0.39541
 0.49109
 1.00045
 0.50018
0.999551
0.395619
0.395495
0.491176
 1.00031
0.500125
0.999688
0.395649
0.395569
0.491258
  1.0002
 0.50008
  0.9998
0.395679
0.395634
0.491335
 1.00011
0.500045
0.999888
0.395708
0.395689
0.491407
 1.00005
 0.50002
 0.99995
0.395738
0.395733
0.491474
 1.00001
0.500005
0.999988
0.395768
0.395768
0.491536
       1
     0.5
       1
0.395786
0.395798
0.491589
0.999972
0.499972
0.999972
0.395782
0.395827
0.491632
0.999887
0.499887
0.999887
0.395755
0.395857
0.491663
0.999746
0.499746
0.999746
0.395706
0.395886
0.491683
0.999549
0.499549
0.999549
0.395634
0.395916
0.491691
0.999296
0.499296
0.999296
 0.39554
0.395945
0.491688
0.998986
0.498986
0.998986
0.395423
0.395975
0.491674
 0.99862
 0.49862
 0.99862
0.395283
0.396004
0.491648
0.998198
0.498198
0.998198
0.395121
0.396033
0.491611
 0.99772
 0.49772
 0.99772
0.394937
0.396063
0.491562
0.997185
0.497185
0.997185
0.394729
0.396092
0.491502
0.996594
0.496594
0.996594
0.394499
0.396121
 0.49143
0.995947
0.495947
0.995947
0.394247
0.396149
0.491347
0.995244
0.495244
0.995244
0.393972
0.396178
0.491253
0.994484
0.494484
0.994484
0.393674
0.396207
0.491147
0.993668
0.493668
0.993668
0.393353
0.396235
0.491029
0.992796
0.492796
0.992796
 0.39301
0.396263
  0.4909
0.991867
0.491867
0.991867
0.392644
0.396291
0.490759
0.990883
0.490883
0.990883
0.392256
0.396319
0.490606
0.989842
0.489842
0.989842
0.391844
0.396347
0.490442
0.988745
0.488745
0.988745
0.391411
0.396374
0.490266
0.987591
0.487591
0.987591
0.390954
0.396401
0.490079
0.986382
0.486382
0.986382
0.390475
0.396428
 0.48988
0.985116
0.485116
0.985116
0.389973
0.396455
0.489669
0.983794
0.483794
0.983794
0.389448
0.396482
0.489446
0.982415
0.482415
0.982415
  0.3889
0.396508
0.489212
 0.98098
 0.48098
 0.98098
 0.38833
0.396534
0.488966
 0.97949
 0.47949
 0.97949
0.387737
 0.39656
0.488708
0.977942
0.477942
0.977942
0.387121
0.396586
0.488439
0.976339
0.476339
0.976339
0.386483
0.396611
0.488157
0.974679
0.474679
0.974679
0.385821
0.396636
0.487864
0.972963
0.472963
0.972963
0.385137
0.396661
0.487559
0.971191
0.471191
0.971191
 0.38443
0.396685
0.487243
0.969363
0.469363
0.969363
  0.3837
0.396709
0.486914
0.967478
0.467478
0.967478
0.382948
0.396733
0.486573
0.965537
0.465537
0.965537
0.382172
0.396756
0.486221
 0.96354
 0.46354
 0.96354
0.381374
 0.39678
0.485857
0.961486
0.461486
0.961486
0.380553
0.396802
 0.48548
0.959377
0.459377
0.959377
0.379709
0.396825
0.485092
0.957211
0.457211
0.957211
0.378843
0.396847
0.484692
0.954988
0.454988
0.954988
0.377953
0.396869
 0.48428
 0.95271
 0.45271
 0.95271
0.377041
 0.39689
0.483856
0.950375
0.450375
0.950375
0.376105
0.396912
 0.48342
0.947984
0.447984
0.947984
0.375147
0.396932
0.482972
0.945537
0.445537
0.945537
0.374166
0.396953
0.482512
0.943034
0.443034
0.943034
0.373162
0.396973
 0.48204
0.940474
0.440474
0.940474
0.372135
0.396992
0.481556
0.937858
0.437858
0.937858
0.371086
0.397012
 0.48106
0.935186
0.435186
0.935186
0.370013
 0.39703
0.480552
0.932457
0.432457
0.932457
0.368918
0.397049
0.480032
0.929672
0.429672
0.929672
0.367799
0.397067
  0.4795
0.926831
0.426831
0.926831
0.366658
0.397084
0.478956
0.923934
0.423934
0.923934
0.365494
0.397102
0.478399
0.920981
0.420981
0.920981
0.364307
0.397118
0.477831
0.917971
0.417971
0.917971
0.363097
0.397135
 0.47725
0.914905
0.414905
0.914905
0.361864
0.397151
0.476658
0.911783
0.411783
0.911783
0.360608
0.397166
0.476053
0.908604
0.408604
0.908604
0.359329
0.397181
0.475436
0.905369
0.405369
0.905369
0.358027
0.397196
0.474807
0.902078
0.402078
0.902078
0.356702
 0.39721
0.474166
0.898731
0.398731
0.898731
0.355355
0.397224
0.473513
0.895328
0.395328
0.895328
0.353984
0.397237
0.472848
0.891868
0.391868
0.891868
0.352591
 0.39725
 0.47217
0.888352
0.388352
0.888352
0.351174
0.397262
 0.47148
0.884779
0.384779
0.884779
0.349735
0.397274
0.470778
0.881151
0.381151
0.881151
0.348272
0.397286
0.470064
0.877466
0.377466
0.877466
0.346788
0.397297
0.469339
0.873728
0.373728
0.873728
0.345298
0.397307
 0.46861
0.869978
0.369978
0.869978
0.343808
0.397317
 0.46788
0.866228
0.366228
0.866228
0.342318
0.397327
0.467149
0.862478
0.362478
0.862478
0.340827
0.397336
0.466417
0.858728
0.358728
0.858728
0.339336
0.397345
0.465685
0.854978
0.354978
0.854978
0.337844
0.397353
0.464951
0.851228
0.351228
0.851228
0.336352
 0.39736
0.464216
0.847478
0.347478
0.847478
0.334859
0.397368
0.463481
0.843728
0.343728
0.843728
0.333365
0.397374
0.462744
0.839978
0.339978
0.839978
0.331872
0.397381
0.462007
0.836227
0.336227
0.836227
0.330377
0.397386
0.461268
0.832477
0.332477
0.832477
0.328883
0.397392
0.460529
0.828727
0.328727
0.828727
0.327387
0.397397
0.459789
0.824977
0.324977
0.824977
0.325892
0.397401
0.459047
0.821227
0.321227
0.821227
0.324396
0.397405
0.458305
0.817477
0.317477
0.817477
0.322899
0.397408
0.457562
0.813727
0.313727
0.813727
0.321402
0.397411
0.456818
0.809977
0.309977
0.809977
0.319904
0.397414
0.456072
0.806227
0.306227
0.806227
0.318406
0.397415
0.455326
0.802477
0.302477
0.802477
0.316908
0.397417
0.454579
0.798727
0.298727
0.798727
0.315409
0.397418
0.453831
0.794977
0.294977
0.794977
0.313909
0.397418
0.453082
0.791226
0.291226
0.791226
0.312409
0.397418
0.452332
0.787476
0.287476
0.787476
0.310909
0.397418
0.451581
0.783726
0.283726
0.783726
0.309408
0.397417
 0.45083
0.779976
0.279976
0.779976
0.307906
0.397416
0.450077
0.776226
0.276226
0.776226
0.306404
0.397414
0.449323
0.772476
0.272476
0.772476
0.304902
0.397412
0.448569
0.768726
0.268726
0.768726
0.303399
0.397409
0.447813
0.764976
0.264976
0.764976
0.301896
0.397406
0.447057
0.761226
0.261226
0.761226
0.300392
0.397402
0.446299
0.757476
0.257476
0.757476
0.298888
0.397398
0.445541
0.753726
0.253726
0.753726
0.297383
0.397393
0.444782
0.749976
0.249976
0.749976
0.295878
0.397388
0.444022
0.746225
0.246225
0.746225
0.294373
0.397383
0.443261
0.742475
0.242475
0.742475
0.292867
0.397377
0.442499
0.738725
0.238725
0.738725
 0.29136
 0.39737
0.441736
0.734975
0.234975
0.734975
0.289854
0.397364
0.440972
0.731225
0.231225
0.731225
0.288346
0.397356
0.440208
0.727475
0.227475
0.727475
0.286839
0.397349
0.439442
0.723725
0.223725
0.723725
0.285331
0.397341
0.438676
0.719975
0.219975
0.719975
0.283822
0.397332
0.437909
0.716225
0.216225
0.716225
0.282313
0.397323
0.437141
0.712475
0.212475
0.712475
0.280804
0.397314
0.436372
0.708725
0.208725
0.708725
0.279294
0.397304
0.435603
0.704974
0.204974
0.704974
0.277784
0.397294
0.434832
0.701224
0.201224
0.701224
0.276273
0.397283
0.434061
0.697474
0.197474
0.697474
0.274762
0.397272
0.433289
0.693724
0.193724
0.693724
 0.27325
0.397261
0.432517
0.689974
0.189974
0.689974
0.271739
0.397249
0.431743
0.686224
0.186224
0.686224
0.270227
0.397237
0.430969
0.682474
0.182474
0.682474
0.268714
0.397224
0.430194
0.678724
0.178724
0.678724
0.267201
0.397212
0.429418
0.674974
0.174974
0.674974
0.265688
0.397198
0.428641
0.671224
0.171224
0.671224
0.264174
0.397185
0.427864
0.667474
0.167474
0.667474
 0.26266
0.397171
0.427086
0.663724
0.163724
0.663724
0.261146
0.397156
0.426308
0.659973
0.159973
0.659973
0.259631
0.397142
0.425528
0.656223
0.156223
0.656223
0.258116
0.397127
0.424748
0.652473
0.152473
0.652473
0.256601
0.397112
0.423968
0.648723
0.148723
0.648723
0.255085
0.397096
0.423186
0.644973
0.144973
0.644973
0.253569
 0.39708
0.422404
0.641223
0.141223
0.641223
0.252053
0.397064
0.421622
0.637473
0.137473
0.637473
0.250536
0.397047
0.420839
0.633723
0.133723
0.633723
0.249019
 0.39703
0.420055
0.629973
0.129973
0.629973
0.247502
0.397013
0.419271
0.626223
0.126223
0.626223
 0.24599
0.396996
0.418488
0.622485
0.122485
0.622485
0.244498
0.396978
0.417716
0.618801
0.118801
0.618801
0.243029
 0.39696
0.416954
0.615174
0.115174
0.615174
0.241582
0.396942
0.416203
0.611602
0.111602
0.611602
0.240158
0.396923
0.415463
0.608087
0.108087
0.608087
0.238755
0.396904
0.414734
0.604628
0.104628
0.604628
0.237375
0.396885
0.414015
0.601225
0.101225
0.601225
 0.236017
 0.396866
 0.413308
 0.597878
0.0978783
 0.597878
 0.234682
 0.396846
 0.412611
 0.594588
0.0945881
 0.594588
0.233368
0.396827
0.411924
0.591354
0.091354
0.591354
 0.232077
 0.396807
 0.411249
 0.588176
0.0881763
 0.588176
 0.230809
 0.396787
 0.410584
 0.585055
0.0850547
 0.585055
 0.229562
 0.396766
  0.40993
 0.581989
0.0819895
 0.581989
 0.228338
 0.396746
 0.409288
  0.57898
0.0789804
  0.57898
 0.227136
 0.396725
 0.408656
 0.576028
0.0760277
 0.576028
 0.225957
 0.396704
 0.408034
 0.573131
0.0731312
 0.573131
 0.224799
 0.396683
 0.407424
 0.570291
0.0702909
 0.570291
 0.223665
 0.396662
 0.406825
 0.567507
0.0675069
 0.567507
 0.222552
  0.39664
 0.406237
 0.564779
0.0647791
 0.564779
 0.221462
 0.396619
 0.405659
 0.562108
0.0621076
 0.562108
 0.220394
 0.396597
 0.405093
 0.559492
0.0594924
 0.559492
 0.219349
 0.396575
 0.404537
 0.556933
0.0569334
 0.556933
 0.218326
 0.396553
 0.403993
 0.554431
0.0544307
 0.554431
 0.217325
 0.396531
 0.403459
 0.551984
0.0519842
 0.551984
 0.216347
 0.396509
 0.402937
 0.549594
0.0495939
 0.549594
 0.215391
 0.396487
 0.402426
  0.54726
0.0472599
  0.54726
 0.214457
 0.396464
 0.401925
 0.544982
0.0449822
 0.544982
 0.213546
 0.396442
 0.401436
 0.542761
0.0427607
 0.542761
 0.212658
 0.396419
 0.400958
 0.540596
0.0405955
 0.540596
 0.211791
 0.396397
 0.400491
 0.538487
0.0384865
 0.538487
 0.210948
 0.396374
 0.400035
 0.536434
0.0364338
 0.536434
 0.210126
 0.396351
  0.39959
 0.534437
0.0344373
 0.534437
 0.209327
 0.396329
 0.399157
 0.532497
0.0324971
 0.532497
 0.208551
 0.396306
 0.398734
 0.530613
0.0306132
 0.530613
 0.207797
 0.396283
 0.398323
 0.528785
0.0287854
 0.528785
0.207066
 0.39626
0.397923
0.527014
0.027014
0.527014
 0.206357
 0.396237
 0.397534
 0.525299
0.0252988
 0.525299
  0.20567
 0.396214
 0.397156
  0.52364
0.0236398
  0.52364
 0.205006
 0.396191
  0.39679
 0.522037
0.0220371
 0.522037
 0.204365
 0.396168
 0.396435
 0.520491
0.0204907
 0.520491
 0.203746
 0.396145
 0.396091
    0.519
0.0190005
    0.519
 0.203149
 0.396122
 0.395758
 0.517567
0.0175665
 0.517567
 0.202575
   0.3961
 0.395437
 0.516189
0.0161888
 0.516189
 0.202024
 0.396077
 0.395127
 0.514867
0.0148674
 0.514867
 0.201495
 0.396054
 0.394828
 0.513602
0.0136022
 0.513602
 0.200989
 0.396031
 0.394541
 0.512393
0.0123933
 0.512393
 0.200505
 0.396009
 0.394265
 0.511241
0.0112406
 0.511241
 0.200044
 0.395986
 0.394001
 0.510144
0.0101442
 0.510144
  0.199605
  0.395963
  0.393748
  0.509104
0.00910399
  0.509104
  0.199189
  0.395941
  0.393506
   0.50812
0.00812006
   0.50812
  0.198796
  0.395919
  0.393276
  0.507192
0.00719239
  0.507192
  0.198425
  0.395896
  0.393057
  0.506321
0.00632097
  0.506321
  0.198077
  0.395874
   0.39285
  0.505506
0.00550581
  0.505506
  0.197751
  0.395852
  0.392654
  0.504747
0.00474689
  0.504747
  0.197448
   0.39583
  0.392469
  0.504044
0.00404423
  0.504044
  0.197168
  0.395808
  0.392296
  0.503398
0.00339782
  0.503398
   0.19691
  0.395787
  0.392135
  0.502808
0.00280767
  0.502808
  0.196675
  0.395765
  0.391985
  0.502274
0.00227377
  0.502274
  0.196462
  0.395744
  0.391847
  0.501796
0.00179611
  0.501796
  0.196272
  0.395722
   0.39172
  0.501375
0.00137472
  0.501375
  0.196105
  0.395701
  0.391605
   0.50101
0.00100957
   0.50101
   0.195961
    0.39568
   0.391501
   0.500701
0.000700678
   0.500701
   0.195839
    0.39566
   0.391409
   0.500448
0.000448038
   0.500448
   0.19574
  0.395639
  0.391328
  0.500252
0.00025165
  0.500252
   0.195663
   0.395619
   0.391259
   0.500112
0.000111515
   0.500112
   0.195609
   0.395598
   0.391202
   0.500028
2.76323e-05
   0.500028
   0.195578
   0.395578
   0.391157
        0.5
5.19613e-09
        0.5
   0.195558
   0.395536
   0.391094
   0.499885
6.86928e-05
   0.499885
   0.195539
   0.395448
   0.390987
   0.499546
0.000272387
   0.499546
   0.195519
   0.395316
   0.390835
   0.498982
0.000611086
   0.498982
    0.1955
  0.395139
  0.390639
  0.498192
0.00108479
  0.498192
 0.195481
 0.394917
 0.390398
 0.497177
0.0016935
 0.497177
  0.195463
   0.39465
  0.390113
  0.495938
0.00243722
  0.495938
  0.195444
  0.394339
  0.389783
  0.494473
0.00331595
  0.494473
  0.195426
  0.393982
  0.389408
  0.492784
0.00432968
  0.492784
  0.195408
  0.393582
  0.388989
  0.490869
0.00547842
  0.490869
   0.19539
  0.393136
  0.388526
   0.48873
0.00676216
   0.48873
  0.195372
  0.392645
  0.388018
  0.486365
0.00818091
  0.486365
  0.195355
   0.39211
  0.387466
  0.483776
0.00973466
  0.483776
 0.195338
  0.39153
 0.386869
 0.480961
0.0114234
 0.480961
 0.195321
 0.390906
 0.386227
 0.477921
0.0132472
 0.477921
0.195305
0.390236
0.385541
0.474657
0.015206
0.474657
 0.195289
 0.389522
 0.384811
 0.471167
0.0172997
 0.471167
 0.195273
 0.388764
 0.384037
 0.467452
0.0195285
 0.467452
 0.195257
  0.38796
 0.383217
 0.463513
0.0218923
 0.463513
 0.195242
 0.387112
 0.382354
 0.459348
0.0243911
 0.459348
 0.195227
 0.386219
 0.381446
 0.454958
0.0270249
 0.454958
 0.195212
 0.385281
 0.380494
 0.450344
0.0297937
 0.450344
 0.195198
 0.384299
 0.379497
 0.445504
0.0326976
 0.445504
 0.195184
 0.383272
 0.378456
 0.440439
0.0357364
 0.440439
  0.19517
   0.3822
  0.37737
  0.43515
0.0389102
  0.43515
 0.195157
 0.381084
 0.376241
 0.429635
0.0422191
 0.429635
 0.195144
 0.379923
 0.375066
 0.423895
0.0456629
 0.423895
 0.195131
 0.378717
 0.373848
  0.41793
0.0492417
  0.41793
 0.195118
 0.377467
 0.372585
 0.411741
0.0529556
 0.411741
 0.195106
 0.376172
 0.371278
 0.405326
0.0568045
 0.405326
 0.195095
 0.374832
 0.369926
 0.398686
0.0607883
 0.398686
 0.195083
 0.373447
  0.36853
 0.391821
0.0649072
 0.391821
 0.195072
 0.372018
  0.36709
 0.384732
0.0691611
 0.384732
0.195061
0.370545
0.365606
0.377417
 0.07355
0.377417
0.195051
0.369036
0.364087
0.369928
0.078043
0.369928
 0.195041
 0.367526
 0.362567
 0.362428
0.0825431
 0.362428
 0.195031
 0.366017
 0.361047
 0.354928
0.0870432
 0.354928
 0.195022
 0.364507
 0.359529
 0.347428
0.0915433
 0.347428
 0.195013
 0.362998
 0.358011
 0.339928
0.0960434
 0.339928
0.195004
0.361489
0.356493
0.332428
0.100543
0.332428
0.194996
0.359981
0.354977
0.324927
0.105044
0.324927
0.194988
0.358473
0.353461
0.317427
0.109544
0.317427
 0.19498
0.356965
0.351945
0.309927
0.114044
0.309927
0.194973
0.355458
0.350431
0.302427
0.118544
0.302427
0.194966
0.353951
0.348917
0.294927
0.123044
0.294927
0.194959
0.352445
0.347404
0.287426
0.127544
0.287426
0.194953
0.350939
0.345892
0.279926
0.132044
0.279926
0.194947
0.349433
 0.34438
0.272426
0.136544
0.272426
0.194942
0.347927
0.342869
0.264926
0.141044
0.264926
0.194937
0.346422
0.341359
0.257426
0.145545
0.257426
0.194932
0.344918
 0.33985
0.249926
0.150045
0.249926
0.194928
0.343413
0.338341
0.242425
0.154545
0.242425
0.194924
0.341909
0.336833
0.234925
0.159045
0.234925
0.194921
0.340406
0.335326
0.227425
0.163545
0.227425
0.194917
0.338902
 0.33382
0.219925
0.168045
0.219925
0.194915
  0.3374
0.332314
0.212425
0.172545
0.212425
0.194912
0.335897
0.330809
0.204925
0.177045
0.204925
 0.19491
0.334395
0.329305
0.197424
0.181545
0.197424
0.194908
0.332893
0.327802
0.189924
0.186045
0.189924
0.194907
0.331392
0.326299
0.182424
0.190546
0.182424
0.194906
0.329891
0.324797
0.174924
0.195046
0.174924
0.194906
 0.32839
0.323296
0.167424
0.199546
0.167424
0.194905
 0.32689
0.321795
0.159924
0.204046
0.159924
0.194905
 0.32539
0.320296
0.152423
0.208546
0.152423
0.194906
0.323891
0.318797
0.144923
0.213046
0.144923
0.194907
0.322391
0.317298
0.137423
0.217546
0.137423
0.194908
0.320893
0.315801
0.129923
0.222046
0.129923
 0.19491
0.319397
0.314306
0.122436
0.226538
0.122436
0.194912
0.317937
0.312848
0.115126
0.230925
0.115126
0.194914
0.316522
0.311436
 0.10804
0.235176
 0.10804
0.194917
0.315153
0.310069
 0.10118
0.239292
 0.10118
  0.19492
 0.313828
 0.308748
0.0945447
 0.243273
0.0945447
 0.194923
  0.31255
 0.307473
0.0881344
 0.247119
0.0881344
 0.194927
 0.311316
 0.306243
0.0819491
 0.250831
0.0819491
 0.194931
 0.310128
 0.305059
0.0759888
 0.254407
0.0759888
 0.194935
 0.308986
 0.303921
0.0702535
 0.257848
0.0702535
  0.19494
 0.307888
 0.302828
0.0647432
 0.261154
0.0647432
0.194945
0.306837
0.301781
0.059458
0.264325
0.059458
  0.19495
  0.30583
  0.30078
0.0543977
 0.267361
0.0543977
 0.194956
 0.304869
 0.299825
0.0495625
 0.270263
0.0495625
 0.194962
 0.303953
 0.298915
0.0449523
 0.273029
0.0449523
 0.194969
 0.303082
 0.298051
0.0405671
  0.27566
0.0405671
 0.194975
 0.302257
 0.297232
0.0364069
 0.278156
0.0364069
 0.194982
 0.301477
 0.296459
0.0324717
 0.280517
0.0324717
  0.19499
 0.300742
 0.295732
0.0287615
 0.282743
0.0287615
 0.194997
 0.300053
  0.29505
0.0252763
 0.284834
0.0252763
 0.195005
 0.299409
 0.294414
0.0220162
  0.28679
0.0220162
0.195014
 0.29881
0.293824
0.018981
0.288611
0.018981
 0.195022
 0.298257
 0.293279
0.0161709
 0.290297
0.0161709
 0.195031
 0.297748
  0.29278
0.0135858
 0.291849
0.0135858
  0.19504
 0.297286
 0.292326
0.0112256
 0.293265
0.0112256
   0.19505
  0.296868
  0.291918
0.00909053
  0.294546
0.00909053
   0.19506
  0.296496
  0.291556
0.00718043
  0.295692
0.00718043
   0.19507
  0.296169
  0.291239
0.00549534
  0.296703
0.00549534
   0.19508
  0.295887
  0.290967
0.00403526
  0.297579
0.00403526
 0.195091
 0.295651
 0.290742
0.0028002
  0.29832
0.0028002
  0.195102
   0.29546
  0.290562
0.00179014
  0.298926
0.00179014
  0.195113
  0.295314
  0.290427
0.00100509
  0.299397
0.00100509
   0.195124
   0.295213
   0.290338
0.000445056
   0.299733
0.000445056
  0.195136
  0.295158
  0.290294
0.00011003
  0.299934
0.00011003
   0.195148
   0.295148
   0.290296
2.14168e-09
        0.3
2.14168e-09
   0.195163
    0.29516
    0.29032
1.78901e-05
    0.30001
1.78901e-05
   0.195183
   0.295173
   0.290345
7.07798e-05
    0.30004
7.07798e-05
   0.195208
   0.295185
   0.290371
0.000158671
   0.300091
0.000158671
   0.195238
   0.295198
   0.290396
0.000281564
   0.300161
0.000281564
   0.195274
   0.295211
   0.290423
0.000439458
   0.300251
0.000439458
   0.195315
   0.295225
   0.290449
0.000632354
   0.300361
0.000632354
   0.195361
   0.295238
   0.290476
0.000860252
   0.300492
0.000860252
  0.195412
  0.295252
  0.290504
0.00112315
  0.300642
0.00112315
  0.195469
  0.295266
  0.290532
0.00142105
  0.300812
0.00142105
  0.195531
   0.29528
   0.29056
0.00175395
  0.301002
0.00175395
  0.195598
  0.295295
  0.290589
0.00212186
  0.301212
0.00212186
   0.19567
  0.295309
  0.290618
0.00252476
  0.301443
0.00252476
  0.195747
  0.295324
  0.290648
0.00296267
  0.301693
0.00296267
   0.19583
  0.295339
  0.290678
0.00343558
  0.301963
0.00343558
  0.195917
  0.295354
  0.290708
0.00394349
  0.302253
0.00394349
  0.19601
 0.295369
 0.290739
0.0044864
 0.302564
0.0044864
  0.196108
  0.295385
   0.29077
0.00506432
  0.302894
0.00506432
  0.196211
    0.2954
  0.290801
0.00567723
  0.303244
0.00567723
   0.19632
  0.295416
  0.290832
0.00632515
  0.303614
0.00632515
  0.196433
  0.295432
  0.290864
0.00700807
  0.304005
0.00700807
  0.196552
  0.295448
  0.290896
0.00772599
  0.304415
0.00772599
  0.196676
  0.295464
  0.290929
0.00847891
  0.304845
0.00847891
  0.196805
  0.295481
  0.290961
0.00926683
  0.305295
0.00926683
 0.196939
 0.295497
 0.290994
0.0100898
 0.305766
0.0100898
 0.197078
 0.295514
 0.291027
0.0109477
 0.306256
0.0109477
 0.197222
  0.29553
 0.291061
0.0118406
 0.306766
0.0118406
 0.197371
 0.295547
 0.291094
0.0127685
 0.307296
0.0127685
 0.197526
 0.295564
 0.291128
0.0137315
 0.307847
0.0137315
 0.197685
 0.295581
 0.291162
0.0147294
 0.308417
0.0147294
  0.19785
 0.295598
 0.291196
0.0157623
 0.309007
0.0157623
  0.19802
 0.295615
 0.291231
0.0168303
 0.309617
0.0168303
 0.198194
 0.295633
 0.291265
0.0179332
 0.310248
0.0179332
 0.198374
  0.29565
   0.2913
0.0190712
 0.310898
0.0190712
 0.198559
 0.295667
 0.291334
0.0202441
 0.311568
0.0202441
0.198749
0.295685
0.291369
0.021452
0.312258
0.021452
0.198944
0.295702
0.291404
0.022695
0.312969
0.022695
 0.199144
  0.29572
 0.291439
0.0239729
 0.313699
0.0239729
  0.19935
 0.295737
 0.291474
0.0252859
 0.314449
0.0252859
  0.19956
 0.295755
  0.29151
0.0266338
 0.315219
0.0266338
 0.199775
 0.295772
 0.291545
0.0280168
  0.31601
0.0280168
 0.199995
  0.29579
  0.29158
0.0294347
  0.31682
0.0294347
  0.20022
 0.295808
 0.291616
0.0308877
  0.31765
0.0308877
 0.200451
 0.295826
 0.291651
0.0323756
   0.3185
0.0323756
 0.200686
 0.295843
 0.291686
0.0338986
 0.319371
0.0338986
 0.200926
 0.295861
 0.291722
0.0354565
 0.320261
0.0354565
 0.201171
 0.295879
 0.291757
0.0370495
 0.321171
0.0370495
 0.201422
 0.295896
 0.291792
0.0386775
 0.322101
0.0386775
 0.201677
 0.295914
 0.291828
0.0403404
 0.323052
0.0403404
 0.201937
 0.295932
 0.291863
0.0420384
 0.324022
0.0420384
 0.202202
 0.295949
 0.291898
0.0437714
 0.325012
0.0437714
 0.202472
 0.295967
 0.291933
0.0455393
 0.326022
0.0455393
 0.202747
 0.295984
 0.291968
0.0473423
 0.327053
0.0473423
 0.203027
 0.296002
 0.292003
0.0491803
 0.328103
0.0491803
 0.203312
 0.296019
 0.292038
0.0510533
 0.329173
0.0510533
 0.203602
 0.296036
 0.292073
0.0529612
 0.330264
0.0529612
 0.203897
 0.296054
 0.292107
0.0549042
 0.331374
0.0549042
 0.204197
 0.296071
 0.292142
0.0568822
 0.332504
0.0568822
 0.204502
 0.296088
 0.292176
0.0588952
 0.333654
0.0588952
 0.204811
 0.296105
  0.29221
0.0609431
 0.334825
0.0609431
 0.205126
 0.296122
 0.292244
0.0630261
 0.336015
0.0630261
 0.205445
 0.296139
 0.292278
0.0651441
 0.337225
0.0651441
  0.20577
 0.296156
 0.292312
0.0672971
 0.338455
0.0672971
 0.206099
 0.296173
 0.292345
0.0694851
 0.339706
0.0694851
 0.206433
 0.296189
 0.292378
0.0717081
 0.340976
0.0717081
 0.206772
 0.296206
 0.292411
0.0739661
 0.342266
0.0739661
 0.207116
 0.296222
 0.292444
0.0762591
 0.343577
0.0762591
0.207465
0.296238
0.292476
0.078587
0.344907
0.078587
0.207819
0.296254
0.292509
 0.08095
0.346257
 0.08095
0.208177
 0.29627
 0.29254
0.083348
0.347627
0.083348
0.208541
0.296286
0.292572
0.085781
0.349018
0.085781
0.208909
0.296302
0.292604
0.088249
0.350428
0.088249
0.209282
0.296317
0.292635
0.090752
0.351858
0.090752
 0.20966
0.296333
0.292665
 0.09329
0.353309
 0.09329
 0.210043
 0.296348
 0.292696
0.0958631
 0.354779
0.0958631
  0.21043
 0.296363
 0.292726
0.0984711
 0.356269
0.0984711
0.210823
0.296378
0.292756
0.101114
0.357779
0.101114
 0.21122
0.296393
0.292785
0.103792
 0.35931
0.103792
0.211622
0.296407
0.292814
0.106505
 0.36086
0.106505
0.212029
0.296422
0.292843
0.109253
 0.36243
0.109253
0.212441
0.296436
0.292872
0.112036
0.364021
0.112036
0.212858
 0.29645
  0.2929
0.114854
0.365631
0.114854
0.213279
0.296464
0.292927
0.117707
0.367261
0.117707
0.213705
0.296477
0.292954
0.120595
0.368912
0.120595
0.214136
0.296491
0.292981
0.123518
0.370582
0.123518
0.214572
0.296504
0.293008
0.126476
0.372272
0.126476
0.215012
0.296517
0.293034
0.129469
0.373982
0.129469
0.215458
 0.29653
0.293059
0.132497
0.375713
0.132497
0.215908
0.296542
0.293085
 0.13556
0.377463
 0.13556
0.216363
0.296555
0.293109
0.138658
0.379233
0.138658
0.216823
0.296567
0.293133
0.141791
0.381024
0.141791
0.217287
0.296579
0.293157
0.144959
0.382834
0.144959
0.217756
 0.29659
0.293181
0.148162
0.384664
0.148162
 0.21823
0.296602
0.293204
  0.1514
0.386515
  0.1514
0.218709
0.296613
0.293226
0.154673
0.388385
0.154673
0.219193
0.296624
0.293248
0.157982
0.390275
0.157982
0.219681
0.296635
 0.29327
0.161325
0.392185
0.161325
0.220174
0.296645
0.293291
0.164703
0.394116
0.164703
0.220672
0.296656
0.293311
0.168116
0.396066
0.168116
0.221175
0.296666
0.293331
0.171564
0.398036
0.171564
0.221682
0.296675
0.293351
0.175047
0.400027
0.175047
0.222191
0.296685
 0.29337
0.178547
0.402027
0.178547
0.222701
0.296694
0.293388
0.182047
0.404027
0.182047
 0.22321
0.296703
0.293406
0.185547
0.406027
0.185547
0.223718
0.296712
0.293423
0.189047
0.408027
0.189047
0.224227
 0.29672
 0.29344
0.192547
0.410027
0.192547
0.224735
0.296728
0.293457
0.196047
0.412027
0.196047
0.225243
0.296736
0.293473
0.199547
0.414027
0.199547
0.225751
0.296744
0.293488
0.203047
0.416027
0.203047
0.226258
0.296751
0.293503
0.206547
0.418027
0.206547
0.226765
0.296758
0.293517
0.210048
0.420027
0.210048
0.227272
0.296765
 0.29353
0.213548
0.422027
0.213548
0.227779
0.296772
0.293544
0.217048
0.424027
0.217048
0.228285
0.296778
0.293556
0.220548
0.426027
0.220548
0.228791
0.296784
0.293568
0.224048
0.428027
0.224048
0.229297
 0.29679
 0.29358
0.227548
0.430027
0.227548
0.229802
0.296795
0.293591
0.231048
0.432027
0.231048
0.230307
  0.2968
0.293601
0.234548
0.434027
0.234548
0.230812
0.296805
0.293611
0.238048
0.436028
0.238048
0.231317
 0.29681
 0.29362
0.241548
0.438028
0.241548
0.231821
0.296814
0.293628
0.245048
0.440028
0.245048
0.232325
0.296818
0.293637
0.248548
0.442028
0.248548
0.232829
0.296822
0.293644
0.252048
0.444028
0.252048
0.233332
0.296825
0.293651
0.255549
0.446028
0.255549
0.233836
0.296829
0.293657
0.259049
0.448028
0.259049
0.234338
0.296832
0.293663
0.262549
0.450028
0.262549
0.234841
0.296834
0.293668
0.266049
0.452028
0.266049
0.235343
0.296836
0.293673
0.269549
0.454028
0.269549
0.235845
0.296838
0.293677
0.273049
0.456028
0.273049
0.236347
 0.29684
 0.29368
0.276549
0.458028
0.276549
0.236849
0.296842
0.293683
0.280049
0.460028
0.280049
 0.23735
0.296843
0.293686
0.283549
0.462028
0.283549
0.237851
0.296844
0.293688
0.287049
0.464028
0.287049
0.238351
0.296844
0.293689
0.290549
0.466028
0.290549
0.238852
0.296845
0.293689
0.294049
0.468028
0.294049
0.239352
0.296845
0.293689
 0.29755
0.470028
 0.29755
0.239852
0.296845
0.293689
 0.30105
0.472028
 0.30105
0.240351
0.296844
0.293688
 0.30455
0.474028
 0.30455
 0.24085
0.296843
0.293686
 0.30805
0.476028
 0.30805
0.241349
0.296842
0.293684
 0.31155
0.478028
 0.31155
0.241848
0.296841
0.293681
 0.31505
0.480029
 0.31505
0.242346
0.296839
0.293678
 0.31855
0.482029
 0.31855
0.242844
0.296837
0.293674
 0.32205
0.484029
 0.32205
0.243342
0.296835
 0.29367
 0.32555
0.486029
 0.32555
 0.24384
0.296833
0.293665
 0.32905
0.488029
 0.32905
0.244337
 0.29683
 0.29366
 0.33255
0.490029
 0.33255
0.244834
0.296827
0.293654
 0.33605
0.492029
 0.33605
0.245331
0.296824
0.293647
 0.33955
0.494029
 0.33955
0.245827
 0.29682
 0.29364
0.343051
0.496029
0.343051
0.246324
0.296816
0.293633
0.346551
0.498029
0.346551
0.246819
0.296812
0.293624
0.350051
0.500029
0.350051
0.247315
0.296808
0.293616
0.353551
0.502029
0.353551
0.247811
0.296803
0.293607
0.357051
0.504029
0.357051
0.248306
0.296799
0.293597
0.360551
0.506029
0.360551
0.248801
0.296793
0.293587
0.364051
0.508029
0.364051
0.249295
0.296788
0.293576
0.367551
0.510029
0.367551
 0.24979
0.296783
0.293565
0.371051
0.512029
0.371051
0.250284
0.296777
0.293554
0.374551
0.514029
0.374551
0.250778
0.296771
0.293541
0.378051
0.516029
0.378051
0.251272
0.296764
0.293529
0.381551
0.518029
0.381551
0.251765
0.296758
0.293516
0.385052
0.520029
0.385052
0.252259
0.296751
0.293502
0.388552
 0.52203
0.388552
0.252752
0.296744
0.293488
0.392052
 0.52403
0.392052
0.253244
0.296737
0.293474
0.395552
 0.52603
0.395552
0.253737
 0.29673
0.293459
0.399052
 0.52803
0.399052
0.254229
0.296722
0.293444
0.402552
 0.53003
0.402552
0.254721
0.296714
0.293428
0.406052
 0.53203
0.406052
0.255213
0.296706
0.293412
0.409552
 0.53403
0.409552
0.255705
0.296698
0.293395
0.413052
 0.53603
0.413052
0.256197
0.296689
0.293378
0.416552
 0.53803
0.416552
0.256688
 0.29668
0.293361
0.420052
 0.54003
0.420052
0.257179
0.296671
0.293343
0.423552
 0.54203
0.423552
 0.25767
0.296662
0.293325
0.427052
 0.54403
0.427052
0.258161
0.296653
0.293306
0.430553
 0.54603
0.430553
0.258651
0.296644
0.293287
0.434053
 0.54803
0.434053
0.259141
0.296634
0.293268
0.437553
 0.55003
0.437553
0.259632
0.296624
0.293248
0.441053
 0.55203
0.441053
0.260122
0.296614
0.293228
0.444553
 0.55403
0.444553
0.260611
0.296604
0.293208
0.448053
 0.55603
0.448053
0.261101
0.296593
0.293187
0.451553
 0.55803
0.451553
 0.26159
0.296583
0.293166
0.455053
 0.56003
0.455053
 0.26208
0.296572
0.293144
0.458553
 0.56203
0.458553
0.262569
0.296561
0.293122
0.462053
 0.56403
0.462053
0.263058
 0.29655
  0.2931
0.465553
0.566031
0.465553
0.263547
0.296539
0.293078
0.469053
0.568031
0.469053
0.264035
0.296528
0.293055
0.472554
0.570031
0.472554
0.264524
0.296516
0.293032
0.476054
0.572031
0.476054
0.265012
0.296505
0.293009
0.479554
0.574031
0.479554
0.265501
0.296493
0.292986
0.483054
0.576031
0.483054
0.265989
0.296481
0.292962
0.486554
0.578031
0.486554
0.266477
0.296469
0.292938
0.490054
0.580031
0.490054
0.266965
0.296457
0.292914
0.493554
0.582031
0.493554
0.267452
0.296445
0.292889
0.497054
0.584031
0.497054
 0.26794
0.296432
0.292865
0.500554
0.586031
0.500554
0.268428
 0.29642
 0.29284
0.504054
0.588031
0.504054
0.268915
0.296407
0.292815
0.507554
0.590031
0.507554
0.269402
0.296395
0.292789
0.511054
0.592031
0.511054
 0.26989
0.296382
0.292764
0.514555
0.594031
0.514555
0.270377
0.296369
0.292738
0.518055
0.596031
0.518055
0.270864
0.296356
0.292712
0.521555
0.598031
0.521555
0.271351
0.296343
0.292686
0.525055
0.600031
0.525055
0.271835
 0.29633
 0.29266
0.528537
0.602021
0.528537
0.272315
0.296317
0.292634
0.531984
0.603991
0.531984
0.272789
0.296304
0.292608
0.535396
 0.60594
0.535396
0.273258
0.296291
0.292581
0.538773
 0.60787
0.538773
0.273722
0.296277
0.292554
0.542115
 0.60978
0.542115
0.274181
0.296264
0.292528
0.545422
 0.61167
0.545422
0.274635
 0.29625
0.292501
0.548694
0.613539
0.548694
0.275084
0.296237
0.292474
0.551931
0.615389
0.551931
0.275528
0.296223
0.292447
0.555133
0.617219
0.555133
0.275967
 0.29621
 0.29242
  0.5583
0.619029
  0.5583
0.276401
0.296196
0.292393
0.561432
0.620818
0.561432
 0.27683
0.296183
0.292365
0.564529
0.622588
0.564529
0.277254
0.296169
0.292338
0.567591
0.624338
0.567591
0.277672
0.296155
0.292311
0.570618
0.626067
0.570618
0.278086
0.296142
0.292284
 0.57361
0.627777
 0.57361
0.278495
0.296128
0.292256
0.576567
0.629467
0.576567
0.278899
0.296115
0.292229
0.579489
0.631137
0.579489
0.279297
0.296101
0.292202
0.582376
0.632786
0.582376
0.279691
0.296087
0.292174
0.585228
0.634416
0.585228
 0.28008
0.296074
0.292147
0.588045
0.636026
0.588045
0.280464
 0.29606
 0.29212
0.590827
0.637615
0.590827
0.280843
0.296046
0.292093
0.593574
0.639185
0.593574
0.281217
0.296033
0.292066
0.596286
0.640735
0.596286
0.281585
0.296019
0.292039
0.598963
0.642265
0.598963
0.281949
0.296006
0.292012
0.601605
0.643774
0.601605
0.282308
0.295992
0.291985
0.604212
0.645264
0.604212
0.282662
0.295979
0.291958
0.606784
0.646734
0.606784
0.283011
0.295966
0.291931
0.609321
0.648183
0.609321
0.283356
0.295952
0.291904
0.611823
0.649613
0.611823
0.283695
0.295939
0.291878
 0.61429
0.651023
 0.61429
0.284029
0.295926
0.291852
0.616722
0.652413
0.616722
0.284358
0.295913
0.291825
0.619119
0.653782
0.619119
0.284683
  0.2959
0.291799
0.621481
0.655132
0.621481
0.285002
0.295887
0.291773
0.623808
0.656462
0.623808
0.285316
0.295874
0.291747
  0.6261
0.657771
  0.6261
0.285626
0.295861
0.291722
0.628357
0.659061
0.628357
0.285931
0.295848
0.291696
0.630579
0.660331
0.630579
 0.28623
0.295835
0.291671
0.632766
 0.66158
0.632766
0.286525
0.295823
0.291646
0.634918
 0.66281
0.634918
0.286815
 0.29581
0.291621
0.637035
 0.66402
0.637035
  0.2871
0.295798
0.291596
0.639117
 0.66521
0.639117
 0.28738
0.295786
0.291571
0.641164
0.666379
0.641164
0.287656
0.295773
0.291547
0.643176
0.667529
0.643176
0.287926
0.295761
0.291523
0.645153
0.668659
0.645153
0.288192
0.295749
0.291499
0.647095
0.669768
0.647095
0.288452
0.295738
0.291475
0.649002
0.670858
0.649002
0.288708
0.295726
0.291452
0.650873
0.671928
0.650873
0.288959
0.295714
0.291429
 0.65271
0.672977
 0.65271
0.289205
0.295703
0.291406
0.654512
0.674007
0.654512
0.289446
0.295692
0.291383
0.656279
0.675017
0.656279
0.289682
 0.29568
0.291361
0.658011
0.676006
0.658011
0.289914
0.295669
0.291339
0.659708
0.676976
0.659708
 0.29014
0.295659
0.291317
 0.66137
0.677926
 0.66137
0.290362
0.295648
0.291296
0.662997
0.678856
0.662997
0.290579
0.295637
0.291274
0.664589
0.679765
0.664589
0.290791
0.295627
0.291254
0.666146
0.680655
0.666146
0.290998
0.295617
0.291233
0.667668
0.681525
0.667668
  0.2912
0.295606
0.291213
0.669155
0.682374
0.669155
0.291397
0.295596
0.291193
0.670607
0.683204
0.670607
 0.29159
0.295587
0.291173
0.672024
0.684014
0.672024
0.291778
0.295577
0.291154
0.673406
0.684803
0.673406
0.291961
0.295568
0.291135
0.674753
0.685573
0.674753
0.292139
0.295558
0.291117
0.676065
0.686323
0.676065
0.292312
0.295549
0.291098
0.677342
0.687052
0.677342
0.292481
 0.29554
 0.29108
0.678583
0.687762
0.678583
0.292644
0.295531
0.291063
 0.67979
0.688452
 0.67979
0.292803
0.295523
0.291046
0.680962
0.689121
0.680962
0.292957
0.295514
0.291029
0.682099
0.689771
0.682099
0.293106
0.295506
0.291013
0.683201
0.690401
0.683201
0.293251
0.295498
0.290997
0.684268
 0.69101
0.684268
 0.29339
 0.29549
0.290981
  0.6853
  0.6916
  0.6853
0.293525
0.295483
0.290966
0.686297
 0.69217
0.686297
0.293655
0.295475
0.290951
0.687259
0.692719
0.687259
 0.29378
0.295468
0.290936
0.688186
0.693249
0.688186
0.293901
0.295461
0.290922
0.689078
0.693759
0.689078
0.294016
0.295454
0.290909
0.689935
0.694248
0.689935
0.294127
0.295448
0.290895
0.690756
0.694718
0.690756
0.294233
0.295441
0.290882
0.691543
0.695168
0.691543
0.294334
0.295435
 0.29087
0.692295
0.695597
0.692295
0.294431
0.295429
0.290858
0.693012
0.696007
0.693012
0.294522
0.295423
0.290846
0.693694
0.696397
0.693694
0.294609
0.295418
0.290835
0.694341
0.696766
0.694341
0.294691
0.295412
0.290824
0.694953
0.697116
0.694953
0.294768
0.295407
0.290814
 0.69553
0.697446
 0.69553
0.294841
0.295402
0.290804
0.696072
0.697755
0.696072
0.294909
0.295397
0.290795
0.696579
0.698045
0.696579
0.294971
0.295393
0.290786
0.697051
0.698315
0.697051
 0.29503
0.295388
0.290777
0.697487
0.698564
0.697487
0.295083
0.295384
0.290769
0.697889
0.698794
0.697889
0.295131
0.295381
0.290761
0.698256
0.699004
0.698256
0.295175
0.295377
0.290754
0.698588
0.699193
0.698588
0.295214
0.295373
0.290747
0.698885
0.699363
0.698885
0.295248
 0.29537
 0.29074
0.699147
0.699512
0.699147
0.295278
0.295367
0.290734
0.699374
0.699642
0.699374
0.295302
0.295364
0.290729
0.699566
0.699752
0.699566
0.295322
0.295362
0.290724
0.699722
0.699841
0.699722
0.295337
0.295359
0.290719
0.699844
0.699911
0.699844
0.295348
0.295357
0.290715
0.699931
0.699961
0.699931
0.295353
0.295355
0.290711
0.699983
 0.69999
0.699983
0.295354
0.295354
0.290708
     0.7
     0.7
     0.7
0.295352
0.295352
0.290705
     0.7
     0.7
     0.7
0.295351
0.295351
0.290702
     0.7
     0.7
     0.7
0.29535
0.29535
 0.2907
    0.7
    0.7
    0.7
0.295349
0.295349
0.290698
     0.7
     0.7
     0.7
0.295349
0.295349
0.290697
     0.7
     0.7
     0.7
0.295348
0.295348
0.290697
     0.7
     0.7
     0.7
0.295348
0.295348
0.290696
     0.7
     0.7
     0.7
0.295348
0.295348
0.290696
     0.7
     0.7
     0.7
0.295348
0.295348
0.290697
     0.7
     0.7
     0.7
0.295349
0.295349
0.290698
     0.7
     0.7
     0.7
 0.29535
 0.29535
0.290699
     0.7
     0.7
     0.7
0.295351
0.295351
0.290701
     0.7
     0.7
     0.7
0.295352
0.295352
0.290704
     0.7
     0.7
     0.7
0.295353
0.295353
0.290706
     0.7
     0.7
     0.7
0.295355
0.295355
0.290709
     0.7
     0.7
     0.7
0.295357
0.295357
0.290713
     0.7
     0.7
     0.7
0.295359
0.295359
0.290717
     0.7
     0.7
     0.7
0.295361
0.295361
0.290721
     0.7
     0.7
     0.7
0.295363
0.295363
0.290726
     0.7
     0.7
     0.7
0.295366
0.295366
0.290731
     0.7
     0.7
     0.7
0.295369
0.295369
0.290737
     0.7
     0.7
     0.7
0.295372
0.295372
0.290743
     0.7
     0.7
     0.7
0.295375
0.295375
 0.29075
     0.7
     0.7
     0.7
0.295378
0.295378
0.290756
     0.7
     0.7
     0.7
0.295382
0.295382
0.290764
     0.7
     0.7
     0.7
0.295386
0.295386
0.290771
     0.7
     0.7
     0.7
 0.29539
 0.29539
0.290779
     0.7
     0.7
     0.7
0.295394
0.295394
0.290788
     0.7
     0.7
     0.7
0.295398
0.295398
0.290796
     0.7
     0.7
     0.7
0.295403
0.295403
0.290806
     0.7
     0.7
     0.7
0.295408
0.295408
0.290815
     0.7
     0.7
     0.7
0.295412
0.295412
0.290825
     0.7
     0.7
     0.7
0.295418
0.295418
0.290835
     0.7
     0.7
     0.7
0.295423
0.295423
0.290846
     0.7
     0.7
     0.7
0.295428
0.295428
0.290857
     0.7
     0.7
     0.7
0.295434
0.295434
0.290868
     0.7
     0.7
     0.7
0.29544
0.29544
0.29088
    0.7
    0.7
    0.7
0.295446
0.295446
0.290892
     0.7
     0.7
     0.7
0.295452
0.295452
0.290904
     0.7
     0.7
     0.7
0.295458
0.295458
0.290917
     0.7
     0.7
     0.7
0.295465
0.295465
 0.29093
     0.7
     0.7
     0.7
0.295471
0.295471
0.290943
     0.7
     0.7
     0.7
0.295478
0.295478
0.290956
     0.7
     0.7
     0.7
0.295485
0.295485
 0.29097
     0.7
     0.7
     0.7
0.295492
0.295492
0.290985
     0.7
     0.7
     0.7
  0.2955
  0.2955
0.290999
     0.7
     0.7
     0.7
0.295507
0.295507
0.291014
     0.7
     0.7
     0.7
0.295514
0.295514
0.291029
     0.7
     0.7
     0.7
0.295522
0.295522
0.291044
     0.7
     0.7
     0.7
0.29553
0.29553
0.29106
    0.7
    0.7
    0.7
0.295538
0.295538
0.291076
     0.7
     0.7
     0.7
0.295546
0.295546
0.291092
     0.7
     0.7
     0.7
0.295554
0.295554
0.291108
     0.7
     0.7
     0.7
0.295563
0.295563
0.291125
     0.7
     0.7
     0.7
0.295571
0.295571
0.291142
     0.7
     0.7
     0.7
 0.29558
 0.29558
0.291159
     0.7
     0.7
     0.7
0.295588
0.295588
0.291176
     0.7
     0.7
     0.7
0.295597
0.295597
0.291194
     0.7
     0.7
     0.7
0.295606
0.295606
0.291212
     0.7
     0.7
     0.7
0.295615
0.295615
 0.29123
     0.7
     0.7
     0.7
0.295624
0.295624
0.291248
     0.7
     0.7
     0.7
0.295633
0.295633
0.291266
     0.7
     0.7
     0.7
0.295642
0.295642
0.291285
     0.7
     0.7
     0.7
0.295652
0.295652
0.291304
     0.7
     0.7
     0.7
0.295661
0.295661
0.291323
     0.7
     0.7
     0.7
0.295671
0.295671
0.291342
     0.7
     0.7
     0.7
0.295681
0.295681
0.291361
     0.7
     0.7
     0.7
 0.29569
 0.29569
0.291381
     0.7
     0.7
     0.7
0.2957
0.2957
0.2914
   0.7
   0.7
   0.7
0.29571
0.29571
0.29142
    0.7
    0.7
    0.7
0.29572
0.29572
0.29144
    0.7
    0.7
    0.7
0.29573
0.29573
0.29146
    0.7
    0.7
    0.7
0.29574
0.29574
0.29148
    0.7
    0.7
    0.7
0.29575
0.29575
 0.2915
    0.7
    0.7
    0.7
0.29576
0.29576
0.29152
    0.7
    0.7
    0.7
 0.29577
 0.29577
0.291541
     0.7
     0.7
     0.7
0.295781
0.295781
0.291561
     0.7
     0.7
     0.7
0.295791
0.295791
0.291582
     0.7
     0.7
     0.7
0.295801
0.295801
0.291603
     0.7
     0.7
     0.7
0.295812
0.295812
0.291623
     0.7
     0.7
     0.7
0.295822
0.295822
0.291644
     0.7
     0.7
     0.7
0.295833
0.295833
0.291665
     0.7
     0.7
     0.7
0.295843
0.295843
0.291686
     0.7
     0.7
     0.7
0.295853
0.295853
0.291707
     0.7
     0.7
     0.7
0.295864
0.295864
0.291728
     0.7
     0.7
     0.7
0.295875
0.295875
0.291749
     0.7
     0.7
     0.7
0.295885
0.295885
 0.29177
     0.7
     0.7
     0.7
0.295896
0.295896
0.291791
     0.7
     0.7
     0.7
0.295906
0.295906
0.291812
     0.7
     0.7
     0.7
0.295917
0.295917
0.291833
     0.7
     0.7
     0.7
0.295927
0.295927
0.291854
     0.7
     0.7
     0.7
0.295938
0.295938
0.291875
     0.7
     0.7
     0.7
0.295948
0.295948
0.291896
     0.7
     0.7
     0.7
0.295959
0.295959
0.291917
     0.7
     0.7
     0.7
0.295969
0.295969
0.291938
     0.7
     0.7
     0.7
 0.29598
 0.29598
0.291959
     0.7
     0.7
     0.7
0.29599
0.29599
0.29198
    0.7
    0.7
    0.7
   0.296
   0.296
0.292001
     0.7
     0.7
     0.7
0.296011
0.296011
0.292022
     0.7
     0.7
     0.7
0.296021
0.296021
0.292042
     0.7
     0.7
     0.7
0.296032
0.296032
0.292063
     0.7
     0.7
     0.7
0.296042
0.296042
0.292084
     0.7
     0.7
     0.7
0.296052
0.296052
0.292104
     0.7
     0.7
     0.7
0.296062
0.296062
0.292124
     0.7
     0.7
     0.7
0.296072
0.296072
0.292145
     0.7
     0.7
     0.7
0.296082
0.296082
0.292165
     0.7
     0.7
     0.7
0.296092
0.296092
0.292185
     0.7
     0.7
     0.7
0.296102
0.296102
0.292205
     0.7
     0.7
     0.7
0.296112
0.296112
0.292224
     0.7
     0.7
     0.7
0.296122
0.296122
0.292244
     0.7
     0.7
     0.7
0.296132
0.296132
0.292263
     0.7
     0.7
     0.7
0.296141
0.296141
0.292283
     0.7
     0.7
     0.7
0.296151
0.296151
0.292302
     0.7
     0.7
     0.7
 0.29616
 0.29616
0.292321
     0.7
     0.7
     0.7
0.29617
0.29617
0.29234
    0.7
    0.7
    0.7
0.296179
0.296179
0.292359
     0.7
     0.7
     0.7
0.296189
0.296189
0.292377
     0.7
     0.7
     0.7
0.296198
0.296198
0.292395
     0.7
     0.7
     0.7
0.296207
0.296207
0.292414
     0.7
     0.7
     0.7
0.296216
0.296216
0.292431
     0.7
     0.7
     0.7
0.296225
0.296225
0.292449
     0.7
     0.7
     0.7
0.296233
0.296233
0.292467
     0.7
     0.7
     0.7
0.296242
0.296242
0.292484
     0.7
     0.7
     0.7
0.296251
0.296251
0.292501
     0.7
     0.7
     0.7
0.296259
0.296259
0.292518
     0.7
     0.7
     0.7
0.296267
0.296267
0.292535
     0.7
     0.7
     0.7
0.296276
0.296276
0.292551
     0.7
     0.7
     0.7
0.296284
0.296284
0.292568
     0.7
     0.7
     0.7
0.296292
0.296292
0.292584
     0.7
     0.7
     0.7
  0.2963
  0.2963
0.292599
     0.7
     0.7
     0.7
0.296307
0.296307
0.292615
     0.7
     0.7
     0.7
0.296315
0.296315
 0.29263
     0.7
     0.7
     0.7
0.296323
0.296323
0.292645
     0.7
     0.7
     0.7
0.29633
0.29633
0.29266
    0.7
    0.7
    0.7
0.296337
0.296337
0.292674
     0.7
     0.7
     0.7
0.296344
0.296344
0.292689
     0.7
     0.7
     0.7
0.296351
0.296351
0.292702
     0.7
     0.7
     0.7
0.296358
0.296358
0.292716
     0.7
     0.7
     0.7
0.296365
0.296365
0.292729
     0.7
     0.7
     0.7
0.296371
0.296371
0.292743
     0.7
     0.7
     0.7
0.296378
0.296378
0.292755
     0.7
     0.7
     0.7
0.296384
0.296384
0.292768
     0.7
     0.7
     0.7
0.29639
0.29639
0.29278
    0.7
    0.7
    0.7
0.296396
0.296396
0.292792
     0.7
     0.7
     0.7
0.296402
0.296402
0.292804
     0.7
     0.7
     0.7
0.296408
0.296408
0.292815
     0.7
     0.7
     0.7
0.296413
0.296413
0.292826
     0.7
     0.7
     0.7
0.296418
0.296418
0.292837
     0.7
     0.7
     0.7
0.296424
0.296424
0.292847
     0.7
     0.7
     0.7
0.296429
0.296429
0.292857
     0.7
     0.7
     0.7
0.296434
0.296434
0.292867
     0.7
     0.7
     0.7
0.296438
0.296438
0.292876
     0.7
     0.7
     0.7
0.296443
0.296443
0.292886
     0.7
     0.7
     0.7
0.296447
0.296447
0.292894
     0.7
     0.7
     0.7
0.296451
0.296451
0.292903
     0.7
     0.7
     0.7
0.296456
0.296456
0.292911
     0.7
     0.7
     0.7
0.296459
0.296459
0.292919
     0.7
     0.7
     0.7
0.296463
0.296463
0.292926
     0.7
     0.7
     0.7
0.296467
0.296467
0.292934
     0.7
     0.7
     0.7
0.29647
0.29647
0.29294
    0.7
    0.7
    0.7
0.296473
0.296473
0.292947
     0.7
     0.7
     0.7
0.296477
0.296477
0.292953
     0.7
     0.7
     0.7
0.296479
0.296479
0.292959
     0.7
     0.7
     0.7
0.296482
0.296482
0.292964
     0.7
     0.7
     0.7
0.296485
0.296485
 0.29297
     0.7
     0.7
     0.7
0.296487
0.296487
0.292974
     0.7
     0.7
     0.7
0.296489
0.296489
0.292979
     0.7
     0.7
     0.7
0.296491
0.296491
0.292983
     0.7
     0.7
     0.7
0.296493
0.296493
0.292987
     0.7
     0.7
     0.7
0.296495
0.296495
 0.29299
     0.7
     0.7
     0.7
0.296497
0.296497
0.292993
     0.7
     0.7
     0.7
0.296498
0.296498
0.292996
     0.7
     0.7
     0.7
0.296499
0.296499
0.292999
     0.7
     0.7
     0.7
  0.2965
  0.2965
0.293001
     0.7
     0.7
     0.7
0.296501
0.296501
0.293002
     0.7
     0.7
     0.7
0.296502
0.296502
0.293004
     0.7
     0.7
     0.7
0.296502
0.296502
0.293005
     0.7
     0.7
     0.7
0.296503
0.296503
0.293006
     0.7
     0.7
     0.7
0.296503
0.296503
0.293006
     0.7
     0.7
     0.7
0.296503
0.296503
0.293006
     0.7
     0.7
     0.7
0.296503
0.296503
0.293006
     0.7
     0.7
     0.7
0.296503
0.296503
0.293005
     0.7
     0.7
     0.7
0.296502
0.296502
0.293004
     0.7
     0.7
     0.7
0.296502
0.296502
0.293003
     0.7
     0.7
     0.7
0.296501
0.296501
0.293001
     0.7
     0.7
     0.7
  0.2965
  0.2965
0.292999
     0.7
     0.7
     0.7
0.296499
0.296499
0.292997
     0.7
     0.7
     0.7
0.296497
0.296497
0.292995
     0.7
     0.7
     0.7
0.296496
0.296496
0.292992
     0.7
     0.7
     0.7
0.296494
0.296494
0.292989
     0.7
     0.7
     0.7
0.296492
0.296492
0.292985
     0.7
     0.7
     0.7
0.296491
0.296491
0.292981
     0.7
     0.7
     0.7
0.296488
0.296488
0.292977
     0.7
     0.7
     0.7
0.296486
0.296486
0.292972
     0.7
     0.7
     0.7
0.296484
0.296484
0.292968
     0.7
     0.7
     0.7
0.296481
0.296481
0.292963
     0.7
     0.7
     0.7
0.296479
0.296479
0.292957
     0.7
     0.7
     0.7
0.296476
0.296476
0.292951
     0.7
     0.7
     0.7
0.296473
0.296473
0.292945
     0.7
     0.7
     0.7
 0.29647
 0.29647
0.292939
     0.7
     0.7
     0.7
0.296466
0.296466
0.292932
     0.7
     0.7
     0.7
0.296463
0.296463
0.292926
     0.7
     0.7
     0.7
0.296459
0.296459
0.292918
     0.7
     0.7
     0.7
0.296455
0.296455
0.292911
     0.7
     0.7
     0.7
0.296452
0.296452
0.292903
     0.7
     0.7
     0.7
0.296448
0.296448
0.292895
     0.7
     0.7
     0.7
0.296443
0.296443
0.292887
     0.7
     0.7
     0.7
0.296439
0.296439
0.292878
     0.7
     0.7
     0.7
0.296435
0.296435
0.292869
     0.7
     0.7
     0.7
0.29643
0.29643
0.29286
    0.7
    0.7
    0.7
0.296425
0.296425
0.292851
     0.7
     0.7
     0.7
0.296421
0.296421
0.292841
     0.7
     0.7
     0.7
0.296416
0.296416
0.292831
     0.7
     0.7
     0.7
0.296411
0.296411
0.292821
     0.7
     0.7
     0.7
0.296405
0.296405
0.292811
     0.7
     0.7
     0.7
0.2964
0.2964
0.2928
   0.7
   0.7
   0.7
0.296395
0.296395
0.292789
     0.7
     0.7
     0.7
0.296389
0.296389
0.292778
     0.7
     0.7
     0.7
0.296384
0.296384
0.292767
     0.7
     0.7
     0.7
0.296378
0.296378
0.292756
     0.7
     0.7
     0.7
0.296372
0.296372
0.292744
     0.7
     0.7
     0.7
0.296366
0.296366
0.292732
     0.7
     0.7
     0.7
0.29636
0.29636
0.29272
    0.7
    0.7
    0.7
0.296354
0.296354
0.292707
     0.7
     0.7
     0.7
0.296347
0.296347
0.292695
     0.7
     0.7
     0.7
0.296341
0.296341
0.292682
     0.7
     0.7
     0.7
0.296335
0.296335
0.292669
     0.7
     0.7
     0.7
0.296328
0.296328
0.292656
     0.7
     0.7
     0.7
0.296321
0.296321
0.292643
     0.7
     0.7
     0.7
0.296315
0.296315
0.292629
     0.7
     0.7
     0.7
0.296308
0.296308
0.292616
     0.7
     0.7
     0.7
0.296301
0.296301
0.292602
     0.7
     0.7
     0.7
0.296294
0.296294
0.292588
     0.7
     0.7
     0.7
0.296287
0.296287
0.292574
     0.7
     0.7
     0.7
 0.29628
 0.29628
0.292559
     0.7
     0.7
     0.7
0.296272
0.296272
0.292545
     0.7
     0.7
     0.7
0.296265
0.296265
 0.29253
     0.7
     0.7
     0.7
0.296258
0.296258
0.292516
     0.7
     0.7
     0.7
 0.29625
 0.29625
0.292501
     0.7
     0.7
     0.7
0.296243
0.296243
0.292486
     0.7
     0.7
     0.7
0.296235
0.296235
0.292471
     0.7
     0.7
     0.7
0.296228
0.296228
0.292456
     0.7
     0.7
     0.7
0.29622
0.29622
0.29244
    0.7
    0.7
    0.7
0.296213
0.296213
0.292425
     0.7
     0.7
     0.7
0.296205
0.296205
 0.29241
     0.7
     0.7
     0.7
0.296197
0.296197
0.292394
     0.7
     0.7
     0.7
0.296189
0.296189
0.292378
     0.7
     0.7
     0.7
0.296181
0.296181
0.292363
     0.7
     0.7
     0.7
0.296173
0.296173
0.292347
     0.7
     0.7
     0.7
0.296165
0.296165
0.292331
     0.7
     0.7
     0.7
0.296158
0.296158
0.292315
     0.7
     0.7
     0.7
 0.29615
 0.29615
0.292299
     0.7
     0.7
     0.7
0.296142
0.296142
0.292283
     0.7
     0.7
     0.7
0.296133
0.296133
0.292267
     0.7
     0.7
     0.7
0.296125
0.296125
0.292251
     0.7
     0.7
     0.7
0.296117
0.296117
0.292235
     0.7
     0.7
     0.7
0.296109
0.296109
0.292218
     0.7
     0.7
     0.7
0.296101
0.296101
0.292202
     0.7
     0.7
     0.7
0.296093
0.296093
0.292186
     0.7
     0.7
     0.7
0.296085
0.296085
 0.29217
     0.7
     0.7
     0.7
0.296077
0.296077
0.292153
     0.7
     0.7
     0.7
0.296069
0.296069
0.292137
     0.7
     0.7
     0.7
 0.29606
 0.29606
0.292121
     0.7
     0.7
     0.7
0.296052
0.296052
0.292105
     0.7
     0.7
     0.7
0.296044
0.296044
0.292088
     0.7
     0.7
     0.7
0.296036
0.296036
0.292072
     0.7
     0.7
     0.7
0.296028
0.296028
0.292056
     0.7
     0.7
     0.7
0.29602
0.29602
0.29204
    0.7
    0.7
    0.7
0.296012
0.296012
0.292024
     0.7
     0.7
     0.7
0.296004
0.296004
0.292008
     0.7
     0.7
     0.7
0.295996
0.295996
0.291992
     0.7
     0.7
     0.7
0.295988
0.295988
0.291976
     0.7
     0.7
     0.7
0.29598
0.29598
0.29196
    0.7
    0.7
    0.7
0.295972
0.295972
0.291944
     0.7
     0.7
     0.7
0.295964
0.295964
0.291928
     0.7
     0.7
     0.7
0.295956
0.295956
0.291912
     0.7
     0.7
     0.7
0.295948
0.295948
0.291897
     0.7
     0.7
     0.7
0.295941
0.295941
0.291881
     0.7
     0.7
     0.7
0.295933
0.295933
0.291866
     0.7
     0.7
     0.7
0.295925
0.295925
 0.29185
     0.7
     0.7
     0.7
0.295917
0.295917
0.291835
     0.7
     0.7
     0.7
0.29591
0.29591
0.29182
    0.7
    0.7
    0.7
0.295902
0.295902
0.291805
     0.7
     0.7
     0.7
0.295895
0.295895
 0.29179
     0.7
     0.7
     0.7
0.295887
0.295887
0.291775
     0.7
     0.7
     0.7
0.29588
0.29588
0.29176
    0.7
    0.7
    0.7
0.295873
0.295873
0.291745
     0.7
     0.7
     0.7
0.295865
0.295865
0.291731
     0.7
     0.7
     0.7
0.295858
0.295858
0.291717
     0.7
     0.7
     0.7
0.295851
0.295851
0.291702
     0.7
     0.7
     0.7
0.295844
0.295844
0.291688
     0.7
     0.7
     0.7
0.295837
0.295837
0.291674
     0.7
     0.7
     0.7
 0.29583
 0.29583
0.291661
     0.7
     0.7
     0.7
0.295823
0.295823
0.291647
     0.7
     0.7
     0.7
0.295817
0.295817
0.291633
     0.7
     0.7
     0.7
0.29581
0.29581
0.29162
    0.7
    0.7
    0.7
0.295803
0.295803
0.291607
     0.7
     0.7
     0.7
0.295797
0.295797
0.291594
     0.7
     0.7
     0.7
0.295791
0.295791
0.291581
     0.7
     0.7
     0.7
0.295784
0.295784
0.291569
     0.7
     0.7
     0.7
0.295778
0.295778
0.291556
     0.7
     0.7
     0.7
0.295772
0.295772
0.291544
     0.7
     0.7
     0.7
0.295766
0.295766
0.291532
     0.7
     0.7
     0.7
0.29576
0.29576
0.29152
    0.7
    0.7
    0.7
0.295754
0.295754
0.291508
     0.7
     0.7
     0.7
0.295748
0.295748
0.291497
     0.7
     0.7
     0.7
0.295743
0.295743
0.291485
     0.7
     0.7
     0.7
0.295737
0.295737
0.291474
     0.7
     0.7
     0.7
0.295732
0.295732
0.291464
     0.7
     0.7
     0.7
0.295726
0.295726
0.291453
     0.7
     0.7
     0.7
0.295721
0.295721
0.291442
     0.7
     0.7
     0.7
0.295716
0.295716
0.291432
     0.7
     0.7
     0.7
0.295711
0.295711
0.291422
     0.7
     0.7
     0.7
0.295706
0.295706
0.291412
     0.7
     0.7
     0.7
0.295701
0.295701
0.291403
     0.7
     0.7
     0.7
0.295697
0.295697
0.291394
     0.7
     0.7
     0.7
0.295692
0.295692
0.291385
     0.7
     0.7
     0.7
0.295688
0.295688
0.291376
     0.7
     0.7
     0.7
0.295684
0.295684
0.291367
     0.7
     0.7
     0.7
0.295679
0.295679
0.291359
     0.7
     0.7
     0.7
0.295675
0.295675
 0.29135
     0.7
     0.7
     0.7
0.295671
0.295671
0.291343
     0.7
     0.7
     0.7
0.295667
0.295667
0.291335
     0.7
     0.7
     0.7
0.295664
0.295664
0.291327
     0.7
     0.7
     0.7
0.29566
0.29566
0.29132
    0.7
    0.7
    0.7
0.295657
0.295657
0.291313
     0.7
     0.7
     0.7
0.295653
0.295653
0.291307
     0.7
     0.7
     0.7
0.29565
0.29565
 0.2913
    0.7
    0.7
    0.7
0.295647
0.295647
0.291294
     0.7
     0.7
     0.7
0.295644
0.295644
0.291288
     0.7
     0.7
     0.7
0.295641
0.295641
0.291283
     0.7
     0.7
     0.7
0.295639
0.295639
0.291277
     0.7
     0.7
     0.7
0.295636
0.295636
0.291272
     0.7
     0.7
     0.7
0.295634
0.295634
0.291267
     0.7
     0.7
     0.7
0.295631
0.295631
0.291262
     0.7
     0.7
     0.7
0.295629
0.295629
0.291258
     0.7
     0.7
     0.7
0.295627
0.295627
0.291254
     0.7
     0.7
     0.7
0.295625
0.295625
 0.29125
     0.7
     0.7
     0.7
0.295623
0.295623
0.291246
     0.7
     0.7
     0.7
0.295622
0.295622
0.291243
     0.7
     0.7
     0.7
0.29562
0.29562
0.29124
    0.7
    0.7
    0.7
0.295619
0.295619
0.291237
     0.7
     0.7
     0.7
0.295617
0.295617
0.291235
     0.7
     0.7
     0.7
0.295616
0.295616
0.291232
     0.7
     0.7
     0.7
0.295615
0.295615
 0.29123
     0.7
     0.7
     0.7
0.295614
0.295614
0.291229
     0.7
     0.7
     0.7
0.295614
0.295614
0.291227
     0.7
     0.7
     0.7
0.295613
0.295613
0.291226
     0.7
     0.7
     0.7
0.295612
0.295612
0.291225
     0.7
     0.7
     0.7
0.295612
0.295612
0.291224
     0.7
     0.7
     0.7
0.295612
0.295612
0.291224
     0.7
     0.7
     0.7
0.295612
0.295612
0.291224
     0.7
     0.7
     0.7
0.295612
0.295612
0.291224
     0.7
     0.7
     0.7
0.295612
0.295612
0.291224
     0.7
     0.7
     0.7
0.295612
0.295612
0.291225
     0.7
     0.7
     0.7
0.295613
0.295613
0.291225
     0.7
     0.7
     0.7
0.295613
0.295613
0.291227
     0.7
     0.7
     0.7
0.295614
0.295614
0.291228
     0.7
     0.7
     0.7
0.295615
0.295615
 0.29123
     0.7
     0.7
     0.7
0.295616
0.295616
0.291231
     0.7
     0.7
     0.7
0.295617
0.295617
0.291234
     0.7
     0.7
     0.7
0.295618
0.295618
0.291236
     0.7
     0.7
     0.7
0.295619
0.295619
0.291238
     0.7
     0.7
     0.7
0.295621
0.295621
0.291241
     0.7
     0.7
     0.7
0.295622
0.295622
0.291244
     0.7
     0.7
     0.7
0.295624
0.295624
0.291248
     0.7
     0.7
     0.7
0.295626
0.295626
0.291251
     0.7
     0.7
     0.7
0.295628
0.295628
0.291255
     0.7
     0.7
     0.7
 0.29563
 0.29563
0.291259
     0.7
     0.7
     0.7
0.295632
0.295632
0.291264
     0.7
     0.7
     0.7
0.295634
0.295634
0.291268
     0.7
     0.7
     0.7
0.295636
0.295636
0.291273
     0.7
     0.7
     0.7
0.295639
0.295639
0.291278
     0.7
     0.7
     0.7
0.295642
0.295642
0.291283
     0.7
     0.7
     0.7
0.295644
0.295644
0.291288
     0.7
     0.7
     0.7
0.295647
0.295647
0.291294
     0.7
     0.7
     0.7
0.29565
0.29565
 0.2913
    0.7
    0.7
    0.7
0.295653
0.295653
0.291306
     0.7
     0.7
     0.7
0.295656
0.295656
0.291312
     0.7
     0.7
     0.7
0.295659
0.295659
0.291319
     0.7
     0.7
     0.7
0.295663
0.295663
0.291326
     0.7
     0.7
     0.7
0.295666
0.295666
0.291332
     0.7
     0.7
     0.7
0.29567
0.29567
0.29134
    0.7
    0.7
    0.7
0.295673
0.295673
0.291347
     0.7
     0.7
     0.7
0.295677
0.295677
0.291354
     0.7
     0.7
     0.7
0.295681
0.295681
0.291362
     0.7
     0.7
     0.7
0.295685
0.295685
 0.29137
     0.7
     0.7
     0.7
0.295689
0.295689
0.291378
     0.7
     0.7
     0.7
0.295693
0.295693
0.291386
     0.7
     0.7
     0.7
0.295697
0.295697
0.291395
     0.7
     0.7
     0.7
0.295702
0.295702
0.291404
     0.7
     0.7
     0.7
0.295706
0.295706
0.291412
     0.7
     0.7
     0.7
0.295711
0.295711
0.291421
     0.7
     0.7
     0.7
0.295715
0.295715
 0.29143
     0.7
     0.7
     0.7
0.29572
0.29572
0.29144
    0.7
    0.7
    0.7
0.295725
0.295725
0.291449
     0.7
     0.7
     0.7
0.295729
0.295729
0.291459
     0.7
     0.7
     0.7
0.295734
0.295734
0.291469
     0.7
     0.7
     0.7
0.295739
0.295739
0.291478
     0.7
     0.7
     0.7
0.295744
0.295744
0.291488
     0.7
     0.7
     0.7
0.295749
0.295749
0.291499
     0.7
     0.7
     0.7
0.295755
0.295755
0.291509
     0.7
     0.7
     0.7
 0.29576
 0.29576
0.291519
     0.7
     0.7
     0.7
0.295765
0.295765
 0.29153
     0.7
     0.7
     0.7
 0.29577
 0.29577
0.291541
     0.7
     0.7
     0.7
0.295776
0.295776
0.291552
     0.7
     0.7
     0.7
0.295781
0.295781
0.291563
     0.7
     0.7
     0.7
0.295787
0.295787
0.291574
     0.7
     0.7
     0.7
0.295792
0.295792
0.291585
     0.7
     0.7
     0.7
0.295798
0.295798
0.291596
     0.7
     0.7
     0.7
0.295804
0.295804
0.291607
     0.7
     0.7
     0.7
 0.29581
 0.29581
0.291619
     0.7
     0.7
     0.7
0.295815
0.295815
0.291631
     0.7
     0.7
     0.7
0.295821
0.295821
0.291642
     0.7
     0.7
     0.7
0.295827
0.295827
0.291654
     0.7
     0.7
     0.7
0.295833
0.295833
0.291666
     0.7
     0.7
     0.7
0.295839
0.295839
0.291678
     0.7
     0.7
     0.7
0.295845
0.295845
 0.29169
     0.7
     0.7
     0.7
0.295851
0.295851
0.291702
     0.7
     0.7
     0.7
0.295857
0.295857
0.291714
     0.7
     0.7
     0.7
0.295863
0.295863
0.291726
     0.7
     0.7
     0.7
0.295869
0.295869
0.291738
     0.7
     0.7
     0.7
0.295875
0.295875
 0.29175
     0.7
     0.7
     0.7
0.295881
0.295881
0.291763
     0.7
     0.7
     0.7
0.295888
0.295888
0.291775
     0.7
     0.7
     0.7
0.295894
0.295894
0.291788
     0.7
     0.7
     0.7
0.2959
0.2959
0.2918
   0.7
   0.7
   0.7
0.295906
0.295906
0.291812
     0.7
     0.7
     0.7
0.295912
0.295912
0.291825
     0.7
     0.7
     0.7
0.295919
0.295919
0.291837
     0.7
     0.7
     0.7
0.295925
0.295925
 0.29185
     0.7
     0.7
     0.7
0.295931
0.295931
0.291862
     0.7
     0.7
     0.7
0.295938
0.295938
0.291875
     0.7
     0.7
     0.7
0.295944
0.295944
0.291888
     0.7
     0.7
     0.7
0.29595
0.29595
 0.2919
    0.7
    0.7
    0.7
0.295956
0.295956
0.291913
     0.7
     0.7
     0.7
0.295963
0.295963
0.291925
     0.7
     0.7
     0.7
0.295969
0.295969
0.291938
     0.7
     0.7
     0.7
0.295975
0.295975
 0.29195
     0.7
     0.7
     0.7
0.295981
0.295981
0.291963
     0.7
     0.7
     0.7
0.295988
0.295988
0.291975
     0.7
     0.7
     0.7
0.295994
0.295994
0.291988
     0.7
     0.7
     0.7
0.296
0.296
0.292
  0.7
  0.7
  0.7
0.296006
0.296006
0.292012
     0.7
     0.7
     0.7
0.296012
0.296012
0.292025
     0.7
     0.7
     0.7
0.296018
0.296018
0.292037
     0.7
     0.7
     0.7
0.296025
0.296025
0.292049
     0.7
     0.7
     0.7
0.296031
0.296031
0.292061
     0.7
     0.7
     0.7
0.296037
0.296037
0.292073
     0.7
     0.7
     0.7
0.296043
0.296043
0.292085
     0.7
     0.7
     0.7
0.296049
0.296049
0.292097
     0.7
     0.7
     0.7
0.296055
0.296055
0.292109
     0.7
     0.7
     0.7
0.296061
0.296061
0.292121
     0.7
     0.7
     0.7
0.296066
0.296066
0.292133
     0.7
     0.7
     0.7
0.296072
0.296072
0.292145
     0.7
     0.7
     0.7
0.296078
0.296078
0.292156
     0.7
     0.7
     0.7
0.296084
0.296084
0.292168
     0.7
     0.7
     0.7
 0.29609
 0.29609
0.292179
     0.7
     0.7
     0.7
0.296095
0.296095
0.292191
     0.7
     0.7
     0.7
0.296101
0.296101
0.292202
     0.7
     0.7
     0.7
0.296106
0.296106
0.292213
     0.7
     0.7
     0.7
0.296112
0.296112
0.292224
     0.7
     0.7
     0.7
0.296117
0.296117
0.292235
     0.7
     0.7
     0.7
0.296123
0.296123
0.292246
     0.7
     0.7
     0.7
0.296128
0.296128
0.292256
     0.7
     0.7
     0.7
0.296134
0.296134
0.292267
     0.7
     0.7
     0.7
0.296139
0.296139
0.292277
     0.7
     0.7
     0.7
0.296144
0.296144
0.292288
     0.7
     0.7
     0.7
0.296149
0.296149
0.292298
     0.7
     0.7
     0.7
0.296154
0.296154
0.292308
     0.7
     0.7
     0.7
0.296159
0.296159
0.292318
     0.7
     0.7
     0.7
0.296164
0.296164
0.292328
     0.7
     0.7
     0.7
0.296169
0.296169
0.292338
     0.7
     0.7
     0.7
0.296174
0.296174
0.292347
     0.7
     0.7
     0.7
0.296178
0.296178
0.292356
     0.7
     0.7
     0.7
0.296183
0.296183
0.292366
     0.7
     0.7
     0.7
0.296187
0.296187
0.292375
     0.7
     0.7
     0.7
0.296192
0.296192
0.292384
     0.7
     0.7
     0.7
0.296196
0.296196
0.292392
     0.7
     0.7
     0.7
0.296201
0.296201
0.292401
     0.7
     0.7
     0.7
0.296205
0.296205
 0.29241
     0.7
     0.7
     0.7
0.296209
0.296209
0.292418
     0.7
     0.7
     0.7
0.296213
0.296213
0.292426
     0.7
     0.7
     0.7
0.296217
0.296217
0.292434
     0.7
     0.7
     0.7
0.296221
0.296221
0.292442
     0.7
     0.7
     0.7
0.296225
0.296225
0.292449
     0.7
     0.7
     0.7
0.296228
0.296228
0.292457
     0.7
     0.7
     0.7
0.296232
0.296232
0.292464
     0.7
     0.7
     0.7
0.296236
0.296236
0.292471
     0.7
     0.7
     0.7
0.296239
0.296239
0.292478
     0.7
     0.7
     0.7
0.296243
0.296243
0.292485
     0.7
     0.7
     0.7
0.296246
0.296246
0.292492
     0.7
     0.7
     0.7
0.296249
0.296249
0.292498
     0.7
     0.7
     0.7
0.296252
0.296252
0.292504
     0.7
     0.7
     0.7
0.296255
0.296255
 0.29251
     0.7
     0.7
     0.7
0.296258
0.296258
0.292516
     0.7
     0.7
     0.7
0.296261
0.296261
0.292522
     0.7
     0.7
     0.7
0.296264
0.296264
0.292527
     0.7
     0.7
     0.7
0.296266
0.296266
0.292532
     0.7
     0.7
     0.7
0.296269
0.296269
0.292537
     0.7
     0.7
     0.7
0.296271
0.296271
0.292542
     0.7
     0.7
     0.7
0.296273
0.296273
0.292547
     0.7
     0.7
     0.7
0.296276
0.296276
0.292551
     0.7
     0.7
     0.7
0.296278
0.296278
0.292556
     0.7
     0.7
     0.7
0.29628
0.29628
0.29256
    0.7
    0.7
    0.7
0.296282
0.296282
0.292564
     0.7
     0.7
     0.7
0.296284
0.296284
0.292567
     0.7
     0.7
     0.7
0.296285
0.296285
0.292571
     0.7
     0.7
     0.7
0.296287
0.296287
0.292574
     0.7
     0.7
     0.7
0.296289
0.296289
0.292577
     0.7
     0.7
     0.7
0.29629
0.29629
0.29258
    0.7
    0.7
    0.7
0.296291
0.296291
0.292583
     0.7
     0.7
     0.7
0.296293
0.296293
0.292585
     0.7
     0.7
     0.7
0.296294
0.296294
0.292587
     0.7
     0.7
     0.7
0.296295
0.296295
 0.29259
     0.7
     0.7
     0.7
0.296296
0.296296
0.292591
     0.7
     0.7
     0.7
0.296297
0.296297
0.292593
     0.7
     0.7
     0.7
0.296297
0.296297
0.292595
     0.7
     0.7
     0.7
0.296298
0.296298
0.292596
     0.7
     0.7
     0.7
0.296298
0.296298
0.292597
     0.7
     0.7
     0.7
0.296299
0.296299
0.292598
     0.7
     0.7
     0.7
0.296299
0.296299
0.292598
     0.7
     0.7
     0.7
0.296299
0.296299
0.292599
     0.7
     0.7
     0.7
  0.2963
  0.2963
0.292599
     0.7
     0.7
     0.7
  0.2963
  0.2963
0.292599
     0.7
     0.7
     0.7
0.296299
0.296299
0.292599
     0.7
     0.7
     0.7
0.296299
0.296299
0.292599
     0.7
     0.7
     0.7
0.296299
0.296299
0.292598
     0.7
     0.7
     0.7
0.296299
0.296299
0.292597
     0.7
     0.7
     0.7
0.296298
0.296298
0.292596
     0.7
     0.7
     0.7
0.296298
0.296298
0.292595
     0.7
     0.7
     0.7
0.296297
0.296297
0.292594
     0.7
     0.7
     0.7
0.296296
0.296296
0.292592
     0.7
     0.7
     0.7
0.296295
0.296295
0.292591
     0.7
     0.7
     0.7
0.296294
0.296294
0.292589
     0.7
     0.7
     0.7
0.296293
0.296293
0.292587
     0.7
     0.7
     0.7
0.296292
0.296292
0.292584
     0.7
     0.7
     0.7
0.296291
0.296291
0.292582
     0.7
     0.7
     0.7
 0.29629
 0.29629
0.292579
     0.7
     0.7
     0.7
0.296288
0.296288
0.292576
     0.7
     0.7
     0.7
0.296287
0.296287
0.292573
     0.7
     0.7
     0.7
0.296285
0.296285
 0.29257
     0.7
     0.7
     0.7
0.296283
0.296283
0.292567
     0.7
     0.7
     0.7
0.296282
0.296282
0.292563
     0.7
     0.7
     0.7
 0.29628
 0.29628
0.292559
     0.7
     0.7
     0.7
