-0
 0
-0
-0
 0
-0
 -0.00137111
  0.00804862
  -0.0197898
-0.000888755
   0.0132476
  -0.0146694
-0.00274223
  0.0160972
 -0.0395796
-0.00177751
  0.0264952
 -0.0293389
-0.00411334
  0.0241459
 -0.0593693
-0.00266627
  0.0397429
 -0.0440084
-0.00548445
  0.0321945
 -0.0791591
-0.00355502
  0.0529905
 -0.0586778
-0.00685557
  0.0402431
 -0.0989489
-0.00444378
  0.0662381
 -0.0733473
-0.00822668
  0.0482917
  -0.118739
-0.00533253
  0.0794857
 -0.0880167
-0.00959779
  0.0563404
  -0.138528
-0.00622129
  0.0927333
  -0.102686
 -0.0109689
   0.064389
  -0.158318
-0.00711004
   0.105981
  -0.117356
  -0.01234
 0.0724376
 -0.178108
-0.0079988
  0.119229
 -0.132025
 -0.0137111
  0.0804862
  -0.197898
-0.00888755
   0.132476
  -0.146694
 -0.0150822
  0.0885349
  -0.217688
-0.00977631
   0.145724
  -0.161364
-0.0164534
 0.0965835
 -0.237477
-0.0106651
  0.158971
 -0.176033
-0.0178245
  0.104632
 -0.257267
-0.0115538
  0.172219
 -0.190703
-0.0191956
  0.112681
 -0.277057
-0.0124426
  0.185467
 -0.205372
-0.0205667
  0.120729
 -0.296847
-0.0133313
  0.198714
 -0.220042
-0.0219378
  0.128778
 -0.316636
-0.0142201
  0.211962
 -0.234711
-0.0233089
  0.136827
 -0.336426
-0.0151088
   0.22521
 -0.249381
  -0.02468
  0.144875
 -0.356216
-0.0159976
  0.238457
  -0.26405
-0.0260512
  0.152924
 -0.376006
-0.0168864
  0.251705
  -0.27872
-0.0274223
  0.160973
 -0.395796
-0.0177751
  0.264952
 -0.293389
-0.0287934
  0.169021
 -0.415585
-0.0186639
    0.2782
 -0.308059
-0.0301645
   0.17707
 -0.435375
-0.0195526
  0.291448
 -0.322728
-0.0315356
  0.185118
 -0.455165
-0.0204414
  0.304695
 -0.337397
-0.0329067
  0.193167
 -0.474955
-0.0213301
  0.317943
 -0.352067
-0.0342778
  0.201216
 -0.494745
-0.0222189
  0.331191
 -0.366736
-0.0356489
  0.209264
 -0.514534
-0.0231076
  0.344438
 -0.381406
-0.0370201
  0.217313
 -0.534324
-0.0239964
  0.357686
 -0.396075
-0.0383912
  0.225361
 -0.554114
-0.0248852
  0.370933
 -0.410745
-0.0397623
   0.23341
 -0.573904
-0.0257739
  0.384181
 -0.425414
-0.0411334
  0.241459
 -0.593693
-0.0266627
  0.397429
 -0.440084
-0.0425045
  0.249507
 -0.613483
-0.0275514
  0.410676
 -0.454753
-0.0438756
  0.257556
 -0.633273
-0.0284402
  0.423924
 -0.469422
-0.0452467
  0.265605
 -0.653063
-0.0293289
  0.437171
 -0.484092
-0.0457038
  0.268287
 -0.659659
-0.0296252
  0.441587
 -0.488982
-0.0457038
  0.268287
 -0.659659
-0.0296252
  0.441587
 -0.488982
-0.0457038
  0.268287
 -0.659659
-0.0296252
  0.441587
 -0.488982
-0.0457038
  0.268287
 -0.659659
-0.0296252
  0.441587
 -0.488982
-0.0457038
  0.268287
 -0.659659
-0.0296252
  0.441587
 -0.488982
-0.0457038
  0.268287
 -0.659659
-0.0296252
  0.441587
 -0.488982
-0.0457038
  0.268287
 -0.659659
-0.0296252
  0.441587
 -0.488982
-0.0457038
  0.268287
 -0.659659
-0.0296252
  0.441587
 -0.488982
-0.0457038
  0.268287
 -0.659659
-0.0296252
  0.441587
 -0.488982
-0.0457038
  0.268287
 -0.659659
-0.0296252
  0.441587
 -0.488982
-0.0457038
  0.268287
 -0.659659
-0.0296252
  0.441587
 -0.488982
-0.0457038
  0.268287
 -0.659659
-0.0296252
  0.441587
 -0.488982
-0.0457038
  0.268287
 -0.659659
-0.0296252
  0.441587
 -0.488982
-0.0457038
  0.268287
 -0.659659
-0.0296252
  0.441587
 -0.488982
-0.0457038
  0.268287
 -0.659659
-0.0296252
  0.441587
 -0.488982
-0.0457038
  0.268287
 -0.659659
-0.0296252
  0.441587
 -0.488982
-0.0457038
  0.268287
 -0.659659
-0.0296252
  0.441587
 -0.488982
-0.0457038
  0.268287
 -0.659659
-0.0296252
  0.441587
 -0.488982
-0.0457038
  0.268287
 -0.659659
-0.0296252
  0.441587
 -0.488982
-0.0457038
  0.268287
 -0.659659
-0.0296252
  0.441587
 -0.488982
-0.0457038
  0.268287
 -0.659659
-0.0296252
  0.441587
 -0.488982
-0.0457038
  0.268287
 -0.659659
-0.0296252
  0.441587
 -0.488982
-0.0457038
  0.268287
 -0.659659
-0.0296252
  0.441587
 -0.488982
-0.0457038
  0.268287
 -0.659659
-0.0296252
  0.441587
 -0.488982
-0.0457038
  0.268287
 -0.659659
-0.0296252
  0.441587
 -0.488982
-0.0457038
  0.268287
 -0.659659
-0.0296252
  0.441587
 -0.488982
-0.0457038
  0.268287
 -0.659659
-0.0296252
  0.441587
 -0.488982
-0.0457038
  0.268287
 -0.659659
-0.0296252
  0.441587
 -0.488982
-0.0457038
  0.268287
 -0.659659
-0.0296252
  0.441587
 -0.488982
-0.0457038
  0.268287
 -0.659659
-0.0296252
  0.441587
 -0.488982
-0.0457038
  0.268287
 -0.659659
-0.0296252
  0.441587
 -0.488982
-0.0457038
  0.268287
 -0.659659
-0.0296252
  0.441587
 -0.488982
-0.0457038
  0.268287
 -0.659659
-0.0296252
  0.441587
 -0.488982
-0.0452468
  0.265605
 -0.653063
 -0.029329
  0.437172
 -0.484092
-0.0438757
  0.257556
 -0.633274
-0.0284402
  0.423924
 -0.469423
-0.0425046
  0.249508
 -0.613484
-0.0275514
  0.410677
 -0.454754
-0.0411334
  0.241459
 -0.593694
-0.0266627
  0.397429
 -0.440084
-0.0397623
   0.23341
 -0.573904
-0.0257739
  0.384181
 -0.425415
-0.0383912
  0.225362
 -0.554115
-0.0248852
  0.370934
 -0.410745
-0.0370201
  0.217313
 -0.534325
-0.0239964
  0.357686
 -0.396076
 -0.035649
  0.209265
 -0.514535
-0.0231077
  0.344439
 -0.381406
-0.0342779
  0.201216
 -0.494745
-0.0222189
  0.331191
 -0.366737
-0.0329068
  0.193167
 -0.474956
-0.0213302
  0.317943
 -0.352067
-0.0315357
  0.185119
 -0.455166
-0.0204414
  0.304696
 -0.337398
-0.0301645
   0.17707
 -0.435376
-0.0195527
  0.291448
 -0.322729
-0.0287934
  0.169021
 -0.415586
-0.0186639
  0.278201
 -0.308059
-0.0274223
  0.160973
 -0.395797
-0.0177751
  0.264953
  -0.29339
-0.0260512
  0.152924
 -0.376007
-0.0168864
  0.251705
  -0.27872
-0.0246801
  0.144876
 -0.356217
-0.0159976
  0.238458
 -0.264051
 -0.023309
  0.136827
 -0.336427
-0.0151089
   0.22521
 -0.249381
-0.0219379
  0.128778
 -0.316637
-0.0142201
  0.211963
 -0.234712
-0.0205668
   0.12073
 -0.296848
-0.0133314
  0.198715
 -0.220042
-0.0191957
  0.112681
 -0.277058
-0.0124426
  0.185467
 -0.205373
-0.0178245
  0.104633
 -0.257268
-0.0115539
   0.17222
 -0.190704
-0.0164534
 0.0965839
 -0.237478
-0.0106651
  0.158972
 -0.176034
 -0.0150823
  0.0885353
  -0.217689
-0.00977635
   0.145725
  -0.161365
-0.0137112
 0.0804867
 -0.197899
-0.0088876
  0.132477
 -0.146695
 -0.0123401
  0.0724381
  -0.178109
-0.00799885
   0.119229
  -0.132026
 -0.010969
 0.0643895
 -0.158319
-0.0071101
  0.105982
 -0.117356
-0.00959787
  0.0563408
   -0.13853
-0.00622134
  0.0927341
  -0.102687
-0.00822677
  0.0482922
   -0.11874
-0.00533258
  0.0794865
 -0.0880176
-0.00685565
  0.0402436
 -0.0989501
-0.00444383
  0.0662389
 -0.0733482
-0.00548454
   0.032195
 -0.0791603
-0.00355507
  0.0529913
 -0.0586787
-0.00411342
  0.0241464
 -0.0593705
-0.00266632
  0.0397437
 -0.0440093
-0.00274232
  0.0160978
 -0.0395808
-0.00177757
  0.0264961
 -0.0293398
 -0.0013712
 0.00804913
  -0.019791
-0.00088881
  0.0132484
 -0.0146704
 -8.9407e-08
 5.36442e-07
 -1.3113e-06
-5.96046e-08
 8.34465e-07
-9.53674e-07
 0.00224986
          0
 0.00112493
-0.00562466
 0.00224986
 0.00562466
0.00449986
         0
0.00224993
-0.0112497
0.00449986
 0.0112497
0.00674986
         0
0.00337493
-0.0168746
0.00674986
 0.0168746
0.00899986
         0
0.00449993
-0.0224996
0.00899986
 0.0224996
 0.0112499
         0
0.00562493
-0.0281246
 0.0112499
 0.0281246
 0.0134999
         0
0.00674993
-0.0337496
 0.0134999
 0.0337496
 0.0157499
         0
0.00787492
-0.0393746
 0.0157498
 0.0393746
 0.0179998
         0
0.00899992
-0.0449996
 0.0179998
 0.0449996
 0.0202498
         0
 0.0101249
-0.0506246
 0.0202498
 0.0506246
 0.0224998
         0
 0.0112499
-0.0562496
 0.0224998
 0.0562496
 0.0247498
         0
 0.0123749
-0.0618746
 0.0247498
 0.0618746
 0.0269998
         0
 0.0134999
-0.0674996
 0.0269998
 0.0674996
 0.0292498
         0
 0.0146249
-0.0731246
 0.0292498
 0.0731246
 0.0314998
         0
 0.0157499
-0.0787496
 0.0314998
 0.0787496
 0.0337498
         0
 0.0168749
-0.0843746
 0.0337498
 0.0843746
 0.0359998
         0
 0.0179999
-0.0899996
 0.0359998
 0.0899996
 0.0382498
         0
 0.0191249
-0.0956246
 0.0382498
 0.0956246
0.0404998
        0
0.0202499
 -0.10125
0.0404998
  0.10125
0.0427498
        0
0.0213749
-0.106875
0.0427498
 0.106875
0.0449998
        0
0.0224999
  -0.1125
0.0449998
   0.1125
0.0472498
        0
0.0236249
-0.118125
0.0472498
 0.118125
0.0494998
        0
0.0247499
 -0.12375
0.0494998
  0.12375
0.0517498
        0
0.0258749
-0.129375
0.0517498
 0.129375
0.0539998
        0
0.0269999
   -0.135
0.0539998
    0.135
0.0562498
        0
0.0281249
-0.140625
0.0562498
 0.140625
0.0584998
        0
0.0292499
 -0.14625
0.0584998
  0.14625
0.0607498
        0
0.0303749
-0.151875
0.0607498
 0.151875
0.0629998
        0
0.0314999
  -0.1575
0.0629998
   0.1575
0.0652498
        0
0.0326249
-0.163125
0.0652498
 0.163125
0.0674998
        0
0.0337499
 -0.16875
0.0674998
  0.16875
0.0697498
        0
0.0348749
-0.174374
0.0697498
 0.174374
0.0719998
        0
0.0359999
    -0.18
0.0719998
     0.18
0.0742498
        0
0.0371249
-0.185624
0.0742498
 0.185624
0.0764998
        0
0.0382499
-0.191249
0.0764998
 0.191249
0.0787498
        0
0.0393749
-0.196874
0.0787498
 0.196874
0.0809998
        0
0.0404999
-0.202499
0.0809998
 0.202499
0.0832498
        0
0.0416249
-0.208124
0.0832498
 0.208124
0.0854998
        0
0.0427499
-0.213749
0.0854998
 0.213749
0.0877498
        0
0.0438749
-0.219374
0.0877498
 0.219374
0.0899998
        0
0.0449999
-0.224999
0.0899998
 0.224999
0.0922498
        0
0.0461249
-0.230624
0.0922498
 0.230624
0.0944998
        0
0.0472499
-0.236249
0.0944998
 0.236249
0.0967498
        0
0.0483749
-0.241874
0.0967498
 0.241874
0.0989998
        0
0.0494999
-0.247499
0.0989998
 0.247499
  0.10125
        0
0.0506249
-0.253124
  0.10125
 0.253124
   0.1035
        0
0.0517499
-0.258749
   0.1035
 0.258749
  0.10575
        0
0.0528749
-0.264374
  0.10575
 0.264374
    0.108
        0
0.0539999
-0.269999
    0.108
 0.269999
  0.11025
        0
0.0551249
-0.275624
  0.11025
 0.275624
   0.1125
        0
0.0562499
-0.281249
   0.1125
 0.281249
  0.11475
        0
0.0573749
-0.286874
  0.11475
 0.286874
    0.117
        0
0.0584999
-0.292499
    0.117
 0.292499
  0.11925
        0
0.0596249
-0.298124
  0.11925
 0.298124
   0.1215
        0
0.0607499
-0.303749
   0.1215
 0.303749
  0.12375
        0
0.0618749
-0.309374
  0.12375
 0.309374
    0.126
        0
0.0629999
-0.314999
    0.126
 0.314999
  0.12825
        0
0.0641249
-0.320624
  0.12825
 0.320624
   0.1305
        0
0.0652499
-0.326249
   0.1305
 0.326249
  0.13275
        0
0.0663749
-0.331874
  0.13275
 0.331874
    0.135
        0
0.0674999
-0.337499
    0.135
 0.337499
  0.13725
        0
0.0686249
-0.343124
  0.13725
 0.343124
   0.1395
        0
0.0697499
-0.348749
   0.1395
 0.348749
  0.14175
        0
0.0708749
-0.354374
  0.14175
 0.354374
    0.144
        0
0.0719999
-0.359999
    0.144
 0.359999
  0.14625
        0
0.0731249
-0.365624
  0.14625
 0.365624
   0.1485
        0
0.0742499
-0.371249
   0.1485
 0.371249
  0.15
     0
 0.075
-0.375
  0.15
 0.375
  0.15
     0
 0.075
-0.375
  0.15
 0.375
  0.15
     0
 0.075
-0.375
  0.15
 0.375
  0.15
     0
 0.075
-0.375
  0.15
 0.375
  0.15
     0
 0.075
-0.375
  0.15
 0.375
  0.15
     0
 0.075
-0.375
  0.15
 0.375
  0.15
     0
 0.075
-0.375
  0.15
 0.375
  0.15
     0
 0.075
-0.375
  0.15
 0.375
  0.15
     0
 0.075
-0.375
  0.15
 0.375
  0.15
     0
 0.075
-0.375
  0.15
 0.375
  0.15
     0
 0.075
-0.375
  0.15
 0.375
  0.15
     0
 0.075
-0.375
  0.15
 0.375
  0.15
     0
 0.075
-0.375
  0.15
 0.375
  0.15
     0
 0.075
-0.375
  0.15
 0.375
  0.15
     0
 0.075
-0.375
  0.15
 0.375
  0.15
     0
 0.075
-0.375
  0.15
 0.375
  0.15
     0
 0.075
-0.375
  0.15
 0.375
  0.15
     0
 0.075
-0.375
  0.15
 0.375
  0.15
     0
 0.075
-0.375
  0.15
 0.375
  0.15
     0
 0.075
-0.375
  0.15
 0.375
  0.15
     0
 0.075
-0.375
  0.15
 0.375
  0.15
     0
 0.075
-0.375
  0.15
 0.375
  0.15
     0
 0.075
-0.375
  0.15
 0.375
  0.15
     0
 0.075
-0.375
  0.15
 0.375
  0.15
     0
 0.075
-0.375
  0.15
 0.375
  0.15
     0
 0.075
-0.375
  0.15
 0.375
  0.15
     0
 0.075
-0.375
  0.15
 0.375
  0.15
     0
 0.075
-0.375
  0.15
 0.375
  0.15
     0
 0.075
-0.375
  0.15
 0.375
  0.15
     0
 0.075
-0.375
  0.15
 0.375
  0.15
     0
 0.075
-0.375
  0.15
 0.375
  0.15
     0
 0.075
-0.375
  0.15
 0.375
  0.15
     0
 0.075
-0.375
  0.15
 0.375
  0.15
     0
 0.075
-0.375
  0.15
 0.375
  0.15
     0
 0.075
-0.375
  0.15
 0.375
  0.15
     0
 0.075
-0.375
  0.15
 0.375
  0.15
     0
 0.075
-0.375
  0.15
 0.375
  0.15
     0
 0.075
-0.375
  0.15
 0.375
  0.15
     0
 0.075
-0.375
  0.15
 0.375
  0.15
     0
 0.075
-0.375
  0.15
 0.375
  0.15
     0
 0.075
-0.375
  0.15
 0.375
  0.15
     0
 0.075
-0.375
  0.15
 0.375
  0.15
     0
 0.075
-0.375
  0.15
 0.375
  0.15
     0
 0.075
-0.375
  0.15
 0.375
  0.15
     0
 0.075
-0.375
  0.15
 0.375
  0.15
     0
 0.075
-0.375
  0.15
 0.375
  0.15
     0
 0.075
-0.375
  0.15
 0.375
  0.15
     0
 0.075
-0.375
  0.15
 0.375
  0.15
     0
 0.075
-0.375
  0.15
 0.375
  0.15
     0
 0.075
-0.375
  0.15
 0.375
  0.15
     0
 0.075
-0.375
  0.15
 0.375
  0.15
     0
 0.075
-0.375
  0.15
 0.375
  0.15
     0
 0.075
-0.375
  0.15
 0.375
  0.15
     0
 0.075
-0.375
  0.15
 0.375
  0.15
     0
 0.075
-0.375
  0.15
 0.375
  0.15
     0
 0.075
-0.375
  0.15
 0.375
  0.15
     0
 0.075
-0.375
  0.15
 0.375
  0.15
     0
 0.075
-0.375
  0.15
 0.375
  0.15
     0
 0.075
-0.375
  0.15
 0.375
  0.15
     0
 0.075
-0.375
  0.15
 0.375
  0.15
     0
 0.075
-0.375
  0.15
 0.375
  0.15
     0
 0.075
-0.375
  0.15
 0.375
  0.15
     0
 0.075
-0.375
  0.15
 0.375
  0.15
     0
 0.075
-0.375
  0.15
 0.375
  0.15
     0
 0.075
-0.375
  0.15
 0.375
  0.15
     0
 0.075
-0.375
  0.15
 0.375
  0.15
     0
 0.075
-0.375
  0.15
 0.375
   0.1485
        0
0.0742502
-0.371251
   0.1485
 0.371251
  0.14625
        0
0.0731252
-0.365626
  0.14625
 0.365626
    0.144
        0
0.0720002
-0.360001
    0.144
 0.360001
  0.14175
        0
0.0708752
-0.354376
  0.14175
 0.354376
   0.1395
        0
0.0697502
-0.348751
   0.1395
 0.348751
  0.13725
        0
0.0686252
-0.343126
  0.13725
 0.343126
    0.135
        0
0.0675002
-0.337501
    0.135
 0.337501
  0.13275
        0
0.0663752
-0.331876
  0.13275
 0.331876
   0.1305
        0
0.0652502
-0.326251
   0.1305
 0.326251
  0.12825
        0
0.0641252
-0.320626
  0.12825
 0.320626
    0.126
        0
0.0630002
-0.315001
    0.126
 0.315001
  0.12375
        0
0.0618752
-0.309376
  0.12375
 0.309376
   0.1215
        0
0.0607502
-0.303751
   0.1215
 0.303751
  0.11925
        0
0.0596252
-0.298126
  0.11925
 0.298126
    0.117
        0
0.0585002
-0.292501
    0.117
 0.292501
  0.11475
        0
0.0573752
-0.286876
  0.11475
 0.286876
   0.1125
        0
0.0562502
-0.281251
   0.1125
 0.281251
  0.11025
        0
0.0551252
-0.275626
  0.11025
 0.275626
    0.108
        0
0.0540002
-0.270001
    0.108
 0.270001
  0.10575
        0
0.0528752
-0.264376
  0.10575
 0.264376
   0.1035
        0
0.0517502
-0.258751
   0.1035
 0.258751
  0.10125
        0
0.0506252
-0.253126
  0.10125
 0.253126
0.0990005
        0
0.0495002
-0.247501
0.0990004
 0.247501
0.0967504
        0
0.0483752
-0.241876
0.0967504
 0.241876
0.0945005
        0
0.0472502
-0.236251
0.0945005
 0.236251
0.0922504
        0
0.0461252
-0.230626
0.0922504
 0.230626
0.0900005
        0
0.0450002
-0.225001
0.0900005
 0.225001
0.0877505
        0
0.0438752
-0.219376
0.0877504
 0.219376
0.0855004
        0
0.0427502
-0.213751
0.0855004
 0.213751
0.0832505
        0
0.0416252
-0.208126
0.0832505
 0.208126
0.0810004
        0
0.0405002
-0.202501
0.0810004
 0.202501
0.0787505
        0
0.0393752
-0.196876
0.0787505
 0.196876
0.0765005
        0
0.0382502
-0.191251
0.0765004
 0.191251
0.0742505
        0
0.0371252
-0.185626
0.0742505
 0.185626
0.0720005
        0
0.0360002
-0.180001
0.0720005
 0.180001
0.0697505
        0
0.0348752
-0.174376
0.0697505
 0.174376
0.0675005
        0
0.0337502
-0.168751
0.0675005
 0.168751
0.0652505
        0
0.0326252
-0.163126
0.0652505
 0.163126
0.0630005
        0
0.0315002
-0.157501
0.0630005
 0.157501
0.0607505
        0
0.0303752
-0.151876
0.0607505
 0.151876
0.0585005
        0
0.0292502
-0.146251
0.0585005
 0.146251
0.0562505
        0
0.0281252
-0.140626
0.0562505
 0.140626
0.0540005
        0
0.0270002
-0.135001
0.0540005
 0.135001
0.0517505
        0
0.0258752
-0.129376
0.0517505
 0.129376
0.0495005
        0
0.0247502
-0.123751
0.0495005
 0.123751
0.0472505
        0
0.0236252
-0.118126
0.0472505
 0.118126
0.0450005
        0
0.0225002
-0.112501
0.0450005
 0.112501
0.0427505
        0
0.0213752
-0.106876
0.0427505
 0.106876
0.0405005
        0
0.0202502
-0.101251
0.0405005
 0.101251
 0.0382505
         0
 0.0191253
-0.0956262
 0.0382505
 0.0956262
 0.0360005
         0
 0.0180002
-0.0900012
 0.0360005
 0.0900012
 0.0337505
         0
 0.0168753
-0.0843762
 0.0337505
 0.0843762
 0.0315005
         0
 0.0157503
-0.0787513
 0.0315005
 0.0787513
 0.0292505
         0
 0.0146253
-0.0731263
 0.0292505
 0.0731263
 0.0270005
         0
 0.0135003
-0.0675013
 0.0270005
 0.0675013
 0.0247505
         0
 0.0123753
-0.0618763
 0.0247505
 0.0618763
 0.0225005
         0
 0.0112503
-0.0562513
 0.0225005
 0.0562513
 0.0202505
         0
 0.0101253
-0.0506263
 0.0202505
 0.0506263
 0.0180005
         0
0.00900026
-0.0450013
 0.0180005
 0.0450013
 0.0157505
         0
0.00787526
-0.0393763
 0.0157505
 0.0393763
 0.0135005
         0
0.00675026
-0.0337512
 0.0135005
 0.0337512
 0.0112505
         0
0.00562526
-0.0281264
 0.0112505
 0.0281264
0.00900054
         0
0.00450027
-0.0225013
0.00900054
 0.0225013
0.00675052
         0
0.00337526
-0.0168763
0.00675052
 0.0168763
0.00450054
         0
0.00225027
-0.0112513
0.00450054
 0.0112513
 0.00225052
          0
 0.00112526
-0.00562632
 0.00225052
 0.00562632
5.36442e-07
          0
2.68221e-07
-1.3113e-06
5.36442e-07
 1.3113e-06
           0
 0.000999761
  0.00049988
  -0.0024994
-0.000999761
   0.0024994
          0
 0.00199976
 0.00099988
 -0.0049994
-0.00199976
  0.0049994
          0
 0.00299976
 0.00149988
 -0.0074994
-0.00299976
  0.0074994
          0
 0.00399976
 0.00199988
-0.00999939
-0.00399976
 0.00999939
          0
 0.00499976
 0.00249988
 -0.0124994
-0.00499976
  0.0124994
          0
 0.00599976
 0.00299988
 -0.0149994
-0.00599976
  0.0149994
          0
 0.00699975
 0.00349988
 -0.0174994
-0.00699975
  0.0174994
          0
 0.00799975
 0.00399988
 -0.0199994
-0.00799975
  0.0199994
          0
 0.00899975
 0.00449988
 -0.0224994
-0.00899975
  0.0224994
          0
 0.00999975
 0.00499988
 -0.0249994
-0.00999975
  0.0249994
         0
 0.0109998
0.00549988
-0.0274994
-0.0109998
 0.0274994
         0
 0.0119998
0.00599987
-0.0299994
-0.0119997
 0.0299994
         0
 0.0129997
0.00649987
-0.0324994
-0.0129997
 0.0324994
         0
 0.0139997
0.00699987
-0.0349994
-0.0139997
 0.0349994
         0
 0.0149997
0.00749987
-0.0374994
-0.0149997
 0.0374994
         0
 0.0159997
0.00799987
-0.0399994
-0.0159997
 0.0399994
         0
 0.0169997
0.00849987
-0.0424994
-0.0169997
 0.0424994
         0
 0.0179997
0.00899987
-0.0449994
-0.0179997
 0.0449994
         0
 0.0189997
0.00949987
-0.0474994
-0.0189997
 0.0474994
         0
 0.0199997
0.00999987
-0.0499994
-0.0199997
 0.0499994
         0
 0.0209997
 0.0104999
-0.0524994
-0.0209997
 0.0524994
         0
 0.0219997
 0.0109999
-0.0549994
-0.0219997
 0.0549994
         0
 0.0229997
 0.0114999
-0.0574993
-0.0229997
 0.0574993
         0
 0.0239997
 0.0119999
-0.0599993
-0.0239997
 0.0599993
         0
 0.0249997
 0.0124999
-0.0624993
-0.0249997
 0.0624993
         0
 0.0259997
 0.0129999
-0.0649993
-0.0259997
 0.0649993
         0
 0.0269997
 0.0134999
-0.0674993
-0.0269997
 0.0674993
         0
 0.0279997
 0.0139999
-0.0699993
-0.0279997
 0.0699993
         0
 0.0289997
 0.0144999
-0.0724993
-0.0289997
 0.0724993
         0
 0.0299997
 0.0149999
-0.0749993
-0.0299997
 0.0749993
         0
 0.0309997
 0.0154999
-0.0774993
-0.0309997
 0.0774993
         0
 0.0319997
 0.0159999
-0.0799993
-0.0319997
 0.0799993
         0
 0.0329997
 0.0164999
-0.0824993
-0.0329997
 0.0824993
         0
 0.0339997
 0.0169999
-0.0849993
-0.0339997
 0.0849993
         0
 0.0349997
 0.0174999
-0.0874993
-0.0349997
 0.0874993
         0
 0.0359997
 0.0179999
-0.0899993
-0.0359997
 0.0899993
         0
 0.0369997
 0.0184999
-0.0924993
-0.0369997
 0.0924993
         0
 0.0379997
 0.0189999
-0.0949993
-0.0379997
 0.0949993
         0
 0.0389997
 0.0194999
-0.0974993
-0.0389997
 0.0974993
         0
 0.0399997
 0.0199999
-0.0999993
-0.0399997
 0.0999993
         0
 0.0409997
 0.0204999
 -0.102499
-0.0409997
  0.102499
         0
 0.0419997
 0.0209999
 -0.104999
-0.0419997
  0.104999
         0
 0.0429997
 0.0214999
 -0.107499
-0.0429997
  0.107499
         0
 0.0439997
 0.0219999
 -0.109999
-0.0439997
  0.109999
         0
 0.0449997
 0.0224999
 -0.112499
-0.0449997
  0.112499
         0
 0.0459997
 0.0229999
 -0.114999
-0.0459997
  0.114999
         0
 0.0469997
 0.0234999
 -0.117499
-0.0469997
  0.117499
         0
 0.0479997
 0.0239999
 -0.119999
-0.0479997
  0.119999
         0
 0.0489997
 0.0244999
 -0.122499
-0.0489997
  0.122499
         0
 0.0499997
 0.0249999
 -0.124999
-0.0499997
  0.124999
         0
 0.0509997
 0.0254999
 -0.127499
-0.0509997
  0.127499
         0
 0.0519997
 0.0259999
 -0.129999
-0.0519997
  0.129999
         0
 0.0529997
 0.0264999
 -0.132499
-0.0529997
  0.132499
         0
 0.0539997
 0.0269999
 -0.134999
-0.0539997
  0.134999
         0
 0.0549997
 0.0274999
 -0.137499
-0.0549997
  0.137499
         0
 0.0559997
 0.0279999
 -0.139999
-0.0559997
  0.139999
         0
 0.0569997
 0.0284999
 -0.142499
-0.0569997
  0.142499
         0
 0.0579997
 0.0289999
 -0.144999
-0.0579997
  0.144999
         0
 0.0589997
 0.0294999
 -0.147499
-0.0589997
  0.147499
         0
 0.0599997
 0.0299999
 -0.149999
-0.0599997
  0.149999
         0
 0.0609997
 0.0304998
 -0.152499
-0.0609997
  0.152499
         0
 0.0619997
 0.0309998
 -0.154999
-0.0619997
  0.154999
         0
 0.0629997
 0.0314998
 -0.157499
-0.0629997
  0.157499
         0
 0.0639997
 0.0319998
 -0.159999
-0.0639997
  0.159999
         0
 0.0649997
 0.0324998
 -0.162499
-0.0649997
  0.162499
         0
 0.0659997
 0.0329998
 -0.164999
-0.0659997
  0.164999
         0
 0.0669997
 0.0334998
 -0.167499
-0.0669997
  0.167499
         0
 0.0679997
 0.0339998
 -0.169999
-0.0679997
  0.169999
         0
 0.0689997
 0.0344998
 -0.172499
-0.0689997
  0.172499
         0
 0.0699997
 0.0349998
 -0.174999
-0.0699997
  0.174999
         0
 0.0709997
 0.0354998
 -0.177499
-0.0709997
  0.177499
         0
 0.0719997
 0.0359998
 -0.179999
-0.0719997
  0.179999
         0
 0.0729997
 0.0364998
 -0.182499
-0.0729997
  0.182499
         0
 0.0739997
 0.0369998
 -0.184999
-0.0739997
  0.184999
         0
 0.0749997
 0.0374998
 -0.187499
-0.0749997
  0.187499
         0
 0.0759997
 0.0379998
 -0.189999
-0.0759997
  0.189999
         0
 0.0769997
 0.0384998
 -0.192499
-0.0769997
  0.192499
         0
 0.0779997
 0.0389998
 -0.194999
-0.0779997
  0.194999
         0
 0.0789997
 0.0394998
 -0.197499
-0.0789997
  0.197499
         0
 0.0799997
 0.0399998
 -0.199999
-0.0799997
  0.199999
         0
 0.0809997
 0.0404998
 -0.202499
-0.0809997
  0.202499
         0
 0.0819997
 0.0409998
 -0.204999
-0.0819997
  0.204999
         0
 0.0829997
 0.0414998
 -0.207499
-0.0829997
  0.207499
         0
 0.0839997
 0.0419998
 -0.209999
-0.0839997
  0.209999
         0
 0.0849997
 0.0424998
 -0.212499
-0.0849997
  0.212499
         0
 0.0859997
 0.0429998
 -0.214999
-0.0859997
  0.214999
         0
 0.0869997
 0.0434998
 -0.217499
-0.0869997
  0.217499
         0
 0.0879997
 0.0439998
 -0.219999
-0.0879997
  0.219999
         0
 0.0889997
 0.0444998
 -0.222499
-0.0889997
  0.222499
         0
 0.0899997
 0.0449998
 -0.224999
-0.0899997
  0.224999
         0
 0.0909997
 0.0454998
 -0.227499
-0.0909997
  0.227499
         0
 0.0919997
 0.0459998
 -0.229999
-0.0919997
  0.229999
         0
 0.0929997
 0.0464998
 -0.232499
-0.0929997
  0.232499
         0
 0.0939997
 0.0469998
 -0.234999
-0.0939997
  0.234999
         0
 0.0949997
 0.0474998
 -0.237499
-0.0949997
  0.237499
         0
 0.0959997
 0.0479998
 -0.239999
-0.0959997
  0.239999
         0
 0.0969997
 0.0484998
 -0.242499
-0.0969997
  0.242499
         0
 0.0979997
 0.0489998
 -0.244999
-0.0979997
  0.244999
         0
 0.0989997
 0.0494998
 -0.247499
-0.0989997
  0.247499
         0
 0.0999997
 0.0499998
 -0.249999
-0.0999997
  0.249999
    0
  0.1
 0.05
-0.25
 -0.1
 0.25
    0
  0.1
 0.05
-0.25
 -0.1
 0.25
    0
  0.1
 0.05
-0.25
 -0.1
 0.25
    0
  0.1
 0.05
-0.25
 -0.1
 0.25
    0
  0.1
 0.05
-0.25
 -0.1
 0.25
    0
  0.1
 0.05
-0.25
 -0.1
 0.25
    0
  0.1
 0.05
-0.25
 -0.1
 0.25
    0
  0.1
 0.05
-0.25
 -0.1
 0.25
    0
  0.1
 0.05
-0.25
 -0.1
 0.25
    0
  0.1
 0.05
-0.25
 -0.1
 0.25
    0
  0.1
 0.05
-0.25
 -0.1
 0.25
    0
  0.1
 0.05
-0.25
 -0.1
 0.25
    0
  0.1
 0.05
-0.25
 -0.1
 0.25
    0
  0.1
 0.05
-0.25
 -0.1
 0.25
    0
  0.1
 0.05
-0.25
 -0.1
 0.25
    0
  0.1
 0.05
-0.25
 -0.1
 0.25
    0
  0.1
 0.05
-0.25
 -0.1
 0.25
    0
  0.1
 0.05
-0.25
 -0.1
 0.25
    0
  0.1
 0.05
-0.25
 -0.1
 0.25
    0
  0.1
 0.05
-0.25
 -0.1
 0.25
    0
  0.1
 0.05
-0.25
 -0.1
 0.25
    0
  0.1
 0.05
-0.25
 -0.1
 0.25
    0
  0.1
 0.05
-0.25
 -0.1
 0.25
    0
  0.1
 0.05
-0.25
 -0.1
 0.25
    0
  0.1
 0.05
-0.25
 -0.1
 0.25
    0
  0.1
 0.05
-0.25
 -0.1
 0.25
    0
  0.1
 0.05
-0.25
 -0.1
 0.25
    0
  0.1
 0.05
-0.25
 -0.1
 0.25
    0
  0.1
 0.05
-0.25
 -0.1
 0.25
    0
  0.1
 0.05
-0.25
 -0.1
 0.25
    0
  0.1
 0.05
-0.25
 -0.1
 0.25
    0
  0.1
 0.05
-0.25
 -0.1
 0.25
    0
  0.1
 0.05
-0.25
 -0.1
 0.25
    0
  0.1
 0.05
-0.25
 -0.1
 0.25
    0
  0.1
 0.05
-0.25
 -0.1
 0.25
    0
  0.1
 0.05
-0.25
 -0.1
 0.25
    0
  0.1
 0.05
-0.25
 -0.1
 0.25
    0
  0.1
 0.05
-0.25
 -0.1
 0.25
    0
  0.1
 0.05
-0.25
 -0.1
 0.25
    0
  0.1
 0.05
-0.25
 -0.1
 0.25
    0
  0.1
 0.05
-0.25
 -0.1
 0.25
    0
  0.1
 0.05
-0.25
 -0.1
 0.25
    0
  0.1
 0.05
-0.25
 -0.1
 0.25
    0
  0.1
 0.05
-0.25
 -0.1
 0.25
    0
  0.1
 0.05
-0.25
 -0.1
 0.25
    0
  0.1
 0.05
-0.25
 -0.1
 0.25
    0
  0.1
 0.05
-0.25
 -0.1
 0.25
    0
  0.1
 0.05
-0.25
 -0.1
 0.25
    0
  0.1
 0.05
-0.25
 -0.1
 0.25
    0
  0.1
 0.05
-0.25
 -0.1
 0.25
    0
  0.1
 0.05
-0.25
 -0.1
 0.25
    0
  0.1
 0.05
-0.25
 -0.1
 0.25
    0
  0.1
 0.05
-0.25
 -0.1
 0.25
    0
  0.1
 0.05
-0.25
 -0.1
 0.25
    0
  0.1
 0.05
-0.25
 -0.1
 0.25
    0
  0.1
 0.05
-0.25
 -0.1
 0.25
    0
  0.1
 0.05
-0.25
 -0.1
 0.25
    0
  0.1
 0.05
-0.25
 -0.1
 0.25
    0
  0.1
 0.05
-0.25
 -0.1
 0.25
    0
  0.1
 0.05
-0.25
 -0.1
 0.25
    0
  0.1
 0.05
-0.25
 -0.1
 0.25
    0
  0.1
 0.05
-0.25
 -0.1
 0.25
    0
  0.1
 0.05
-0.25
 -0.1
 0.25
    0
  0.1
 0.05
-0.25
 -0.1
 0.25
    0
  0.1
 0.05
-0.25
 -0.1
 0.25
    0
  0.1
 0.05
-0.25
 -0.1
 0.25
    0
  0.1
 0.05
-0.25
 -0.1
 0.25
    0
  0.1
 0.05
-0.25
 -0.1
 0.25
    0
  0.1
 0.05
-0.25
 -0.1
 0.25
    0
  0.1
 0.05
-0.25
 -0.1
 0.25
    0
  0.1
 0.05
-0.25
 -0.1
 0.25
    0
  0.1
 0.05
-0.25
 -0.1
 0.25
    0
  0.1
 0.05
-0.25
 -0.1
 0.25
    0
  0.1
 0.05
-0.25
 -0.1
 0.25
    0
  0.1
 0.05
-0.25
 -0.1
 0.25
    0
  0.1
 0.05
-0.25
 -0.1
 0.25
    0
  0.1
 0.05
-0.25
 -0.1
 0.25
    0
  0.1
 0.05
-0.25
 -0.1
 0.25
    0
  0.1
 0.05
-0.25
 -0.1
 0.25
    0
  0.1
 0.05
-0.25
 -0.1
 0.25
    0
  0.1
 0.05
-0.25
 -0.1
 0.25
    0
  0.1
 0.05
-0.25
 -0.1
 0.25
    0
  0.1
 0.05
-0.25
 -0.1
 0.25
    0
  0.1
 0.05
-0.25
 -0.1
 0.25
    0
  0.1
 0.05
-0.25
 -0.1
 0.25
    0
  0.1
 0.05
-0.25
 -0.1
 0.25
    0
  0.1
 0.05
-0.25
 -0.1
 0.25
    0
  0.1
 0.05
-0.25
 -0.1
 0.25
    0
  0.1
 0.05
-0.25
 -0.1
 0.25
    0
  0.1
 0.05
-0.25
 -0.1
 0.25
    0
  0.1
 0.05
-0.25
 -0.1
 0.25
    0
  0.1
 0.05
-0.25
 -0.1
 0.25
    0
  0.1
 0.05
-0.25
 -0.1
 0.25
    0
  0.1
 0.05
-0.25
 -0.1
 0.25
    0
  0.1
 0.05
-0.25
 -0.1
 0.25
    0
  0.1
 0.05
-0.25
 -0.1
 0.25
    0
  0.1
 0.05
-0.25
 -0.1
 0.25
    0
  0.1
 0.05
-0.25
 -0.1
 0.25
    0
  0.1
 0.05
-0.25
 -0.1
 0.25
        0
0.0999981
 0.049999
-0.249995
-0.099998
 0.249995
        0
 0.098998
 0.049499
-0.247495
-0.098998
 0.247495
        0
 0.097998
 0.048999
-0.244995
-0.097998
 0.244995
        0
 0.096998
 0.048499
-0.242495
-0.096998
 0.242495
         0
  0.095998
  0.047999
 -0.239995
-0.0959979
  0.239995
         0
 0.0949979
  0.047499
 -0.237495
-0.0949979
  0.237495
         0
 0.0939979
 0.0469989
 -0.234995
-0.0939979
  0.234995
         0
 0.0929979
 0.0464989
 -0.232495
-0.0929979
  0.232495
         0
 0.0919979
 0.0459989
 -0.229995
-0.0919979
  0.229995
         0
 0.0909978
 0.0454989
 -0.227495
-0.0909978
  0.227495
         0
 0.0899978
 0.0449989
 -0.224995
-0.0899978
  0.224995
         0
 0.0889978
 0.0444989
 -0.222494
-0.0889978
  0.222494
         0
 0.0879978
 0.0439989
 -0.219994
-0.0879978
  0.219994
         0
 0.0869978
 0.0434989
 -0.217494
-0.0869977
  0.217494
         0
 0.0859977
 0.0429989
 -0.214994
-0.0859977
  0.214994
         0
 0.0849977
 0.0424988
 -0.212494
-0.0849977
  0.212494
         0
 0.0839977
 0.0419988
 -0.209994
-0.0839977
  0.209994
         0
 0.0829977
 0.0414988
 -0.207494
-0.0829976
  0.207494
         0
 0.0819976
 0.0409988
 -0.204994
-0.0819976
  0.204994
         0
 0.0809976
 0.0404988
 -0.202494
-0.0809976
  0.202494
         0
 0.0799976
 0.0399988
 -0.199994
-0.0799976
  0.199994
         0
 0.0789976
 0.0394988
 -0.197494
-0.0789976
  0.197494
         0
 0.0779976
 0.0389988
 -0.194994
-0.0779975
  0.194994
         0
 0.0769975
 0.0384988
 -0.192494
-0.0769975
  0.192494
         0
 0.0759975
 0.0379987
 -0.189994
-0.0759975
  0.189994
         0
 0.0749975
 0.0374987
 -0.187494
-0.0749975
  0.187494
         0
 0.0739975
 0.0369987
 -0.184994
-0.0739975
  0.184994
         0
 0.0729974
 0.0364987
 -0.182494
-0.0729974
  0.182494
         0
 0.0719974
 0.0359987
 -0.179994
-0.0719974
  0.179994
         0
 0.0709974
 0.0354987
 -0.177493
-0.0709974
  0.177493
         0
 0.0699974
 0.0349987
 -0.174993
-0.0699974
  0.174993
         0
 0.0689973
 0.0344987
 -0.172493
-0.0689973
  0.172493
         0
 0.0679973
 0.0339987
 -0.169993
-0.0679973
  0.169993
         0
 0.0669973
 0.0334986
 -0.167493
-0.0669973
  0.167493
         0
 0.0659973
 0.0329986
 -0.164993
-0.0659973
  0.164993
         0
 0.0649973
 0.0324986
 -0.162493
-0.0649972
  0.162493
         0
 0.0639972
 0.0319986
 -0.159993
-0.0639972
  0.159993
         0
 0.0629972
 0.0314986
 -0.157493
-0.0629972
  0.157493
         0
 0.0619972
 0.0309986
 -0.154993
-0.0619972
  0.154993
         0
 0.0609972
 0.0304986
 -0.152493
-0.0609971
  0.152493
         0
 0.0599971
 0.0299986
 -0.149993
-0.0599971
  0.149993
         0
 0.0589971
 0.0294986
 -0.147493
-0.0589971
  0.147493
         0
 0.0579971
 0.0289985
 -0.144993
-0.0579971
  0.144993
         0
 0.0569971
 0.0284985
 -0.142493
-0.0569971
  0.142493
        0
 0.055997
0.0279985
-0.139993
-0.055997
 0.139993
        0
 0.054997
0.0274985
-0.137493
-0.054997
 0.137493
        0
 0.053997
0.0269985
-0.134992
-0.053997
 0.134992
        0
 0.052997
0.0264985
-0.132492
-0.052997
 0.132492
         0
  0.051997
 0.0259985
 -0.129992
-0.0519969
  0.129992
         0
 0.0509969
 0.0254985
 -0.127492
-0.0509969
  0.127492
         0
 0.0499969
 0.0249985
 -0.124992
-0.0499969
  0.124992
         0
 0.0489969
 0.0244984
 -0.122492
-0.0489969
  0.122492
         0
 0.0479968
 0.0239984
 -0.119992
-0.0479968
  0.119992
         0
 0.0469968
 0.0234984
 -0.117492
-0.0469968
  0.117492
         0
 0.0459968
 0.0229984
 -0.114992
-0.0459968
  0.114992
         0
 0.0449968
 0.0224984
 -0.112492
-0.0449968
  0.112492
         0
 0.0439968
 0.0219984
 -0.109992
-0.0439968
  0.109992
         0
 0.0429967
 0.0214984
 -0.107492
-0.0429967
  0.107492
         0
 0.0419967
 0.0209984
 -0.104992
-0.0419967
  0.104992
         0
 0.0409967
 0.0204984
 -0.102492
-0.0409967
  0.102492
         0
 0.0399967
 0.0199983
-0.0999917
-0.0399967
 0.0999917
         0
 0.0389967
 0.0194983
-0.0974916
-0.0389966
 0.0974916
         0
 0.0379966
 0.0189983
-0.0949916
-0.0379966
 0.0949916
         0
 0.0369966
 0.0184983
-0.0924915
-0.0369966
 0.0924915
         0
 0.0359966
 0.0179983
-0.0899915
-0.0359966
 0.0899915
         0
 0.0349966
 0.0174983
-0.0874914
-0.0349966
 0.0874914
         0
 0.0339966
 0.0169983
-0.0849913
-0.0339965
 0.0849913
         0
 0.0329965
 0.0164983
-0.0824913
-0.0329965
 0.0824913
         0
 0.0319965
 0.0159982
-0.0799912
-0.0319965
 0.0799912
         0
 0.0309965
 0.0154982
-0.0774912
-0.0309965
 0.0774912
         0
 0.0299965
 0.0149982
-0.0749911
-0.0299965
 0.0749911
         0
 0.0289964
 0.0144982
 -0.072491
-0.0289964
  0.072491
         0
 0.0279964
 0.0139982
 -0.069991
-0.0279964
  0.069991
         0
 0.0269964
 0.0134982
-0.0674909
-0.0269964
 0.0674909
         0
 0.0259964
 0.0129982
-0.0649909
-0.0259964
 0.0649909
         0
 0.0249963
 0.0124982
-0.0624908
-0.0249963
 0.0624908
         0
 0.0239963
 0.0119981
-0.0599908
-0.0239963
 0.0599908
         0
 0.0229963
 0.0114981
-0.0574907
-0.0229963
 0.0574907
         0
 0.0219963
 0.0109981
-0.0549906
-0.0219963
 0.0549906
         0
 0.0209962
 0.0104981
-0.0524906
-0.0209962
 0.0524906
         0
 0.0199962
0.00999811
-0.0499905
-0.0199962
 0.0499905
         0
 0.0189962
0.00949809
-0.0474905
-0.0189962
 0.0474905
         0
 0.0179962
0.00899808
-0.0449904
-0.0179962
 0.0449904
         0
 0.0169961
0.00849807
-0.0424904
-0.0169961
 0.0424904
         0
 0.0159961
0.00799806
-0.0399903
-0.0159961
 0.0399903
         0
 0.0149961
0.00749806
-0.0374902
-0.0149961
 0.0374902
         0
 0.0139961
0.00699803
-0.0349902
-0.0139961
 0.0349902
         0
  0.012996
0.00649802
-0.0324901
 -0.012996
 0.0324901
         0
  0.011996
0.00599802
-0.0299901
 -0.011996
 0.0299901
         0
  0.010996
0.00549801
  -0.02749
 -0.010996
   0.02749
        0
 0.009996
 0.004998
 -0.02499
-0.009996
  0.02499
          0
 0.00899598
 0.00449798
 -0.0224899
-0.00899595
  0.0224899
          0
 0.00799593
 0.00399797
 -0.0199898
-0.00799593
  0.0199898
          0
 0.00699592
 0.00349796
 -0.0174898
-0.00699592
  0.0174898
         0
 0.0059959
0.00299795
-0.0149897
-0.0059959
 0.0149897
          0
 0.00499588
 0.00249794
 -0.0124897
-0.00499588
  0.0124897
          0
 0.00399587
 0.00199792
-0.00998962
-0.00399584
 0.00998962
          0
 0.00299582
 0.00149791
-0.00748956
-0.00299582
 0.00748956
          0
  0.0019958
0.000997901
 -0.0049895
 -0.0019958
  0.0049895
           0
 0.000995785
 0.000497892
 -0.00248945
-0.000995785
  0.00248945
-9.54866e-06
           0
-4.77433e-06
-2.38717e-05
-2.38717e-05
-2.38717e-05
-0.0022596
         0
-0.0011298
 -0.005649
 -0.005649
 -0.005649
-0.00450965
          0
-0.00225483
 -0.0112741
 -0.0112741
 -0.0112741
 -0.0067597
          0
-0.00337985
 -0.0168993
 -0.0168993
 -0.0168993
-0.00900975
          0
-0.00450488
 -0.0225244
 -0.0225244
 -0.0225244
-0.0112598
         0
-0.0056299
-0.0281495
-0.0281495
-0.0281495
 -0.0135099
          0
-0.00675493
 -0.0337746
 -0.0337746
 -0.0337746
 -0.0157599
          0
-0.00787995
 -0.0393998
 -0.0393998
 -0.0393998
   -0.01801
          0
-0.00900498
 -0.0450249
 -0.0450249
 -0.0450249
-0.02026
       0
-0.01013
-0.05065
-0.05065
-0.05065
-0.0225101
         0
 -0.011255
-0.0562752
-0.0562752
-0.0562752
-0.0247601
         0
-0.0123801
-0.0619003
-0.0619003
-0.0619003
-0.0270102
         0
-0.0135051
-0.0675254
-0.0675254
-0.0675254
-0.0292602
         0
-0.0146301
-0.0731505
-0.0731505
-0.0731505
-0.0315103
         0
-0.0157551
-0.0787757
-0.0787757
-0.0787757
-0.0337603
         0
-0.0168802
-0.0844008
-0.0844008
-0.0844008
-0.0360104
         0
-0.0180052
-0.0900259
-0.0900259
-0.0900259
-0.0382604
         0
-0.0191302
-0.0956511
-0.0956511
-0.0956511
-0.0405105
         0
-0.0202552
 -0.101276
 -0.101276
 -0.101276
-0.0427605
         0
-0.0213803
 -0.106901
 -0.106901
 -0.106901
-0.0450106
         0
-0.0225053
 -0.112526
 -0.112526
 -0.112526
-0.0472606
         0
-0.0236303
 -0.118152
 -0.118152
 -0.118152
-0.0495107
         0
-0.0247553
 -0.123777
 -0.123777
 -0.123777
-0.0517607
         0
-0.0258804
 -0.129402
 -0.129402
 -0.129402
-0.0540108
         0
-0.0270054
 -0.135027
 -0.135027
 -0.135027
-0.0562608
         0
-0.0281304
 -0.140652
 -0.140652
 -0.140652
-0.0585109
         0
-0.0292554
 -0.146277
 -0.146277
 -0.146277
-0.0607609
         0
-0.0303805
 -0.151902
 -0.151902
 -0.151902
 -0.063011
         0
-0.0315055
 -0.157527
 -0.157527
 -0.157527
 -0.065261
         0
-0.0326305
 -0.163153
 -0.163153
 -0.163153
-0.0675111
         0
-0.0337555
 -0.168778
 -0.168778
 -0.168778
-0.0697611
         0
-0.0348806
 -0.174403
 -0.174403
 -0.174403
-0.0720112
         0
-0.0360056
 -0.180028
 -0.180028
 -0.180028
-0.0742612
         0
-0.0371306
 -0.185653
 -0.185653
 -0.185653
-0.0765113
         0
-0.0382556
 -0.191278
 -0.191278
 -0.191278
-0.0787613
         0
-0.0393807
 -0.196903
 -0.196903
 -0.196903
-0.0810114
         0
-0.0405057
 -0.202529
 -0.202529
 -0.202529
-0.0832615
         0
-0.0416307
 -0.208154
 -0.208154
 -0.208154
-0.0855115
         0
-0.0427557
 -0.213779
 -0.213779
 -0.213779
-0.0877616
         0
-0.0438808
 -0.219404
 -0.219404
 -0.219404
-0.0900116
         0
-0.0450058
 -0.225029
 -0.225029
 -0.225029
-0.0922617
         0
-0.0461308
 -0.230654
 -0.230654
 -0.230654
-0.0945117
         0
-0.0472559
 -0.236279
 -0.236279
 -0.236279
-0.0967618
         0
-0.0483809
 -0.241904
 -0.241904
 -0.241904
-0.0990118
         0
-0.0495059
  -0.24753
  -0.24753
  -0.24753
 -0.101262
         0
-0.0506309
 -0.253155
 -0.253155
 -0.253155
-0.103512
        0
-0.051756
 -0.25878
 -0.25878
 -0.25878
-0.105762
        0
-0.052881
-0.264405
-0.264405
-0.264405
-0.108012
        0
-0.054006
 -0.27003
 -0.27003
 -0.27003
-0.110262
        0
-0.055131
-0.275655
-0.275655
-0.275655
 -0.112512
         0
-0.0562561
  -0.28128
  -0.28128
  -0.28128
 -0.114762
         0
-0.0573811
 -0.286905
 -0.286905
 -0.286905
 -0.117012
         0
-0.0585061
 -0.292531
 -0.292531
 -0.292531
 -0.119262
         0
-0.0596311
 -0.298156
 -0.298156
 -0.298156
 -0.121512
         0
-0.0607562
 -0.303781
 -0.303781
 -0.303781
 -0.123762
         0
-0.0618812
 -0.309406
 -0.309406
 -0.309406
 -0.126012
         0
-0.0630062
 -0.315031
 -0.315031
 -0.315031
 -0.128262
         0
-0.0641312
 -0.320656
 -0.320656
 -0.320656
 -0.130513
         0
-0.0652563
 -0.326281
 -0.326281
 -0.326281
 -0.132763
         0
-0.0663813
 -0.331906
 -0.331906
 -0.331906
 -0.135013
         0
-0.0675063
 -0.337532
 -0.337532
 -0.337532
 -0.137263
         0
-0.0686313
 -0.343157
 -0.343157
 -0.343157
 -0.139513
         0
-0.0697564
 -0.348782
 -0.348782
 -0.348782
 -0.141763
         0
-0.0708814
 -0.354407
 -0.354407
 -0.354407
 -0.144013
         0
-0.0720064
 -0.360032
 -0.360032
 -0.360032
 -0.146263
         0
-0.0731314
 -0.365657
 -0.365657
 -0.365657
 -0.148513
         0
-0.0742565
 -0.371282
 -0.371282
 -0.371282
 -0.15
     0
-0.075
-0.375
-0.375
-0.375
 -0.15
     0
-0.075
-0.375
-0.375
-0.375
 -0.15
     0
-0.075
-0.375
-0.375
-0.375
 -0.15
     0
-0.075
-0.375
-0.375
-0.375
 -0.15
     0
-0.075
-0.375
-0.375
-0.375
 -0.15
     0
-0.075
-0.375
-0.375
-0.375
 -0.15
     0
-0.075
-0.375
-0.375
-0.375
 -0.15
     0
-0.075
-0.375
-0.375
-0.375
 -0.15
     0
-0.075
-0.375
-0.375
-0.375
 -0.15
     0
-0.075
-0.375
-0.375
-0.375
 -0.15
     0
-0.075
-0.375
-0.375
-0.375
 -0.15
     0
-0.075
-0.375
-0.375
-0.375
 -0.15
     0
-0.075
-0.375
-0.375
-0.375
 -0.15
     0
-0.075
-0.375
-0.375
-0.375
 -0.15
     0
-0.075
-0.375
-0.375
-0.375
 -0.15
     0
-0.075
-0.375
-0.375
-0.375
 -0.15
     0
-0.075
-0.375
-0.375
-0.375
 -0.15
     0
-0.075
-0.375
-0.375
-0.375
 -0.15
     0
-0.075
-0.375
-0.375
-0.375
 -0.15
     0
-0.075
-0.375
-0.375
-0.375
 -0.15
     0
-0.075
-0.375
-0.375
-0.375
 -0.15
     0
-0.075
-0.375
-0.375
-0.375
 -0.15
     0
-0.075
-0.375
-0.375
-0.375
 -0.15
     0
-0.075
-0.375
-0.375
-0.375
 -0.15
     0
-0.075
-0.375
-0.375
-0.375
 -0.15
     0
-0.075
-0.375
-0.375
-0.375
 -0.15
     0
-0.075
-0.375
-0.375
-0.375
 -0.15
     0
-0.075
-0.375
-0.375
-0.375
 -0.15
     0
-0.075
-0.375
-0.375
-0.375
 -0.15
     0
-0.075
-0.375
-0.375
-0.375
 -0.15
     0
-0.075
-0.375
-0.375
-0.375
 -0.15
     0
-0.075
-0.375
-0.375
-0.375
 -0.15
     0
-0.075
-0.375
-0.375
-0.375
 -0.15
     0
-0.075
-0.375
-0.375
-0.375
 -0.15
     0
-0.075
-0.375
-0.375
-0.375
 -0.15
     0
-0.075
-0.375
-0.375
-0.375
 -0.15
     0
-0.075
-0.375
-0.375
-0.375
 -0.15
     0
-0.075
-0.375
-0.375
-0.375
 -0.15
     0
-0.075
-0.375
-0.375
-0.375
 -0.15
     0
-0.075
-0.375
-0.375
-0.375
 -0.15
     0
-0.075
-0.375
-0.375
-0.375
 -0.15
     0
-0.075
-0.375
-0.375
-0.375
 -0.15
     0
-0.075
-0.375
-0.375
-0.375
 -0.15
     0
-0.075
-0.375
-0.375
-0.375
 -0.15
     0
-0.075
-0.375
-0.375
-0.375
 -0.15
     0
-0.075
-0.375
-0.375
-0.375
 -0.15
     0
-0.075
-0.375
-0.375
-0.375
 -0.15
     0
-0.075
-0.375
-0.375
-0.375
 -0.15
     0
-0.075
-0.375
-0.375
-0.375
 -0.15
     0
-0.075
-0.375
-0.375
-0.375
 -0.15
     0
-0.075
-0.375
-0.375
-0.375
 -0.15
     0
-0.075
-0.375
-0.375
-0.375
 -0.15
     0
-0.075
-0.375
-0.375
-0.375
 -0.15
     0
-0.075
-0.375
-0.375
-0.375
 -0.15
     0
-0.075
-0.375
-0.375
-0.375
 -0.15
     0
-0.075
-0.375
-0.375
-0.375
 -0.15
     0
-0.075
-0.375
-0.375
-0.375
 -0.15
     0
-0.075
-0.375
-0.375
-0.375
 -0.15
     0
-0.075
-0.375
-0.375
-0.375
 -0.15
     0
-0.075
-0.375
-0.375
-0.375
 -0.15
     0
-0.075
-0.375
-0.375
-0.375
 -0.15
     0
-0.075
-0.375
-0.375
-0.375
 -0.15
     0
-0.075
-0.375
-0.375
-0.375
 -0.15
     0
-0.075
-0.375
-0.375
-0.375
 -0.15
     0
-0.075
-0.375
-0.375
-0.375
 -0.15
     0
-0.075
-0.375
-0.375
-0.375
 -0.15
     0
-0.075
-0.375
-0.375
-0.375
 -0.148484
         0
-0.0742418
 -0.371209
 -0.371209
 -0.371209
 -0.146233
         0
-0.0731167
 -0.365584
 -0.365584
 -0.365584
 -0.143983
         0
-0.0719917
 -0.359959
 -0.359959
 -0.359959
 -0.141733
         0
-0.0708667
 -0.354334
 -0.354334
 -0.354334
 -0.139483
         0
-0.0697417
 -0.348708
 -0.348708
 -0.348708
 -0.137233
         0
-0.0686166
 -0.343083
 -0.343083
 -0.343083
 -0.134983
         0
-0.0674916
 -0.337458
 -0.337458
 -0.337458
 -0.132733
         0
-0.0663666
 -0.331833
 -0.331833
 -0.331833
 -0.130483
         0
-0.0652416
 -0.326208
 -0.326208
 -0.326208
 -0.128233
         0
-0.0641165
 -0.320583
 -0.320583
 -0.320583
 -0.125983
         0
-0.0629915
 -0.314958
 -0.314958
 -0.314958
 -0.123733
         0
-0.0618665
 -0.309332
 -0.309332
 -0.309332
 -0.121483
         0
-0.0607415
 -0.303707
 -0.303707
 -0.303707
 -0.119233
         0
-0.0596164
 -0.298082
 -0.298082
 -0.298082
 -0.116983
         0
-0.0584914
 -0.292457
 -0.292457
 -0.292457
 -0.114733
         0
-0.0573664
 -0.286832
 -0.286832
 -0.286832
 -0.112483
         0
-0.0562414
 -0.281207
 -0.281207
 -0.281207
 -0.110233
         0
-0.0551163
 -0.275582
 -0.275582
 -0.275582
 -0.107983
         0
-0.0539913
 -0.269957
 -0.269957
 -0.269957
 -0.105733
         0
-0.0528663
 -0.264331
 -0.264331
 -0.264331
 -0.103483
         0
-0.0517413
 -0.258706
 -0.258706
 -0.258706
 -0.101232
         0
-0.0506162
 -0.253081
 -0.253081
 -0.253081
-0.0989824
         0
-0.0494912
 -0.247456
 -0.247456
 -0.247456
-0.0967324
         0
-0.0483662
 -0.241831
 -0.241831
 -0.241831
-0.0944823
         0
-0.0472412
 -0.236206
 -0.236206
 -0.236206
-0.0922323
         0
-0.0461161
 -0.230581
 -0.230581
 -0.230581
-0.0899822
         0
-0.0449911
 -0.224956
 -0.224956
 -0.224956
-0.0877322
         0
-0.0438661
  -0.21933
  -0.21933
  -0.21933
-0.0854821
         0
 -0.042741
 -0.213705
 -0.213705
 -0.213705
-0.083232
        0
-0.041616
 -0.20808
 -0.20808
 -0.20808
-0.080982
        0
-0.040491
-0.202455
-0.202455
-0.202455
-0.078732
        0
-0.039366
 -0.19683
 -0.19683
 -0.19683
-0.0764819
         0
 -0.038241
 -0.191205
 -0.191205
 -0.191205
-0.0742319
         0
-0.0371159
  -0.18558
  -0.18558
  -0.18558
-0.0719818
         0
-0.0359909
 -0.179955
 -0.179955
 -0.179955
-0.0697317
         0
-0.0348659
 -0.174329
 -0.174329
 -0.174329
-0.0674817
         0
-0.0337408
 -0.168704
 -0.168704
 -0.168704
-0.0652317
         0
-0.0326158
 -0.163079
 -0.163079
 -0.163079
-0.0629816
         0
-0.0314908
 -0.157454
 -0.157454
 -0.157454
-0.0607315
         0
-0.0303658
 -0.151829
 -0.151829
 -0.151829
-0.0584815
         0
-0.0292407
 -0.146204
 -0.146204
 -0.146204
-0.0562314
         0
-0.0281157
 -0.140579
 -0.140579
 -0.140579
-0.0539814
         0
-0.0269907
 -0.134953
 -0.134953
 -0.134953
-0.0517313
         0
-0.0258657
 -0.129328
 -0.129328
 -0.129328
-0.0494813
         0
-0.0247406
 -0.123703
 -0.123703
 -0.123703
-0.0472312
         0
-0.0236156
 -0.118078
 -0.118078
 -0.118078
-0.0449812
         0
-0.0224906
 -0.112453
 -0.112453
 -0.112453
-0.0427311
         0
-0.0213656
 -0.106828
 -0.106828
 -0.106828
-0.0404811
         0
-0.0202405
 -0.101203
 -0.101203
 -0.101203
 -0.038231
         0
-0.0191155
-0.0955776
-0.0955776
-0.0955776
 -0.035981
         0
-0.0179905
-0.0899525
-0.0899525
-0.0899525
-0.0337309
         0
-0.0168655
-0.0843273
-0.0843273
-0.0843273
-0.0314809
         0
-0.0157404
-0.0787022
-0.0787022
-0.0787022
-0.0292308
         0
-0.0146154
-0.0730771
-0.0730771
-0.0730771
-0.0269808
         0
-0.0134904
 -0.067452
 -0.067452
 -0.067452
-0.0247307
         0
-0.0123654
-0.0618268
-0.0618268
-0.0618268
-0.0224807
         0
-0.0112403
-0.0562017
-0.0562017
-0.0562017
-0.0202306
         0
-0.0101153
-0.0505766
-0.0505766
-0.0505766
 -0.0179806
          0
-0.00899029
 -0.0449514
 -0.0449514
 -0.0449514
 -0.0157305
          0
-0.00786525
 -0.0393263
 -0.0393263
 -0.0393263
 -0.0134805
          0
-0.00674023
 -0.0337012
 -0.0337012
 -0.0337012
-0.0112304
         0
-0.0056152
-0.0280761
-0.0280761
-0.0280761
-0.00898036
          0
-0.00449018
 -0.0224509
 -0.0224509
 -0.0224509
-0.00673032
          0
-0.00336516
 -0.0168258
 -0.0168258
 -0.0168258
-0.00448024
          0
-0.00224012
 -0.0112007
 -0.0112007
 -0.0112007
 -0.0022302
          0
 -0.0011151
-0.00557554
-0.00557554
-0.00557554
           0
-3.94821e-05
-3.94821e-05
-0.000197411
 0.000118446
-0.000197411
          0
-0.00453958
-0.00453958
 -0.0226979
  0.0136188
 -0.0226979
          0
-0.00903969
-0.00903969
 -0.0451984
  0.0271191
 -0.0451984
         0
-0.0135398
-0.0135398
 -0.067699
 0.0406194
 -0.067699
         0
-0.0180399
-0.0180399
-0.0901995
 0.0541197
-0.0901995
       0
-0.02254
-0.02254
 -0.1127
 0.06762
 -0.1127
         0
-0.0270401
-0.0270401
 -0.135201
 0.0811203
 -0.135201
         0
-0.0315402
-0.0315402
 -0.157701
 0.0946206
 -0.157701
         0
-0.0360403
-0.0360403
 -0.180202
  0.108121
 -0.180202
         0
-0.0405404
-0.0405404
 -0.202702
  0.121621
 -0.202702
         0
-0.0450405
-0.0450405
 -0.225203
  0.135122
 -0.225203
         0
-0.0495406
-0.0495406
 -0.247703
  0.148622
 -0.247703
         0
-0.0540407
-0.0540407
 -0.270204
  0.162122
 -0.270204
         0
-0.0585408
-0.0585408
 -0.292704
  0.175622
 -0.292704
         0
-0.0630409
-0.0630409
 -0.315205
  0.189123
 -0.315205
        0
-0.067541
-0.067541
-0.337705
 0.202623
-0.337705
         0
-0.0720411
-0.0720411
 -0.360206
  0.216123
 -0.360206
         0
-0.0765412
-0.0765412
 -0.382706
  0.229624
 -0.382706
         0
-0.0810413
-0.0810413
 -0.405207
  0.243124
 -0.405207
         0
-0.0855414
-0.0855414
 -0.427707
  0.256624
 -0.427707
         0
-0.0900415
-0.0900415
 -0.450208
  0.270125
 -0.450208
         0
-0.0945416
-0.0945416
 -0.472708
  0.283625
 -0.472708
         0
-0.0990417
-0.0990417
 -0.495209
  0.297125
 -0.495209
        0
-0.103542
-0.103542
-0.517709
 0.310626
-0.517709
        0
-0.108042
-0.108042
 -0.54021
 0.324126
 -0.54021
        0
-0.112542
-0.112542
 -0.56271
 0.337626
 -0.56271
        0
-0.117042
-0.117042
-0.585211
 0.351126
-0.585211
        0
-0.121542
-0.121542
-0.607711
 0.364627
-0.607711
        0
-0.126042
-0.126042
-0.630212
 0.378127
-0.630212
        0
-0.130542
-0.130542
-0.652712
 0.391627
-0.652712
        0
-0.135043
-0.135043
-0.675213
 0.405128
-0.675213
        0
-0.139543
-0.139543
-0.697713
 0.418628
-0.697713
        0
-0.144043
-0.144043
-0.720214
 0.432128
-0.720214
        0
-0.148543
-0.148543
-0.742714
 0.445629
-0.742714
    0
-0.15
-0.15
-0.75
 0.45
-0.75
    0
-0.15
-0.15
-0.75
 0.45
-0.75
    0
-0.15
-0.15
-0.75
 0.45
-0.75
    0
-0.15
-0.15
-0.75
 0.45
-0.75
    0
-0.15
-0.15
-0.75
 0.45
-0.75
    0
-0.15
-0.15
-0.75
 0.45
-0.75
    0
-0.15
-0.15
-0.75
 0.45
-0.75
    0
-0.15
-0.15
-0.75
 0.45
-0.75
    0
-0.15
-0.15
-0.75
 0.45
-0.75
    0
-0.15
-0.15
-0.75
 0.45
-0.75
    0
-0.15
-0.15
-0.75
 0.45
-0.75
    0
-0.15
-0.15
-0.75
 0.45
-0.75
    0
-0.15
-0.15
-0.75
 0.45
-0.75
    0
-0.15
-0.15
-0.75
 0.45
-0.75
    0
-0.15
-0.15
-0.75
 0.45
-0.75
    0
-0.15
-0.15
-0.75
 0.45
-0.75
    0
-0.15
-0.15
-0.75
 0.45
-0.75
    0
-0.15
-0.15
-0.75
 0.45
-0.75
    0
-0.15
-0.15
-0.75
 0.45
-0.75
    0
-0.15
-0.15
-0.75
 0.45
-0.75
    0
-0.15
-0.15
-0.75
 0.45
-0.75
    0
-0.15
-0.15
-0.75
 0.45
-0.75
    0
-0.15
-0.15
-0.75
 0.45
-0.75
    0
-0.15
-0.15
-0.75
 0.45
-0.75
    0
-0.15
-0.15
-0.75
 0.45
-0.75
    0
-0.15
-0.15
-0.75
 0.45
-0.75
    0
-0.15
-0.15
-0.75
 0.45
-0.75
    0
-0.15
-0.15
-0.75
 0.45
-0.75
    0
-0.15
-0.15
-0.75
 0.45
-0.75
    0
-0.15
-0.15
-0.75
 0.45
-0.75
    0
-0.15
-0.15
-0.75
 0.45
-0.75
    0
-0.15
-0.15
-0.75
 0.45
-0.75
    0
-0.15
-0.15
-0.75
 0.45
-0.75
        0
-0.148454
-0.148454
-0.742268
 0.445361
-0.742268
        0
-0.143954
-0.143954
-0.719768
 0.431861
-0.719768
        0
-0.139453
-0.139453
-0.697267
  0.41836
-0.697267
        0
-0.134953
-0.134953
-0.674767
  0.40486
-0.674767
        0
-0.130453
-0.130453
-0.652266
  0.39136
-0.652266
        0
-0.125953
-0.125953
-0.629766
 0.377859
-0.629766
        0
-0.121453
-0.121453
-0.607265
 0.364359
-0.607265
        0
-0.116953
-0.116953
-0.584764
 0.350859
-0.584764
        0
-0.112453
-0.112453
-0.562264
 0.337358
-0.562264
        0
-0.107953
-0.107953
-0.539763
 0.323858
-0.539763
        0
-0.103453
-0.103453
-0.517263
 0.310358
-0.517263
         0
-0.0989525
-0.0989525
 -0.494762
  0.296857
 -0.494762
         0
-0.0944524
-0.0944524
 -0.472262
  0.283357
 -0.472262
         0
-0.0899523
-0.0899523
 -0.449761
  0.269857
 -0.449761
         0
-0.0854522
-0.0854522
 -0.427261
  0.256356
 -0.427261
         0
-0.0809521
-0.0809521
  -0.40476
  0.242856
  -0.40476
        0
-0.076452
-0.076452
 -0.38226
 0.229356
 -0.38226
         0
-0.0719519
-0.0719519
 -0.359759
  0.215856
 -0.359759
         0
-0.0674517
-0.0674517
 -0.337259
  0.202355
 -0.337259
         0
-0.0629517
-0.0629517
 -0.314758
  0.188855
 -0.314758
         0
-0.0584516
-0.0584516
 -0.292258
  0.175355
 -0.292258
         0
-0.0539514
-0.0539514
 -0.269757
  0.161854
 -0.269757
         0
-0.0494514
-0.0494514
 -0.247257
  0.148354
 -0.247257
         0
-0.0449512
-0.0449512
 -0.224756
  0.134854
 -0.224756
         0
-0.0404511
-0.0404511
 -0.202256
  0.121353
 -0.202256
        0
-0.035951
-0.035951
-0.179755
 0.107853
-0.179755
         0
-0.0314509
-0.0314509
 -0.157255
 0.0943528
 -0.157255
         0
-0.0269508
-0.0269508
 -0.134754
 0.0808525
 -0.134754
         0
-0.0224507
-0.0224507
 -0.112254
 0.0673522
 -0.112254
         0
-0.0179506
-0.0179506
-0.0897532
 0.0538518
-0.0897532
         0
-0.0134505
-0.0134505
-0.0672526
 0.0403516
-0.0672526
          0
-0.00895041
-0.00895041
 -0.0447521
  0.0268513
 -0.0447521
          0
-0.00445032
-0.00445032
 -0.0222516
   0.013351
 -0.0222516
5.53131e-06
          0
          0
3.87192e-05
2.21252e-05
3.87192e-05
0.000505543
          0
          0
  0.0035388
 0.00202217
  0.0035388
0.00100555
         0
         0
0.00703888
0.00402222
0.00703888
0.00150557
         0
         0
  0.010539
0.00602226
  0.010539
0.00200558
         0
         0
  0.014039
0.00802231
  0.014039
0.00250559
         0
         0
 0.0175391
 0.0100224
 0.0175391
0.0030056
        0
        0
0.0210392
0.0120224
0.0210392
0.00350561
         0
         0
 0.0245393
 0.0140224
 0.0245393
0.00400562
         0
         0
 0.0280394
 0.0160225
 0.0280394
0.00450564
         0
         0
 0.0315394
 0.0180225
 0.0315394
0.00500565
         0
         0
 0.0350395
 0.0200226
 0.0350395
0.00550566
         0
         0
 0.0385396
 0.0220226
 0.0385396
0.00600567
         0
         0
 0.0420397
 0.0240227
 0.0420397
0.00650568
         0
         0
 0.0455398
 0.0260227
 0.0455398
0.00700569
         0
         0
 0.0490398
 0.0280228
 0.0490398
0.0075057
        0
        0
0.0525399
0.0300228
0.0525399
0.00800572
         0
         0
   0.05604
 0.0320229
   0.05604
0.00850573
         0
         0
 0.0595401
 0.0340229
 0.0595401
0.00900574
         0
         0
 0.0630402
 0.0360229
 0.0630402
0.00950575
         0
         0
 0.0665402
  0.038023
 0.0665402
0.0100058
        0
        0
0.0700403
 0.040023
0.0700403
0.0105058
        0
        0
0.0735404
0.0420231
0.0735404
0.0110058
        0
        0
0.0770405
0.0440231
0.0770405
0.0115058
        0
        0
0.0805406
0.0460232
0.0805406
0.0120058
        0
        0
0.0840406
0.0480232
0.0840406
0.0125058
        0
        0
0.0875407
0.0500233
0.0875407
0.0130058
        0
        0
0.0910408
0.0520233
0.0910408
0.0135058
        0
        0
0.0945409
0.0540234
0.0945409
0.0140059
        0
        0
 0.098041
0.0560234
 0.098041
0.0145059
        0
        0
 0.101541
0.0580234
 0.101541
0.0150059
        0
        0
 0.105041
0.0600235
 0.105041
0.0155059
        0
        0
 0.108541
0.0620235
 0.108541
0.0160059
        0
        0
 0.112041
0.0640236
 0.112041
0.0165059
        0
        0
 0.115541
0.0660236
 0.115541
0.0170059
        0
        0
 0.119041
0.0680237
 0.119041
0.0175059
        0
        0
 0.122542
0.0700237
 0.122542
0.0180059
        0
        0
 0.126042
0.0720238
 0.126042
 0.018506
        0
        0
 0.129542
0.0740238
 0.129542
 0.019006
        0
        0
 0.133042
0.0760239
 0.133042
 0.019506
        0
        0
 0.136542
0.0780239
 0.136542
0.020006
       0
       0
0.140042
0.080024
0.140042
0.020506
       0
       0
0.143542
0.082024
0.143542
0.021006
       0
       0
0.147042
0.084024
0.147042
 0.021506
        0
        0
 0.150542
0.0860241
 0.150542
 0.022006
        0
        0
 0.154042
0.0880241
 0.154042
0.0225061
        0
        0
 0.157542
0.0900242
 0.157542
0.0230061
        0
        0
 0.161042
0.0920242
 0.161042
0.0235061
        0
        0
 0.164542
0.0940243
 0.164542
0.0240061
        0
        0
 0.168043
0.0960243
 0.168043
0.0245061
        0
        0
 0.171543
0.0980244
 0.171543
0.0250061
        0
        0
 0.175043
 0.100024
 0.175043
0.0255061
        0
        0
 0.178543
 0.102024
 0.178543
0.0260061
        0
        0
 0.182043
 0.104024
 0.182043
0.0265061
        0
        0
 0.185543
 0.106025
 0.185543
0.0270062
        0
        0
 0.189043
 0.108025
 0.189043
0.0275062
        0
        0
 0.192543
 0.110025
 0.192543
0.0280062
        0
        0
 0.196043
 0.112025
 0.196043
0.0285062
        0
        0
 0.199543
 0.114025
 0.199543
0.0290062
        0
        0
 0.203043
 0.116025
 0.203043
0.0295062
        0
        0
 0.206543
 0.118025
 0.206543
0.0300062
        0
        0
 0.210044
 0.120025
 0.210044
0.0305062
        0
        0
 0.213544
 0.122025
 0.213544
0.0310062
        0
        0
 0.217044
 0.124025
 0.217044
0.0315063
        0
        0
 0.220544
 0.126025
 0.220544
0.0320063
        0
        0
 0.224044
 0.128025
 0.224044
0.0325063
        0
        0
 0.227544
 0.130025
 0.227544
0.0330063
        0
        0
 0.231044
 0.132025
 0.231044
0.0335063
        0
        0
 0.234544
 0.134025
 0.234544
0.0340063
        0
        0
 0.238044
 0.136025
 0.238044
0.0345063
        0
        0
 0.241544
 0.138025
 0.241544
0.0350063
        0
        0
 0.245044
 0.140025
 0.245044
0.0355064
        0
        0
 0.248544
 0.142025
 0.248544
0.0360064
        0
        0
 0.252044
 0.144025
 0.252044
0.0365064
        0
        0
 0.255545
 0.146025
 0.255545
0.0370064
        0
        0
 0.259045
 0.148025
 0.259045
0.0375064
        0
        0
 0.262545
 0.150026
 0.262545
0.0380064
        0
        0
 0.266045
 0.152026
 0.266045
0.0385064
        0
        0
 0.269545
 0.154026
 0.269545
0.0390064
        0
        0
 0.273045
 0.156026
 0.273045
0.0395064
        0
        0
 0.276545
 0.158026
 0.276545
0.0400065
        0
        0
 0.280045
 0.160026
 0.280045
0.0405065
        0
        0
 0.283545
 0.162026
 0.283545
0.0410065
        0
        0
 0.287045
 0.164026
 0.287045
0.0415065
        0
        0
 0.290545
 0.166026
 0.290545
0.0420065
        0
        0
 0.294045
 0.168026
 0.294045
0.0425065
        0
        0
 0.297546
 0.170026
 0.297546
0.0430065
        0
        0
 0.301046
 0.172026
 0.301046
0.0435065
        0
        0
 0.304546
 0.174026
 0.304546
0.0440065
        0
        0
 0.308046
 0.176026
 0.308046
0.0445066
        0
        0
 0.311546
 0.178026
 0.311546
0.0450066
        0
        0
 0.315046
 0.180026
 0.315046
0.0455066
        0
        0
 0.318546
 0.182026
 0.318546
0.0460066
        0
        0
 0.322046
 0.184026
 0.322046
0.0465066
        0
        0
 0.325546
 0.186026
 0.325546
0.0470066
        0
        0
 0.329046
 0.188026
 0.329046
0.0475066
        0
        0
 0.332546
 0.190026
 0.332546
0.0480066
        0
        0
 0.336046
 0.192027
 0.336046
0.0485067
        0
        0
 0.339547
 0.194027
 0.339547
0.0490067
        0
        0
 0.343047
 0.196027
 0.343047
0.0495067
        0
        0
 0.346547
 0.198027
 0.346547
0.05
   0
   0
0.35
 0.2
0.35
0.05
   0
   0
0.35
 0.2
0.35
0.05
   0
   0
0.35
 0.2
0.35
0.05
   0
   0
0.35
 0.2
0.35
0.05
   0
   0
0.35
 0.2
0.35
0.05
   0
   0
0.35
 0.2
0.35
0.05
   0
   0
0.35
 0.2
0.35
0.05
   0
   0
0.35
 0.2
0.35
0.05
   0
   0
0.35
 0.2
0.35
0.05
   0
   0
0.35
 0.2
0.35
0.05
   0
   0
0.35
 0.2
0.35
0.05
   0
   0
0.35
 0.2
0.35
0.05
   0
   0
0.35
 0.2
0.35
0.05
   0
   0
0.35
 0.2
0.35
0.05
   0
   0
0.35
 0.2
0.35
0.05
   0
   0
0.35
 0.2
0.35
0.05
   0
   0
0.35
 0.2
0.35
0.05
   0
   0
0.35
 0.2
0.35
0.05
   0
   0
0.35
 0.2
0.35
0.05
   0
   0
0.35
 0.2
0.35
0.05
   0
   0
0.35
 0.2
0.35
0.05
   0
   0
0.35
 0.2
0.35
0.05
   0
   0
0.35
 0.2
0.35
0.05
   0
   0
0.35
 0.2
0.35
0.05
   0
   0
0.35
 0.2
0.35
0.05
   0
   0
0.35
 0.2
0.35
0.05
   0
   0
0.35
 0.2
0.35
0.05
   0
   0
0.35
 0.2
0.35
0.05
   0
   0
0.35
 0.2
0.35
0.05
   0
   0
0.35
 0.2
0.35
0.05
   0
   0
0.35
 0.2
0.35
0.05
   0
   0
0.35
 0.2
0.35
0.05
   0
   0
0.35
 0.2
0.35
0.05
   0
   0
0.35
 0.2
0.35
0.05
   0
   0
0.35
 0.2
0.35
0.05
   0
   0
0.35
 0.2
0.35
0.05
   0
   0
0.35
 0.2
0.35
0.05
   0
   0
0.35
 0.2
0.35
0.05
   0
   0
0.35
 0.2
0.35
0.05
   0
   0
0.35
 0.2
0.35
0.05
   0
   0
0.35
 0.2
0.35
0.05
   0
   0
0.35
 0.2
0.35
0.05
   0
   0
0.35
 0.2
0.35
0.05
   0
   0
0.35
 0.2
0.35
0.05
   0
   0
0.35
 0.2
0.35
0.05
   0
   0
0.35
 0.2
0.35
0.05
   0
   0
0.35
 0.2
0.35
0.05
   0
   0
0.35
 0.2
0.35
0.05
   0
   0
0.35
 0.2
0.35
0.05
   0
   0
0.35
 0.2
0.35
0.05
   0
   0
0.35
 0.2
0.35
0.05
   0
   0
0.35
 0.2
0.35
0.05
   0
   0
0.35
 0.2
0.35
0.05
   0
   0
0.35
 0.2
0.35
0.05
   0
   0
0.35
 0.2
0.35
0.05
   0
   0
0.35
 0.2
0.35
0.05
   0
   0
0.35
 0.2
0.35
0.05
   0
   0
0.35
 0.2
0.35
0.05
   0
   0
0.35
 0.2
0.35
0.05
   0
   0
0.35
 0.2
0.35
0.05
   0
   0
0.35
 0.2
0.35
0.05
   0
   0
0.35
 0.2
0.35
0.05
   0
   0
0.35
 0.2
0.35
0.05
   0
   0
0.35
 0.2
0.35
0.05
   0
   0
0.35
 0.2
0.35
0.05
   0
   0
0.35
 0.2
0.35
0.05
   0
   0
0.35
 0.2
0.35
0.05
   0
   0
0.35
 0.2
0.35
0.05
   0
   0
0.35
 0.2
0.35
0.05
   0
   0
0.35
 0.2
0.35
0.05
   0
   0
0.35
 0.2
0.35
0.05
   0
   0
0.35
 0.2
0.35
0.05
   0
   0
0.35
 0.2
0.35
0.05
   0
   0
0.35
 0.2
0.35
0.05
   0
   0
0.35
 0.2
0.35
0.05
   0
   0
0.35
 0.2
0.35
0.05
   0
   0
0.35
 0.2
0.35
0.05
   0
   0
0.35
 0.2
0.35
0.05
   0
   0
0.35
 0.2
0.35
0.05
   0
   0
0.35
 0.2
0.35
0.05
   0
   0
0.35
 0.2
0.35
0.05
   0
   0
0.35
 0.2
0.35
0.05
   0
   0
0.35
 0.2
0.35
0.05
   0
   0
0.35
 0.2
0.35
0.05
   0
   0
0.35
 0.2
0.35
0.05
   0
   0
0.35
 0.2
0.35
0.05
   0
   0
0.35
 0.2
0.35
0.05
   0
   0
0.35
 0.2
0.35
0.05
   0
   0
0.35
 0.2
0.35
0.05
   0
   0
0.35
 0.2
0.35
0.05
   0
   0
0.35
 0.2
0.35
0.05
   0
   0
0.35
 0.2
0.35
0.05
   0
   0
0.35
 0.2
0.35
0.05
   0
   0
0.35
 0.2
0.35
0.05
   0
   0
0.35
 0.2
0.35
0.05
   0
   0
0.35
 0.2
0.35
0.05
   0
   0
0.35
 0.2
0.35
0.05
   0
   0
0.35
 0.2
0.35
0.05
   0
   0
0.35
 0.2
0.35
0.05
   0
   0
0.35
 0.2
0.35
0.0499922
        0
        0
 0.349945
 0.199969
 0.349945
0.0494922
        0
        0
 0.346445
 0.197969
 0.346445
0.0489922
        0
        0
 0.342945
 0.195969
 0.342945
0.0484922
        0
        0
 0.339445
 0.193969
 0.339445
0.0479921
        0
        0
 0.335945
 0.191969
 0.335945
0.0474921
        0
        0
 0.332445
 0.189968
 0.332445
0.0469921
        0
        0
 0.328945
 0.187968
 0.328945
0.0464921
        0
        0
 0.325445
 0.185968
 0.325445
0.0459921
        0
        0
 0.321945
 0.183968
 0.321945
0.0454921
        0
        0
 0.318445
 0.181968
 0.318445
0.0449921
        0
        0
 0.314945
 0.179968
 0.314945
0.0444921
        0
        0
 0.311444
 0.177968
 0.311444
0.043992
       0
       0
0.307944
0.175968
0.307944
0.043492
       0
       0
0.304444
0.173968
0.304444
0.042992
       0
       0
0.300944
0.171968
0.300944
0.042492
       0
       0
0.297444
0.169968
0.297444
0.041992
       0
       0
0.293944
0.167968
0.293944
0.041492
       0
       0
0.290444
0.165968
0.290444
0.040992
       0
       0
0.286944
0.163968
0.286944
0.040492
       0
       0
0.283444
0.161968
0.283444
0.039992
       0
       0
0.279944
0.159968
0.279944
0.039492
       0
       0
0.276444
0.157968
0.276444
0.0389919
        0
        0
 0.272943
 0.155968
 0.272943
0.0384919
        0
        0
 0.269443
 0.153968
 0.269443
0.0379919
        0
        0
 0.265943
 0.151968
 0.265943
0.0374919
        0
        0
 0.262443
 0.149968
 0.262443
0.0369919
        0
        0
 0.258943
 0.147968
 0.258943
0.0364919
        0
        0
 0.255443
 0.145967
 0.255443
0.0359919
        0
        0
 0.251943
 0.143967
 0.251943
0.0354919
        0
        0
 0.248443
 0.141967
 0.248443
0.0349918
        0
        0
 0.244943
 0.139967
 0.244943
0.0344918
        0
        0
 0.241443
 0.137967
 0.241443
0.0339918
        0
        0
 0.237943
 0.135967
 0.237943
0.0334918
        0
        0
 0.234443
 0.133967
 0.234443
0.0329918
        0
        0
 0.230943
 0.131967
 0.230943
0.0324918
        0
        0
 0.227442
 0.129967
 0.227442
0.0319918
        0
        0
 0.223942
 0.127967
 0.223942
0.0314918
        0
        0
 0.220442
 0.125967
 0.220442
0.0309918
        0
        0
 0.216942
 0.123967
 0.216942
0.0304917
        0
        0
 0.213442
 0.121967
 0.213442
0.0299917
        0
        0
 0.209942
 0.119967
 0.209942
0.0294917
        0
        0
 0.206442
 0.117967
 0.206442
0.0289917
        0
        0
 0.202942
 0.115967
 0.202942
0.0284917
        0
        0
 0.199442
 0.113967
 0.199442
0.0279917
        0
        0
 0.195942
 0.111967
 0.195942
0.0274917
        0
        0
 0.192442
 0.109967
 0.192442
0.0269917
        0
        0
 0.188942
 0.107967
 0.188942
0.0264916
        0
        0
 0.185441
 0.105967
 0.185441
0.0259916
        0
        0
 0.181941
 0.103967
 0.181941
0.0254916
        0
        0
 0.178441
 0.101966
 0.178441
0.0249916
        0
        0
 0.174941
0.0999664
 0.174941
0.0244916
        0
        0
 0.171441
0.0979664
 0.171441
0.0239916
        0
        0
 0.167941
0.0959663
 0.167941
0.0234916
        0
        0
 0.164441
0.0939663
 0.164441
0.0229916
        0
        0
 0.160941
0.0919663
 0.160941
0.0224916
        0
        0
 0.157441
0.0899662
 0.157441
0.0219916
        0
        0
 0.153941
0.0879661
 0.153941
0.0214915
        0
        0
 0.150441
0.0859661
 0.150441
0.0209915
        0
        0
 0.146941
0.0839661
 0.146941
0.0204915
        0
        0
 0.143441
 0.081966
 0.143441
0.0199915
        0
        0
  0.13994
0.0799659
  0.13994
0.0194915
        0
        0
  0.13644
0.0779659
  0.13644
0.0189915
        0
        0
  0.13294
0.0759659
  0.13294
0.0184915
        0
        0
  0.12944
0.0739658
  0.12944
0.0179915
        0
        0
  0.12594
0.0719658
  0.12594
0.0174914
        0
        0
  0.12244
0.0699657
  0.12244
0.0169914
        0
        0
  0.11894
0.0679657
  0.11894
0.0164914
        0
        0
  0.11544
0.0659657
  0.11544
0.0159914
        0
        0
  0.11194
0.0639656
  0.11194
0.0154914
        0
        0
  0.10844
0.0619656
  0.10844
0.0149914
        0
        0
  0.10494
0.0599655
  0.10494
0.0144914
        0
        0
  0.10144
0.0579655
  0.10144
0.0139914
        0
        0
0.0979395
0.0559654
0.0979395
0.0134913
        0
        0
0.0944394
0.0539654
0.0944394
0.0129913
        0
        0
0.0909393
0.0519654
0.0909393
0.0124913
        0
        0
0.0874392
0.0499653
0.0874392
0.0119913
        0
        0
0.0839392
0.0479652
0.0839392
0.0114913
        0
        0
0.0804391
0.0459652
0.0804391
0.0109913
        0
        0
 0.076939
0.0439652
 0.076939
0.0104913
        0
        0
0.0734389
0.0419651
0.0734389
0.00999127
         0
         0
 0.0699388
  0.039965
 0.0699388
0.00949125
         0
         0
 0.0664388
  0.037965
 0.0664388
0.00899124
         0
         0
 0.0629387
  0.035965
 0.0629387
0.00849123
         0
         0
 0.0594386
 0.0339649
 0.0594386
0.00799122
         0
         0
 0.0559385
 0.0319649
 0.0559385
0.00749122
         0
         0
 0.0524384
 0.0299648
 0.0524384
0.00699119
         0
         0
 0.0489384
 0.0279648
 0.0489384
0.00649118
         0
         0
 0.0454383
 0.0259647
 0.0454383
0.00599118
         0
         0
 0.0419382
 0.0239647
 0.0419382
0.00549117
         0
         0
 0.0384381
 0.0219647
 0.0384381
0.00499114
         0
         0
 0.0349381
 0.0199646
 0.0349381
0.00449114
         0
         0
  0.031438
 0.0179645
  0.031438
0.00399113
         0
         0
 0.0279379
 0.0159645
 0.0279379
0.00349112
         0
         0
 0.0244378
 0.0139645
 0.0244378
0.00299111
         0
         0
 0.0209377
 0.0119644
 0.0209377
0.00249109
         0
         0
 0.0174377
0.00996435
 0.0174377
0.00199108
         0
         0
 0.0139376
0.00796431
 0.0139376
0.00149107
         0
         0
 0.0104375
0.00596428
 0.0104375
0.000991061
          0
          0
 0.00693738
 0.00396425
 0.00693738
0.000491053
          0
          0
 0.00343728
 0.00196421
 0.00343728
0
0
0
0
0
0
0
0
0
0
0
0
0
0
0
0
0
0
0
0
0
0
0
0
0
0
0
0
0
0
0
0
0
0
0
0
0
0
0
0
0
0
0
0
0
0
0
0
0
0
0
0
0
0
0
0
0
0
0
0
0
0
0
0
0
0
0
0
0
0
0
0
0
0
0
0
0
0
0
0
0
0
0
0
0
0
0
0
0
0
0
0
0
0
0
0
0
0
0
0
0
0
0
0
0
0
0
0
0
0
0
0
0
0
0
0
0
0
0
0
0
0
0
0
0
0
0
0
0
0
0
0
0
0
0
0
0
0
0
0
0
0
0
0
0
0
0
0
0
0
0
0
0
0
0
0
0
0
0
0
0
0
0
0
0
0
0
0
0
0
0
0
0
0
0
0
0
0
0
0
0
0
0
0
0
0
0
0
0
0
0
0
0
0
0
0
0
0
0
0
0
0
0
0
0
0
0
0
0
0
0
0
0
0
0
0
0
0
0
0
0
0
0
0
0
0
0
0
0
0
0
0
0
0
0
0
0
0
0
0
0
0
0
0
0
0
0
0
0
0
0
0
0
0
0
0
0
0
0
0
0
0
0
0
0
0
0
0
0
0
0
0
0
0
0
0
0
0
0
0
0
0
0
0
0
0
0
0
0
0
0
0
0
0
0
0
0
0
0
0
0
0
0
0
0
0
0
0
0
0
0
0
0
0
0
0
0
0
0
0
0
0
0
0
0
0
0
0
0
0
0
0
0
0
0
0
0
0
0
0
0
0
0
0
0
0
0
0
0
0
0
0
0
0
0
0
0
0
0
0
0
0
0
0
0
0
0
0
0
0
0
0
0
0
0
0
0
0
0
0
0
0
0
0
0
0
0
0
0
0
0
0
0
0
0
0
0
0
0
0
0
0
0
0
0
0
0
0
0
0
0
0
0
0
0
0
0
0
0
0
0
0
0
0
0
0
0
0
0
0
0
0
0
0
0
0
0
0
0
0
0
0
0
0
0
0
0
0
0
0
0
0
0
0
0
0
0
0
0
0
0
0
0
0
0
0
0
0
0
0
0
0
0
0
0
0
0
0
0
0
0
0
0
0
0
0
0
0
0
0
0
0
0
0
0
0
0
0
0
0
0
0
0
0
0
0
0
0
0
0
0
0
0
0
0
0
0
0
0
0
0
0
0
0
0
0
0
0
0
0
0
0
0
0
0
0
0
0
0
0
0
0
0
0
0
0
0
0
0
0
0
0
0
0
0
0
0
0
0
0
0
0
0
0
0
0
0
0
0
0
0
0
0
0
0
0
0
0
0
0
0
0
0
0
0
0
0
0
0
0
0
0
0
0
0
0
0
0
0
0
0
0
0
0
0
0
0
0
0
0
0
0
0
0
0
0
0
0
0
0
0
0
0
0
0
0
0
0
0
0
0
0
0
0
0
0
0
0
0
0
0
0
0
0
0
0
0
0
0
0
0
0
0
0
0
0
0
0
0
0
0
0
0
0
0
0
0
0
0
0
0
0
0
0
0
0
0
0
0
0
0
0
0
0
0
0
0
0
0
0
0
0
0
0
0
0
0
0
0
0
0
0
0
0
0
0
0
0
0
0
0
0
0
0
0
0
0
0
0
0
0
0
0
0
0
0
0
0
0
0
0
0
0
0
0
0
0
0
0
0
0
0
0
0
0
0
0
0
0
0
0
0
0
0
0
0
0
0
0
0
0
0
0
0
0
0
0
0
0
0
0
0
0
0
0
0
0
0
0
0
0
0
0
0
0
0
0
0
0
0
0
0
0
0
0
0
0
0
0
0
0
0
0
0
0
0
0
0
0
0
0
0
0
0
0
0
0
0
0
0
0
0
0
0
0
0
0
0
0
0
0
0
0
0
0
0
0
0
0
0
0
0
0
0
0
0
0
0
0
0
0
0
0
0
0
0
0
0
0
0
0
0
0
0
0
0
0
0
0
0
0
0
0
0
0
0
0
0
0
0
0
0
0
0
0
0
0
0
0
0
0
0
0
0
0
0
0
0
0
0
0
0
0
0
0
0
0
0
0
0
0
0
0
0
0
0
0
0
0
0
0
0
0
0
0
0
0
0
0
0
0
0
0
0
0
0
0
0
0
0
0
0
0
0
0
0
0
0
0
0
0
0
0
0
0
0
0
0
0
0
0
0
0
0
0
0
0
0
0
0
0
0
0
0
0
0
0
0
0
0
0
0
0
0
0
0
0
0
0
0
0
0
0
0
0
0
0
0
0
0
0
0
0
0
0
0
0
0
0
0
0
0
0
0
0
0
0
0
0
0
0
0
0
0
0
0
0
0
0
0
0
0
0
0
0
0
0
0
0
0
0
0
0
0
0
0
0
0
0
0
0
0
0
0
0
0
0
0
0
0
0
0
0
0
0
0
0
0
0
0
0
0
0
0
0
0
0
0
0
0
0
0
0
0
0
0
0
0
0
0
0
0
0
0
0
0
0
0
0
0
0
0
0
0
0
0
0
0
0
0
0
0
0
0
0
0
0
0
0
0
0
0
0
0
0
0
0
0
0
0
0
0
0
0
0
0
0
0
0
0
0
0
0
0
0
0
0
0
0
0
0
0
0
0
0
0
0
0
0
0
0
0
0
0
0
0
0
0
0
0
0
0
0
0
0
0
0
0
0
0
0
0
0
0
0
0
0
0
0
0
0
0
0
0
0
0
0
0
0
0
0
0
0
0
0
0
0
0
0
0
0
0
0
0
0
0
0
0
0
0
0
0
0
0
0
0
0
0
0
0
0
0
0
0
0
0
0
0
0
0
0
0
0
0
0
0
0
0
0
0
0
0
0
0
0
0
0
0
0
0
0
0
0
0
0
0
0
0
0
0
0
0
0
0
0
0
0
0
0
0
0
0
0
0
0
0
0
0
0
0
0
0
0
0
0
0
0
0
0
0
0
0
0
0
0
0
0
0
0
0
0
0
0
0
0
0
0
0
0
0
0
0
0
0
0
0
0
0
0
0
0
0
0
0
0
0
0
0
0
0
0
0
0
0
0
0
0
0
0
0
0
0
0
0
0
0
0
0
0
0
0
0
0
0
0
0
0
0
0
0
0
0
0
0
0
0
0
0
0
0
0
0
0
0
0
0
0
0
0
0
0
0
0
0
0
0
0
0
0
0
0
0
0
0
0
0
0
0
0
0
0
0
0
0
0
0
0
0
0
0
0
0
0
0
0
0
0
0
0
0
0
0
0
0
0
0
0
0
0
0
0
0
0
0
0
0
0
0
0
0
0
0
0
0
0
0
0
0
0
0
0
0
0
0
0
0
0
0
0
0
0
0
0
0
0
0
0
0
0
0
0
0
0
0
0
0
0
0
0
0
0
0
0
0
0
0
0
0
0
0
0
0
0
0
0
0
0
0
0
0
0
0
0
0
0
0
0
0
0
0
0
0
0
0
0
0
0
0
0
0
0
0
0
0
0
0
0
0
0
0
0
0
0
0
0
0
0
0
0
0
0
0
0
0
0
0
0
0
0
0
0
0
0
0
0
0
0
0
0
0
0
0
0
0
0
0
0
0
0
0
0
0
0
0
0
0
0
0
0
0
0
0
0
0
0
0
0
0
0
0
0
0
0
0
0
0
0
0
0
0
0
0
0
0
0
0
0
0
0
0
0
0
0
0
0
0
0
0
0
0
0
0
0
0
0
0
0
0
0
0
0
0
0
0
0
0
0
0
0
0
0
0
0
0
0
0
0
0
0
0
0
0
0
0
0
0
0
0
0
0
0
0
0
0
0
0
0
0
0
0
0
0
0
0
0
0
0
0
0
0
0
0
0
0
0
0
0
0
0
0
0
0
0
0
0
0
0
0
0
0
0
0
0
0
0
0
0
0
0
0
0
0
0
0
0
0
0
0
0
0
0
0
0
0
0
0
0
0
0
0
0
0
0
0
0
0
0
0
0
0
0
0
0
0
0
0
0
0
0
0
0
0
0
0
0
0
0
0
0
0
0
0
0
0
0
0
0
0
0
0
0
0
0
0
0
0
0
0
0
0
0
0
0
0
0
0
0
0
0
0
0
0
0
0
0
0
0
0
0
0
0
0
0
0
0
0
0
0
0
0
0
0
0
0
0
0
0
0
0
0
0
0
0
0
0
0
0
0
0
0
0
0
0
0
0
0
0
0
0
0
0
0
0
0
0
0
0
0
0
0
0
0
0
0
0
0
0
0
0
0
0
0
0
0
0
0
0
0
0
0
0
0
0
0
0
0
0
0
0
0
0
0
0
0
0
0
0
0
0
0
0
0
0
0
0
0
0
0
0
0
0
0
0
0
0
0
0
0
0
0
0
0
0
0
0
0
0
0
0
0
0
0
0
0
0
0
0
0
0
0
0
0
0
0
0
0
0
0
0
0
0
0
0
0
0
0
0
0
0
0
0
0
0
0
0
0
0
0
0
0
0
0
0
0
0
0
0
0
0
0
0
0
0
0
0
0
0
0
0
0
0
0
0
0
0
0
0
0
0
0
0
0
0
0
0
0
0
0
0
0
0
0
0
0
0
0
0
0
0
0
0
0
0
0
0
0
0
0
0
0
0
0
0
0
0
0
0
0
0
0
0
0
0
0
0
0
0
0
0
0
0
0
0
0
0
0
0
0
0
0
0
0
0
0
0
0
0
0
0
0
0
0
0
0
0
0
0
0
0
0
0
0
0
0
0
0
0
0
0
0
0
0
0
0
0
0
0
0
0
0
0
0
0
0
0
0
0
0
0
0
0
0
0
0
0
0
0
0
0
0
0
0
0
0
0
0
0
0
0
0
0
0
0
0
0
0
0
0
0
0
0
0
0
0
0
0
0
0
0
0
0
0
0
0
0
0
0
0
0
0
0
0
0
0
0
0
0
0
0
0
0
0
0
0
0
0
0
0
0
0
0
0
0
0
0
0
0
0
0
0
0
0
0
0
0
0
0
0
0
0
0
0
0
0
0
0
0
0
0
0
0
0
0
0
0
0
0
0
0
0
0
0
0
0
0
0
0
0
0
0
0
0
0
0
0
0
0
0
0
0
0
0
0
0
0
0
0
0
0
0
0
0
0
0
0
0
0
0
0
0
0
0
0
0
0
0
0
0
0
0
0
0
0
0
0
0
0
0
0
0
0
0
0
0
0
0
0
0
0
0
0
0
0
0
0
0
0
0
0
0
0
0
0
0
0
0
0
0
0
0
0
0
0
0
0
0
0
0
0
0
0
0
0
0
0
0
0
0
0
0
0
0
0
0
0
0
0
0
0
0
0
0
0
0
0
0
0
0
0
0
0
0
0
0
0
0
0
0
0
0
0
0
0
0
0
0
0
0
0
0
0
0
0
0
0
0
0
0
0
0
0
0
0
0
0
0
0
0
0
0
0
0
0
0
0
0
0
0
0
0
0
0
0
0
0
0
0
0
0
0
0
0
0
0
0
0
0
0
0
0
0
0
0
0
0
0
0
0
0
0
0
0
0
0
0
0
0
0
0
0
0
0
0
0
0
0
0
0
0
0
0
0
0
0
0
0
0
0
0
0
0
0
0
0
0
0
0
0
0
0
0
0
0
0
0
0
0
0
0
0
0
0
0
0
0
0
0
0
0
0
0
0
0
0
0
0
0
0
0
0
0
0
0
0
0
0
0
0
0
0
0
0
0
0
0
0
0
0
0
0
0
0
0
0
0
0
0
0
0
0
0
0
0
0
0
0
0
0
0
0
0
0
0
0
0
0
0
0
0
0
0
0
0
0
0
0
0
0
0
0
0
0
0
0
0
0
0
0
0
0
0
0
0
0
0
0
0
0
0
0
0
0
0
0
0
0
0
0
0
0
0
0
0
0
0
0
0
0
0
0
0
0
0
0
0
0
0
0
0
0
0
0
0
0
0
0
0
0
0
0
0
0
0
0
0
0
0
0
0
0
0
0
0
0
0
0
0
0
0
0
0
0
0
0
0
0
0
0
0
0
0
0
0
0
0
0
0
0
0
0
0
0
0
0
0
0
0
0
0
0
0
0
0
0
0
0
0
0
0
0
0
0
0
0
0
0
0
0
0
0
0
0
0
0
0
0
0
0
0
0
0
0
0
0
0
0
0
0
0
0
0
0
0
0
0
0
0
0
0
0
0
0
0
0
0
0
0
0
0
0
0
0
0
0
0
0
0
0
0
0
0
0
0
0
0
0
0
0
0
0
0
0
0
0
0
0
0
0
0
0
0
0
0
0
0
0
0
0
0
0
0
0
0
0
0
0
0
0
0
0
0
0
0
0
0
0
0
0
0
0
0
0
0
0
0
0
0
0
0
0
0
0
0
0
0
0
0
0
0
0
0
0
0
0
0
0
0
0
0
0
0
0
0
0
0
0
0
0
0
0
0
0
0
0
0
0
0
0
0
0
0
0
0
0
0
0
0
0
0
0
0
0
0
0
0
0
0
0
0
0
0
0
0
0
0
0
0
0
0
0
0
0
0
0
0
0
0
0
0
0
0
0
0
0
0
0
0
0
0
0
0
0
0
0
0
0
0
0
0
0
0
0
0
0
0
0
0
0
0
0
0
0
0
0
0
0
0
0
0
0
0
0
0
0
0
0
0
0
0
0
0
0
0
0
0
0
0
0
0
0
0
0
0
0
0
0
0
0
0
0
0
0
0
0
0
0
0
0
0
0
0
0
0
0
0
0
0
0
0
0
0
0
0
0
0
0
0
0
0
0
0
0
0
0
0
0
0
0
0
0
0
0
0
0
0
0
0
0
0
0
0
0
0
0
0
0
0
0
0
0
0
0
0
0
0
0
0
0
0
0
0
0
0
0
0
0
0
0
0
0
0
0
0
0
0
0
0
0
0
0
0
0
0
0
0
0
0
0
0
0
0
0
0
0
0
0
0
0
0
0
0
0
0
0
0
0
0
0
0
0
0
0
0
0
0
0
0
0
0
0
0
0
0
0
0
0
0
0
0
0
0
0
0
0
0
0
0
0
0
0
0
0
0
0
0
0
0
0
0
0
0
0
0
0
0
0
0
0
0
0
0
0
0
0
0
0
0
0
0
0
0
0
0
0
0
0
0
0
0
0
0
0
0
0
0
0
0
0
0
0
0
0
0
0
0
0
0
0
0
0
0
0
0
0
0
0
0
0
0
0
0
0
0
0
0
0
0
0
0
0
0
0
0
0
0
0
0
0
0
0
0
0
0
0
0
0
0
0
0
0
0
0
0
0
0
0
0
0
0
0
0
0
0
0
0
0
0
0
0
0
0
0
0
0
0
0
0
0
0
0
0
0
0
0
0
0
0
0
0
0
0
0
0
0
0
0
0
0
0
0
0
0
0
0
0
0
0
0
0
0
0
0
0
0
0
0
0
0
0
0
0
0
0
0
0
0
0
0
0
0
0
0
0
0
0
0
0
0
0
0
0
0
0
0
0
0
0
0
0
0
0
0
0
0
0
0
0
0
0
0
0
0
0
0
0
0
0
0
0
0
0
0
0
0
0
0
0
0
0
0
0
0
0
0
0
0
0
0
0
0
0
0
0
0
0
0
0
0
0
0
0
0
0
0
0
0
0
0
0
0
0
0
0
0
0
0
0
0
0
0
0
0
0
0
0
0
0
0
0
0
0
0
0
0
0
0
0
0
0
0
0
0
0
0
0
0
0
0
0
0
0
0
0
0
0
0
0
0
0
0
0
0
0
0
0
0
0
0
0
0
0
0
0
0
0
0
0
0
0
0
0
0
0
0
0
0
0
0
0
0
0
0
0
0
0
0
0
0
0
0
0
0
0
0
0
0
0
0
0
0
0
0
0
0
0
0
0
0
0
0
0
0
0
0
0
0
0
0
0
0
0
0
0
0
0
0
0
0
0
0
0
0
0
0
0
0
0
0
0
0
0
0
0
0
0
0
0
0
0
0
0
0
0
0
0
0
0
0
0
0
0
0
0
0
0
0
0
0
0
0
0
0
0
0
0
0
0
0
0
0
0
0
0
0
0
0
0
0
0
0
0
0
0
0
0
0
0
0
0
0
0
0
0
0
0
0
0
0
0
0
0
0
0
0
0
0
0
0
0
0
0
0
0
0
0
0
0
0
0
0
0
0
0
0
0
0
0
0
0
0
0
0
0
0
0
0
0
0
0
0
0
0
0
0
0
0
0
0
0
0
0
0
0
0
0
0
0
0
0
0
0
0
0
0
0
0
0
0
0
0
0
0
0
0
0
0
0
0
0
0
0
0
0
0
0
0
0
0
0
0
0
0
0
0
0
0
0
0
0
0
0
0
0
0
0
0
0
0
0
0
0
0
0
0
0
0
0
0
0
0
0
0
0
0
0
0
0
0
0
0
0
0
0
0
0
0
0
0
0
0
0
0
0
0
0
0
0
0
0
0
0
0
0
0
0
0
0
0
0
0
0
0
0
0
0
0
0
0
0
0
0
0
0
0
0
0
0
0
0
0
0
0
0
0
0
0
0
0
0
0
0
0
0
0
0
0
0
0
0
0
0
0
0
0
0
0
0
0
0
0
0
0
0
0
0
0
0
0
0
0
0
0
0
0
0
0
0
0
0
0
0
0
0
0
0
0
0
0
0
0
0
0
0
0
0
0
0
0
0
0
0
0
0
0
0
0
0
0
0
0
0
0
0
0
0
0
0
0
0
0
0
0
0
0
0
0
0
0
0
0
0
0
0
0
0
0
0
0
0
0
0
0
0
0
0
0
0
0
0
0
0
0
0
0
0
0
0
0
0
0
0
0
0
0
0
0
0
0
0
0
0
0
0
0
0
0
0
0
0
0
0
0
0
0
0
0
0
0
0
0
0
0
0
0
0
0
0
0
0
0
0
0
0
0
0
0
0
0
0
0
0
0
0
0
0
0
0
0
0
0
0
0
0
0
0
0
0
0
0
0
0
0
0
0
0
0
0
0
0
0
0
0
0
0
0
0
0
0
0
0
0
0
0
0
0
0
0
0
0
0
0
0
0
0
0
0
0
0
0
0
0
0
0
0
0
0
0
0
0
0
0
0
0
0
0
0
0
0
0
0
0
0
0
0
0
0
0
0
0
0
0
0
0
0
0
0
0
0
0
0
0
0
0
0
0
0
0
0
0
0
0
0
0
0
0
0
0
0
0
0
0
0
0
0
0
0
0
0
0
0
0
0
0
0
0
0
0
0
0
0
0
0
0
0
0
0
0
0
0
0
0
0
0
0
0
0
0
0
0
0
0
0
0
0
0
0
0
0
0
0
0
0
0
0
0
0
0
0
0
0
0
0
0
0
0
0
0
0
0
0
0
0
0
0
0
0
0
0
0
0
0
0
0
0
0
0
0
0
0
0
0
0
0
0
0
0
0
0
0
0
0
0
0
0
0
0
0
0
0
0
0
0
0
0
0
0
0
0
0
0
0
0
0
0
0
0
0
0
0
0
0
0
0
0
0
0
0
0
0
0
0
0
0
0
0
0
0
0
0
0
0
0
0
0
0
0
0
0
0
0
0
0
0
0
0
0
0
0
0
0
0
0
0
0
0
0
0
0
0
0
0
0
0
0
0
0
0
0
0
0
0
0
0
0
0
0
0
0
0
0
0
0
0
0
0
0
0
0
0
0
0
0
0
0
0
0
0
0
0
0
0
0
0
0
0
0
0
0
0
0
0
0
0
0
0
0
0
0
0
0
0
0
0
0
0
0
0
0
0
0
0
0
0
0
0
0
0
0
0
0
0
0
0
0
0
0
0
0
0
0
0
0
0
0
0
0
0
0
0
0
0
0
0
0
0
0
0
0
0
0
0
0
0
0
0
0
0
0
0
0
0
0
0
0
0
0
0
0
0
0
0
0
0
0
0
0
0
0
0
0
0
0
0
0
0
0
0
0
0
0
0
0
0
0
0
0
0
0
0
0
0
0
0
0
0
0
0
0
0
0
0
0
0
0
0
0
0
0
0
0
0
0
0
0
0
0
0
0
0
0
0
0
0
0
0
0
0
0
0
0
0
0
0
0
0
0
0
0
0
0
0
0
0
0
0
0
0
0
0
0
0
0
0
0
0
0
0
0
0
0
0
0
0
0
0
0
0
0
0
0
0
0
0
0
0
0
0
0
0
0
0
0
0
0
0
0
0
0
0
0
0
0
0
0
0
0
0
0
0
0
0
0
0
0
0
0
0
0
0
0
0
0
0
0
0
0
0
0
0
0
0
0
0
0
0
0
0
0
0
0
0
0
0
0
0
0
0
0
0
0
0
0
0
0
0
0
0
0
0
0
0
0
0
0
0
0
0
0
0
0
0
0
0
0
0
0
0
0
0
0
0
0
0
0
0
0
0
0
0
0
0
0
0
0
0
0
0
0
0
0
0
0
0
0
0
0
0
0
0
0
0
0
0
0
0
0
0
0
0
0
0
0
0
0
0
0
0
0
0
0
0
0
0
0
0
0
0
0
0
0
0
0
0
0
0
0
0
0
0
0
0
0
0
0
0
0
0
0
0
0
0
0
0
0
0
0
0
0
0
0
0
0
0
0
0
0
0
0
0
0
0
0
0
0
0
0
0
0
0
0
0
0
0
0
0
0
0
0
0
0
0
0
0
0
0
0
0
0
0
0
0
0
0
0
0
0
0
0
0
0
0
0
0
0
0
0
0
0
0
0
0
0
0
0
0
0
0
0
0
0
0
0
0
0
0
0
0
0
0
0
0
0
0
0
0
0
0
0
0
0
0
0
0
0
0
0
0
0
0
0
0
0
0
0
0
0
0
0
0
0
0
0
0
0
0
0
0
0
0
0
0
0
0
0
0
0
0
0
0
0
0
0
0
0
0
0
0
0
0
0
0
0
0
0
0
0
0
0
0
0
0
0
0
0
0
0
0
0
0
0
0
0
0
0
0
0
0
0
0
0
0
0
0
0
0
0
0
0
0
0
0
0
0
0
0
0
0
0
0
0
0
0
0
0
0
0
0
0
0
0
0
0
0
0
0
0
0
0
0
0
0
0
0
0
0
0
0
0
0
0
0
0
0
0
0
0
0
0
0
0
0
0
0
0
0
0
0
0
0
0
0
0
0
0
0
0
0
0
0
0
0
0
0
0
0
0
0
0
0
0
0
0
0
0
0
0
0
0
0
0
0
0
0
0
0
0
0
0
0
0
0
0
0
0
0
0
0
0
0
0
0
0
0
0
0
0
0
0
0
0
0
0
0
0
0
0
0
0
0
0
0
0
0
0
0
0
0
0
0
0
0
0
0
0
0
0
0
0
0
0
0
0
0
0
0
0
0
0
0
0
0
0
0
0
0
0
0
0
0
0
0
0
0
0
0
0
0
0
0
0
0
0
0
0
0
0
0
0
0
0
0
0
0
0
0
0
0
0
0
0
0
0
0
0
0
0
0
0
0
0
0
0
0
0
0
0
0
0
0
0
0
0
0
0
0
0
0
0
0
0
0
0
0
0
0
0
0
0
0
0
0
0
0
0
0
0
0
0
0
0
0
0
0
0
0
0
0
0
0
0
0
0
0
0
0
0
0
0
0
0
0
0
0
0
0
0
0
0
0
0
0
0
0
0
0
0
0
0
0
0
0
0
0
0
0
0
0
0
0
0
0
0
0
0
0
0
0
0
0
0
0
0
0
0
0
0
0
0
0
0
0
0
0
0
0
0
0
0
0
0
0
0
0
0
0
0
0
0
0
0
0
0
0
0
0
0
0
0
0
0
0
0
0
0
0
0
0
0
0
0
0
0
0
0
0
0
0
0
0
0
0
0
0
0
0
0
0
0
0
0
0
0
0
0
0
0
0
0
0
0
0
0
0
0
0
0
0
0
0
0
0
0
0
0
0
0
0
0
0
0
0
0
0
0
0
0
0
0
0
0
0
0
0
0
0
0
0
0
0
0
0
0
0
0
0
0
0
0
0
0
0
0
0
0
0
0
0
0
0
0
0
0
0
0
0
0
0
0
0
0
0
0
0
0
0
0
0
0
0
0
0
0
0
0
0
0
0
0
0
0
0
0
0
0
0
0
0
0
0
0
0
0
0
0
0
0
0
0
0
0
0
0
0
0
0
0
0
0
0
0
0
0
0
0
0
0
0
0
0
0
0
0
0
0
0
0
0
0
0
0
0
0
0
0
0
0
0
0
0
0
0
0
0
0
0
0
0
0
0
0
0
0
0
0
0
0
0
0
0
0
0
0
0
0
0
0
0
0
0
0
0
0
0
0
0
0
0
0
0
0
0
0
0
0
0
0
0
0
0
0
0
0
0
0
0
0
0
0
0
0
0
0
0
0
0
0
0
0
0
0
0
0
0
0
0
0
0
0
0
0
0
0
0
0
0
0
0
0
0
0
0
0
0
0
0
0
0
0
0
0
0
0
0
0
0
0
0
0
0
0
0
0
0
0
0
0
0
0
0
0
0
0
0
0
0
0
0
0
0
0
0
0
0
0
0
0
0
0
0
0
0
0
0
0
0
0
0
0
0
0
0
0
0
0
0
0
0
0
0
0
0
0
0
0
0
0
0
0
0
0
0
0
0
0
0
0
0
0
0
0
0
0
0
0
0
0
0
0
0
0
0
0
0
0
0
0
0
0
0
0
0
0
0
0
0
0
0
0
0
0
0
0
0
0
0
0
0
0
0
0
0
0
0
0
0
0
0
0
0
0
0
0
0
0
0
0
0
0
0
0
0
0
0
0
0
0
0
0
0
0
0
0
0
0
0
0
0
0
0
0
0
0
0
0
0
0
0
0
0
0
0
0
0
0
0
0
0
0
0
0
0
0
0
0
0
0
0
0
0
0
0
0
0
0
0
0
0
0
0
0
0
0
0
0
0
0
0
0
0
0
0
0
0
0
0
0
0
0
0
0
0
0
0
0
0
0
0
0
0
0
0
0
0
0
0
0
0
0
0
0
0
0
0
0
0
0
0
0
0
0
0
0
0
0
0
0
0
0
0
0
0
0
