 0.230469
0.0211416
 0.739773
  2.01977
 0.205813
 0.325861
 0.230469
0.0211416
 0.739773
  2.01977
 0.205813
 0.325861
 0.230469
0.0211416
 0.739773
  2.01946
 0.205863
  0.32583
 0.230469
0.0211416
 0.739773
  2.01946
 0.205863
  0.32583
 0.230381
0.0214055
 0.739166
  2.01804
 0.206712
 0.326007
 0.230381
0.0214055
 0.739166
  2.01804
 0.206712
 0.326007
 0.230207
0.0220155
 0.737734
  2.01637
 0.206615
 0.326923
 0.230207
0.0220155
 0.737734
  2.01637
 0.206615
 0.326923
 0.229897
0.0230097
 0.735463
  2.01451
 0.206774
 0.327894
 0.229897
0.0230097
 0.735463
  2.01451
 0.206774
 0.327894
 0.229427
0.0243978
 0.732359
  2.01245
  0.20693
 0.329061
 0.229427
0.0243978
 0.732359
  2.01245
  0.20693
 0.329061
 0.229427
0.0243978
 0.732359
  2.01245
  0.20693
 0.329061
 0.228842
0.0260767
 0.728618
  2.01035
  0.20726
 0.330108
  0.22804
0.0282734
 0.723751
  2.00783
 0.207919
  0.33113
  0.22804
0.0282734
 0.723751
  2.00783
 0.207919
  0.33113
  0.22709
0.0308185
 0.718088
  2.00536
 0.208665
 0.332037
  0.22709
0.0308185
 0.718088
  2.00536
 0.208665
 0.332037
0.226015
0.033716
0.711547
  2.0028
0.209872
 0.33249
0.226015
0.033716
0.711547
  2.0028
0.209872
 0.33249
 0.224841
0.0369196
 0.704196
  2.00015
 0.211235
 0.332798
 0.224841
0.0369196
 0.704196
  2.00015
 0.211235
 0.332798
 0.223578
0.0404414
 0.695968
  1.99741
  0.21313
 0.332526
 0.223578
0.0404414
 0.695968
  1.99741
  0.21313
 0.332526
 0.222229
0.0442743
  0.68686
   1.9946
 0.215466
 0.331802
 0.222229
0.0442743
  0.68686
   1.9946
 0.215466
 0.331802
 0.220816
0.0483882
 0.676918
  1.99172
 0.218401
 0.330396
 0.220816
0.0483882
 0.676918
  1.99172
 0.218401
 0.330396
 0.219369
0.0527278
 0.666254
   1.9888
 0.221225
 0.329096
 0.219369
0.0527278
 0.666254
   1.9888
 0.221225
 0.329096
 0.217877
0.0573292
 0.654775
  1.98584
 0.224446
 0.327344
 0.217877
0.0573292
 0.654775
  1.98584
 0.224446
 0.327344
 0.216327
0.0622166
 0.642422
  1.98285
 0.228419
  0.32475
 0.216327
0.0622166
 0.642422
  1.98285
 0.228419
  0.32475
 0.216327
0.0622166
 0.642422
  1.98285
 0.228419
  0.32475
 0.214727
0.0673634
 0.629255
  1.97985
 0.232876
 0.321624
 0.213081
0.0727368
  0.61535
  1.97668
 0.237804
 0.318038
 0.213081
0.0727368
  0.61535
  1.97668
 0.237804
 0.318038
 0.211509
0.0780387
  0.60147
  1.97416
 0.243286
 0.313423
 0.211509
0.0780387
  0.60147
  1.97416
 0.243286
 0.313423
 0.210221
0.0878256
 0.588403
  1.98016
  0.26108
 0.317093
 0.210221
0.0878256
 0.588403
  1.98016
  0.26108
 0.317093
 0.208625
0.0883903
 0.573882
  1.96968
 0.254327
 0.301605
 0.208625
0.0883903
 0.573882
  1.96968
 0.254327
 0.301605
0.207266
0.093513
0.560021
 1.96766
0.260492
0.293939
0.207266
0.093513
0.560021
 1.96766
0.260492
0.293939
 0.205922
0.0986134
 0.546273
  1.96658
 0.267732
 0.286859
 0.205922
0.0986134
 0.546273
  1.96658
 0.267732
 0.286859
0.204613
 0.10368
0.532548
 1.96576
0.274908
0.279828
0.204613
 0.10368
0.532548
 1.96576
0.274908
0.279828
0.203331
0.108718
0.518843
 1.96512
 0.28259
0.272068
0.203331
0.108718
0.518843
 1.96512
 0.28259
0.272068
0.203331
0.108718
0.518843
 1.96512
 0.28259
0.272068
0.202071
0.113728
0.505153
 1.96461
0.290103
0.264362
 0.20082
0.118737
0.491407
 1.96418
0.298295
0.255798
 0.20082
0.118737
0.491407
 1.96418
0.298295
0.255798
0.199592
0.123698
0.477743
 1.96394
0.306354
0.247269
0.199592
0.123698
0.477743
 1.96394
0.306354
0.247269
0.198372
0.128662
0.464022
 1.96381
0.314784
0.238249
0.198372
0.128662
0.464022
 1.96381
0.314784
0.238249
0.197166
0.133581
 0.45038
 1.96373
0.322604
0.229864
0.197166
0.133581
 0.45038
 1.96373
0.322604
0.229864
0.195972
0.138484
0.436749
 1.96374
0.330792
0.221017
0.195972
0.138484
0.436749
 1.96374
0.330792
0.221017
0.194785
0.143368
0.423123
 1.96382
0.339047
0.212059
0.194785
0.143368
0.423123
 1.96382
0.339047
0.212059
0.193611
0.148211
0.409573
 1.96393
0.347017
0.203396
0.193611
0.148211
0.409573
 1.96393
0.347017
0.203396
0.192434
0.153061
0.395958
  1.9641
0.355038
0.194656
0.192434
0.153061
0.395958
  1.9641
0.355038
0.194656
0.192434
0.153061
0.395958
  1.9641
0.355038
0.194656
0.191302
 0.15775
0.382747
 1.96449
0.363188
0.185619
0.190255
0.162186
0.370204
 1.96532
0.372106
0.175378
0.190255
0.162186
0.370204
 1.96532
0.372106
0.175378
0.189308
0.166306
0.358538
 1.96646
 0.38047
0.165506
0.189308
0.166306
0.358538
 1.96646
 0.38047
0.165506
0.188451
0.170129
0.347734
 1.96791
0.388796
 0.15545
0.188451
0.170129
0.347734
 1.96791
0.388796
 0.15545
  0.1877
0.173643
0.337728
 1.96944
0.397058
0.145276
  0.1877
0.173643
0.337728
 1.96944
0.397058
0.145276
  0.1877
0.173643
0.337728
 1.96944
0.397058
0.145276
0.187022
0.176877
0.328517
 1.97117
  0.4052
0.135078
0.186392
0.179937
0.319768
 1.97307
 0.41391
0.124099
0.186392
0.179937
0.319768
 1.97307
 0.41391
0.124099
0.185864
0.182583
0.312147
 1.97495
0.421603
0.114162
0.185864
0.182583
0.312147
 1.97495
0.421603
0.114162
0.185864
0.182583
0.312147
 1.97495
0.421603
0.114162
0.185402
0.184948
0.305288
 1.97685
0.429157
0.104283
 0.186191
  0.18836
 0.299757
  1.98117
 0.439007
0.0985846
 0.186191
  0.18836
 0.299757
  1.98117
 0.439007
0.0985846
 0.188243
 0.192775
  0.29564
  1.98749
 0.449724
0.0984311
 0.188243
 0.192775
  0.29564
  1.98749
 0.449724
0.0984311
 0.189967
  0.19644
 0.292104
  1.99263
 0.458794
0.0964173
 0.189967
  0.19644
 0.292104
  1.99263
 0.458794
0.0964173
 0.191394
 0.199408
 0.289147
  1.99662
 0.466531
0.0922863
 0.191394
 0.199408
 0.289147
  1.99662
 0.466531
0.0922863
 0.192534
 0.201688
 0.286799
  1.99962
 0.473098
0.0864506
 0.192534
 0.201688
 0.286799
  1.99962
 0.473098
0.0864506
 0.193384
 0.203267
 0.285107
  2.00174
 0.478482
0.0793644
 0.193384
 0.203267
 0.285107
  2.00174
 0.478482
0.0793644
 0.193958
 0.204168
 0.284072
  2.00314
 0.482896
0.0712805
 0.193958
 0.204168
 0.284072
  2.00314
 0.482896
0.0712805
 0.194258
 0.204399
 0.283701
  2.00393
 0.486448
0.0624337
 0.194258
 0.204399
 0.283701
  2.00393
 0.486448
0.0624337
 0.194513
 0.204415
 0.283515
  2.00461
 0.489455
0.0543803
 0.194513
 0.204415
 0.283515
  2.00461
 0.489455
0.0543803
 0.194802
 0.204371
 0.283348
  2.00532
 0.492098
0.0476238
 0.194802
 0.204371
 0.283348
  2.00532
 0.492098
0.0476238
 0.195126
 0.204269
 0.283199
  2.00608
 0.494441
0.0420105
 0.195126
 0.204269
 0.283199
  2.00608
 0.494441
0.0420105
 0.195484
  0.20411
 0.283066
  2.00685
 0.496551
0.0374149
 0.195484
  0.20411
 0.283066
  2.00685
 0.496551
0.0374149
 0.195878
 0.203894
 0.282949
  2.00756
 0.498496
0.0337487
 0.195878
 0.203894
 0.282949
  2.00756
 0.498496
0.0337487
 0.196309
  0.20362
 0.282848
  2.00816
 0.500326
0.0309176
 0.196309
  0.20362
 0.282848
  2.00816
 0.500326
0.0309176
 0.19677
0.203291
0.282764
 2.00877
0.502007
0.028665
 0.19677
0.203291
0.282764
 2.00877
0.502007
0.028665
 0.197266
 0.202904
 0.282696
  2.00923
 0.503637
0.0270758
 0.197266
 0.202904
 0.282696
  2.00923
 0.503637
0.0270758
 0.197266
 0.202904
 0.282696
  2.00923
 0.503637
0.0270758
 0.197781
 0.202442
 0.282669
   2.0095
 0.505186
0.0259474
  0.19831
 0.201923
 0.282669
  2.00972
 0.506831
0.0250762
  0.19831
 0.201923
 0.282669
  2.00972
 0.506831
0.0250762
 0.198957
 0.201398
 0.282589
  2.00985
 0.508408
0.0252326
 0.198957
 0.201398
 0.282589
  2.00985
 0.508408
0.0252326
 0.199578
 0.200784
 0.282588
  2.00979
 0.509908
0.0254408
 0.199578
 0.200784
 0.282588
  2.00979
 0.509908
0.0254408
 0.200244
 0.200122
 0.282586
  2.00968
 0.511479
0.0262643
 0.200244
 0.200122
 0.282586
  2.00968
 0.511479
0.0262643
 0.200951
 0.199414
 0.282584
  2.00887
 0.513113
0.0272239
 0.200951
 0.199414
 0.282584
  2.00887
 0.513113
0.0272239
 0.201636
 0.198597
 0.282672
  2.00807
 0.514683
0.0283611
 0.201636
 0.198597
 0.282672
  2.00807
 0.514683
0.0283611
 0.202379
 0.197753
 0.282733
   2.0071
 0.516353
0.0299307
 0.202379
 0.197753
 0.282733
   2.0071
 0.516353
0.0299307
  0.20315
 0.196852
 0.282809
  2.00592
 0.518077
0.0317781
  0.20315
 0.196852
 0.282809
  2.00592
 0.518077
0.0317781
 0.204357
 0.195392
 0.282952
  2.00394
 0.520718
0.0348323
 0.204357
 0.195392
 0.282952
  2.00394
 0.520718
0.0348323
 0.204763
 0.194887
 0.283006
  2.00325
 0.521525
0.0358307
 0.204763
 0.194887
 0.283006
  2.00325
 0.521525
0.0358307
 0.205604
 0.193825
 0.283126
  2.00157
 0.523324
0.0381854
 0.205604
 0.193825
 0.283126
  2.00157
 0.523324
0.0381854
 0.206477
 0.192694
 0.283262
  1.99941
 0.525329
0.0410387
 0.206477
 0.192694
 0.283262
  1.99941
 0.525329
0.0410387
0.207373
0.191507
0.283413
   1.997
0.527406
0.044111
0.207373
0.191507
0.283413
   1.997
0.527406
0.044111
 0.208286
 0.190269
 0.283577
  1.99456
 0.529487
0.0471975
 0.208286
 0.190269
 0.283577
  1.99456
 0.529487
0.0471975
  0.20922
 0.188973
 0.283756
  1.99187
  0.53164
0.0504736
  0.20922
 0.188973
 0.283756
  1.99187
  0.53164
0.0504736
 0.210183
  0.18761
 0.283949
  1.98849
 0.534009
0.0543356
 0.210183
  0.18761
 0.283949
  1.98849
 0.534009
0.0543356
 0.210183
  0.18761
 0.283949
  1.98849
 0.534009
0.0543356
 0.211159
 0.186197
 0.284155
  1.98507
 0.536381
0.0581808
 0.211159
 0.186197
 0.284155
  1.98507
 0.536381
0.0581808
 0.212163
 0.184713
 0.284375
  1.98118
 0.538995
0.0624779
 0.213177
 0.183181
 0.284608
  1.97727
 0.541612
0.0667398
 0.213177
 0.183181
 0.284608
  1.97727
 0.541612
0.0667398
   0.2142
 0.181603
 0.284851
  1.97316
 0.544177
0.0710166
   0.2142
 0.181603
 0.284851
  1.97316
 0.544177
0.0710166
 0.215488
 0.180191
 0.285199
  1.96931
 0.547099
0.0764155
 0.215488
 0.180191
 0.285199
  1.96931
 0.547099
0.0764155
 0.218149
 0.179943
 0.286052
  1.96831
 0.551514
0.0869274
 0.218149
 0.179943
 0.286052
  1.96831
 0.551514
0.0869274
 0.220945
 0.179695
 0.286956
  1.96708
 0.556013
0.0975339
 0.220945
 0.179695
 0.286956
  1.96708
 0.556013
0.0975339
0.223813
0.179443
0.287893
  1.9653
0.560466
0.107818
0.223813
0.179443
0.287893
  1.9653
0.560466
0.107818
0.226726
0.179185
0.288848
 1.96284
0.564818
0.117741
0.226726
0.179185
0.288848
 1.96284
0.564818
0.117741
0.229632
0.178923
0.289796
 1.95979
 0.56897
0.127358
0.229632
0.178923
0.289796
 1.95979
 0.56897
0.127358
 0.23253
0.178656
0.290736
 1.95564
0.573012
0.136402
 0.23253
0.178656
0.290736
 1.95564
0.573012
0.136402
 0.23253
0.178656
0.290736
 1.95564
0.573012
0.136402
0.235421
0.178386
0.291669
 1.95111
0.576907
0.145248
0.238346
0.178107
0.292607
 1.94552
0.581059
0.154831
0.238346
0.178107
0.292607
 1.94552
0.581059
0.154831
0.241235
0.177826
0.293528
 1.93988
0.584838
0.163431
0.241235
0.177826
0.293528
 1.93988
0.584838
0.163431
0.244103
0.177544
0.294438
 1.93423
0.588417
0.171461
0.244103
0.177544
0.294438
 1.93423
0.588417
0.171461
0.246963
0.177259
0.295341
 1.92829
0.591934
0.179332
0.246963
0.177259
0.295341
 1.92829
0.591934
0.179332
0.246963
0.177259
0.295341
 1.92829
0.591934
0.179332
 0.24983
0.176968
0.296241
 1.92182
0.595506
0.187386
0.252705
0.176672
0.297138
 1.91497
0.599182
 0.19568
0.252705
0.176672
0.297138
 1.91497
0.599182
 0.19568
0.252705
0.176672
0.297138
 1.91497
0.599182
 0.19568
0.255545
0.176376
0.298019
 1.90844
0.602564
0.203197
0.258406
0.176073
0.298902
 1.90133
0.606136
0.211202
0.258406
0.176073
0.298902
 1.90133
0.606136
0.211202
0.262676
0.175609
0.300209
 1.89049
0.611348
0.222893
0.262676
0.175609
0.300209
 1.89049
0.611348
0.222893
0.264075
0.175465
 0.30064
 1.88717
0.612902
 0.22631
0.264075
0.175465
 0.30064
 1.88717
0.612902
 0.22631
0.266872
0.175163
0.301492
 1.88052
0.616037
0.233166
0.266872
0.175163
0.301492
 1.88052
0.616037
0.233166
0.269678
 0.17485
 0.30234
 1.87351
0.619293
0.240359
0.269678
 0.17485
 0.30234
 1.87351
0.619293
0.240359
0.272492
0.174532
0.303184
 1.86612
0.622655
0.247872
0.272492
0.174532
0.303184
 1.86612
0.622655
0.247872
0.275299
 0.17421
0.304023
 1.85868
0.626008
0.255362
0.275299
 0.17421
0.304023
 1.85868
0.626008
0.255362
0.278087
0.173888
0.304851
 1.85148
0.629246
0.262515
0.278087
0.173888
0.304851
 1.85148
0.629246
0.262515
 0.28087
0.173562
0.305673
 1.84425
0.632475
0.269648
 0.28087
0.173562
0.305673
 1.84425
0.632475
0.269648
 0.28366
0.173231
0.306492
 1.83668
0.635803
0.277076
 0.28366
0.173231
0.306492
 1.83668
0.635803
0.277076
0.286431
  0.1729
0.307302
 1.82937
0.639027
  0.2842
0.286431
  0.1729
0.307302
 1.82937
0.639027
  0.2842
0.289196
0.172565
0.308106
 1.82203
0.642243
 0.29131
0.289196
0.172565
0.308106
 1.82203
0.642243
 0.29131
0.291956
0.172227
0.308904
 1.81465
0.645461
0.298428
0.291956
0.172227
0.308904
 1.81465
0.645461
0.298428
0.294711
0.171887
0.309697
 1.80723
0.648679
0.305556
0.294711
0.171887
0.309697
 1.80723
0.648679
0.305556
0.297474
0.171541
0.310487
 1.79952
0.651998
0.312979
0.297474
0.171541
0.310487
 1.79952
0.651998
0.312979
0.300231
0.171193
0.311271
 1.79206
0.655212
0.320097
0.300231
0.171193
0.311271
 1.79206
0.655212
0.320097
0.302971
0.170844
0.312047
 1.78461
 0.65842
0.327195
0.302971
0.170844
0.312047
 1.78461
 0.65842
0.327195
0.305718
 0.17049
 0.31282
 1.77686
0.661727
0.334589
0.305718
 0.17049
 0.31282
 1.77686
0.661727
0.334589
0.308447
0.170135
0.313585
 1.76937
0.664931
 0.34168
0.308447
0.170135
0.313585
 1.76937
0.664931
 0.34168
0.311197
0.169774
0.314351
 1.76133
 0.66823
0.349038
0.311197
0.169774
0.314351
 1.76133
 0.66823
0.349038
0.313917
0.169414
0.315105
 1.75387
0.671425
0.356099
0.313917
0.169414
0.315105
 1.75387
0.671425
0.356099
0.313917
0.169414
0.315105
 1.75387
0.671425
0.356099
0.316644
0.169049
0.315857
 1.74614
0.674714
0.363437
0.319379
0.168678
0.316604
 1.73782
0.678192
0.371323
0.319379
0.168678
0.316604
 1.73782
0.678192
0.371323
0.321987
0.168312
0.317294
 1.73007
0.681132
0.378101
0.321987
0.168312
0.317294
 1.73007
0.681132
0.378101
0.324498
0.167944
0.317935
 1.72208
0.683851
0.384644
0.324498
0.167944
0.317935
 1.72208
0.683851
0.384644
0.326926
0.167573
0.318528
 1.71361
 0.68648
0.391291
0.326926
0.167573
0.318528
 1.71361
 0.68648
0.391291
0.329258
  0.1672
0.319072
 1.70501
0.688938
0.397754
0.329258
  0.1672
0.319072
 1.70501
0.688938
0.397754
0.331484
0.166828
0.319564
 1.69659
0.691138
0.403754
0.331484
0.166828
0.319564
 1.69659
0.691138
0.403754
0.333615
0.166454
0.320006
 1.68815
0.693187
0.409567
0.333615
0.166454
0.320006
 1.68815
0.693187
0.409567
0.335651
0.166079
0.320399
  1.6797
0.695097
0.415215
0.335651
0.166079
0.320399
  1.6797
0.695097
0.415215
0.337602
  0.1657
0.320744
 1.67108
0.696954
0.420917
0.337602
  0.1657
0.320744
 1.67108
0.696954
0.420917
0.337602
  0.1657
0.320744
 1.67108
0.696954
0.420917
0.339471
0.165322
 0.32105
 1.66283
0.698654
0.426243
0.342087
0.164745
0.321401
 1.64978
0.701027
0.434338
0.342087
0.164745
0.321401
 1.64978
0.701027
0.434338
 0.34289
0.164559
0.321493
 1.64622
 0.70159
0.436414
 0.34289
0.164559
0.321493
 1.64622
 0.70159
0.436414
0.344445
0.164179
0.321639
 1.63862
0.702821
0.440924
0.344445
0.164179
0.321639
 1.63862
0.702821
0.440924
0.345913
0.163793
0.321735
 1.63081
 0.70398
0.445476
0.345913
0.163793
0.321735
 1.63081
 0.70398
0.445476
0.347323
0.163426
0.321735
 1.62323
0.705089
0.450014
0.347323
0.163426
0.321735
 1.62323
0.705089
0.450014
0.348607
0.163039
0.321728
 1.61574
0.706032
0.454228
0.348607
0.163039
0.321728
 1.61574
0.706032
0.454228
0.349766
0.162632
0.321716
 1.60835
0.706807
0.458112
0.349766
0.162632
0.321716
 1.60835
0.706807
0.458112
0.350808
0.162199
0.321699
 1.60095
0.707471
0.461818
0.350808
0.162199
0.321699
 1.60095
0.707471
0.461818
0.351856
0.161832
0.321483
  1.5944
0.708097
0.465794
0.351856
0.161832
0.321483
  1.5944
0.708097
0.465794
0.352765
0.161433
0.321284
 1.58744
0.708529
0.468966
0.352765
0.161433
0.321284
 1.58744
0.708529
0.468966
 0.35358
0.161032
0.321036
 1.58098
0.709153
0.472462
 0.35358
0.161032
0.321036
 1.58098
0.709153
0.472462
0.354298
0.160631
0.320741
 1.57462
0.709318
0.475346
0.354298
0.160631
0.320741
 1.57462
0.709318
0.475346
0.354925
0.160226
0.320395
 1.56873
0.709673
 0.47848
0.354925
0.160226
0.320395
 1.56873
0.709673
 0.47848
0.355463
0.159822
    0.32
 1.56292
0.709799
0.481242
0.355463
0.159822
    0.32
 1.56292
0.709799
0.481242
0.355898
0.159408
0.319553
 1.55724
0.709821
0.483821
0.355898
0.159408
0.319553
 1.55724
0.709821
0.483821
0.356241
0.158999
0.319063
 1.55192
0.709624
0.485991
0.356241
0.158999
0.319063
 1.55192
0.709624
0.485991
0.356492
0.158587
0.318521
 1.54688
0.709472
0.488133
0.356492
0.158587
0.318521
 1.54688
0.709472
0.488133
0.356492
0.158587
0.318521
 1.54688
0.709472
0.488133
 0.35665
0.158172
 0.31793
 1.54202
0.709158
0.490019
 0.35665
0.158172
 0.31793
 1.54202
0.709158
0.490019
0.356715
0.157754
0.317288
  1.5371
0.708697
0.491791
0.356678
0.157347
0.316594
 1.53247
0.708129
0.493348
0.356678
0.157347
0.316594
 1.53247
0.708129
0.493348
0.356623
0.157146
0.316228
 1.53025
0.707717
0.493938
0.356623
0.157146
0.316228
 1.53025
0.707717
0.493938
0.356334
0.156499
 0.31506
 1.52442
 0.70681
0.495709
0.356334
0.156499
 0.31506
 1.52442
 0.70681
0.495709
0.356047
0.156024
0.314227
 1.52059
0.705978
0.496557
0.356047
0.156024
0.314227
 1.52059
0.705978
0.496557
0.355631
0.155633
0.313349
 1.51738
0.705066
0.497148
0.355631
0.155633
0.313349
 1.51738
0.705066
0.497148
0.355201
0.155235
0.312467
 1.51457
0.704305
0.497576
0.355201
0.155235
0.312467
 1.51457
0.704305
0.497576
0.354787
0.154846
0.311607
 1.51218
0.703764
0.497878
0.354787
0.154846
0.311607
 1.51218
0.703764
0.497878
 0.35434
0.154558
 0.31076
 1.51039
0.703409
0.498091
 0.35434
0.154558
 0.31076
 1.51039
0.703409
0.498091
 0.35392
0.154242
0.309931
 1.50873
0.703196
 0.49826
 0.35392
0.154242
0.309931
 1.50873
0.703196
 0.49826
0.353471
0.154036
0.309124
 1.50755
0.703106
0.498382
0.353471
0.154036
0.309124
 1.50755
0.703106
0.498382
0.352817
0.153746
0.307944
 1.50597
0.703136
 0.49855
0.352817
0.153746
0.307944
 1.50597
0.703136
 0.49855
0.352611
0.153644
0.307569
  1.5053
 0.70328
0.498482
0.352611
0.153644
0.307569
  1.5053
 0.70328
0.498482
0.352162
0.153545
0.306808
 1.50475
0.703265
0.498804
0.352162
0.153545
0.306808
 1.50475
0.703265
0.498804
0.351704
0.153486
0.306071
 1.50399
0.703483
0.498926
0.351704
0.153486
0.306071
 1.50399
0.703483
0.498926
0.351248
0.153457
0.305347
 1.50323
0.703696
0.499135
0.351248
0.153457
0.305347
 1.50323
0.703696
0.499135
0.350799
0.153455
0.304643
 1.50255
0.703902
0.499392
0.350799
0.153455
0.304643
 1.50255
0.703902
0.499392
0.350354
0.153486
0.303961
 1.50187
0.704093
0.499726
0.350354
0.153486
0.303961
 1.50187
0.704093
0.499726
0.349906
0.153555
0.303292
 1.50114
0.704257
 0.50018
0.349906
0.153555
0.303292
 1.50114
0.704257
 0.50018
0.349458
0.153658
0.302638
 1.50038
0.704399
0.500717
0.349458
0.153658
0.302638
 1.50038
0.704399
0.500717
0.349014
0.153794
0.302004
 1.49958
0.704518
0.501338
0.349014
0.153794
0.302004
 1.49958
0.704518
0.501338
0.348565
0.153971
0.301386
 1.49868
0.704601
0.502089
0.348565
0.153971
0.301386
 1.49868
0.704601
0.502089
0.348129
0.154169
 0.30079
 1.49786
0.704676
 0.50283
0.348129
0.154169
 0.30079
 1.49786
0.704676
 0.50283
0.347694
0.154402
0.300211
 1.49697
0.704724
0.503655
0.347694
0.154402
0.300211
 1.49697
0.704724
0.503655
0.347249
0.154675
0.299645
 1.49592
0.704721
0.504628
0.347249
0.154675
0.299645
 1.49592
0.704721
0.504628
0.347249
0.154675
0.299645
 1.49592
0.704721
0.504628
 0.34677
0.155059
0.299109
 1.49476
0.704861
0.505541
 0.34633
0.155406
0.298579
 1.49356
0.704825
0.506705
 0.34633
0.155406
0.298579
 1.49356
0.704825
0.506705
 0.34585
0.155865
0.298079
 1.49233
0.704916
0.507727
 0.34585
0.155865
0.298079
 1.49233
0.704916
0.507727
0.345406
0.156294
 0.29759
 1.49097
0.704768
0.509078
0.345406
0.156294
 0.29759
 1.49097
0.704768
0.509078
0.344962
0.156763
0.297119
 1.48952
0.704581
0.510529
0.344962
0.156763
0.297119
 1.48952
0.704581
0.510529
0.344466
0.157363
 0.29668
 1.48801
0.704625
0.511761
0.344466
0.157363
 0.29668
 1.48801
0.704625
0.511761
0.344027
0.157897
0.296247
 1.48647
0.704379
0.513325
0.344027
0.157897
0.296247
 1.48647
0.704379
0.513325
0.343541
0.158554
0.295842
 1.48466
 0.70412
0.514654
0.343541
0.158554
0.295842
 1.48466
 0.70412
0.514654
0.343098
 0.15917
0.295447
 1.48305
0.703965
0.516589
0.343098
 0.15917
0.295447
 1.48305
0.703965
0.516589
0.342611
0.159901
0.295079
 1.48108
0.703674
0.518187
0.342611
0.159901
0.295079
 1.48108
0.703674
0.518187
0.342165
0.160599
 0.29472
 1.47922
0.703384
 0.52026
0.342165
0.160599
 0.29472
 1.47922
0.703384
 0.52026
0.341707
0.161354
0.294381
 1.47702
0.702878
0.522363
0.341707
0.161354
0.294381
 1.47702
0.702878
0.522363
0.341201
0.162229
0.294067
 1.47457
0.702498
0.524513
0.341201
0.162229
0.294067
 1.47457
0.702498
0.524513
 0.34075
0.163047
0.293765
 1.47237
0.702017
0.526756
 0.34075
0.163047
0.293765
 1.47237
0.702017
0.526756
0.340297
0.163906
0.293482
 1.47011
0.701533
0.529115
0.340297
0.163906
0.293482
 1.47011
0.701533
0.529115
0.339786
0.164902
0.293228
 1.46756
0.701202
  0.5315
0.339786
0.164902
0.293228
 1.46756
0.701202
  0.5315
0.339328
0.165846
0.292983
 1.46492
0.700442
0.533826
0.339328
0.165846
0.292983
 1.46492
0.700442
0.533826
0.338855
0.166853
0.292758
 1.46214
0.699751
0.536474
0.338855
0.166853
0.292758
 1.46214
0.699751
0.536474
 0.33839
0.167883
0.292552
 1.45941
0.699066
0.539115
 0.33839
0.167883
0.292552
 1.45941
0.699066
0.539115
 0.33839
0.167883
0.292552
 1.45941
0.699066
0.539115
0.337923
0.168956
0.292365
 1.45658
0.698351
0.541837
0.337923
0.168956
0.292365
 1.45658
0.698351
0.541837
0.337478
0.170128
0.292199
 1.45351
0.697669
0.544936
0.337478
0.170128
0.292199
 1.45351
0.697669
0.544936
0.336985
0.171351
0.292054
 1.45008
0.696873
0.548144
0.336457
0.172599
0.291927
 1.44648
0.695976
0.551311
0.336457
0.172599
0.291927
 1.44648
0.695976
0.551311
0.335917
0.173838
0.291815
 1.44301
0.695003
0.554272
0.335917
0.173838
0.291815
 1.44301
0.695003
0.554272
0.335409
0.175112
0.291769
 1.43971
0.694058
0.557225
0.335409
0.175112
0.291769
 1.43971
0.694058
0.557225
0.334991
0.176399
0.291648
 1.43649
0.693085
0.560671
0.334991
0.176399
0.291648
 1.43649
0.693085
0.560671
0.334461
0.177763
0.291651
 1.43292
 0.69207
0.563771
0.334461
0.177763
0.291651
 1.43292
 0.69207
0.563771
0.333972
 0.17914
0.291643
 1.42895
0.690793
0.567513
0.333972
 0.17914
0.291643
 1.42895
0.690793
0.567513
0.333479
0.180591
0.291637
 1.42491
 0.68957
0.571343
0.333479
0.180591
0.291637
 1.42491
 0.68957
0.571343
 0.33297
0.182117
0.291643
 1.42113
0.688604
0.574793
 0.33297
0.182117
0.291643
 1.42113
0.688604
0.574793
 0.33253
0.183606
0.291636
 1.41736
0.687438
0.578615
 0.33253
0.183606
0.291636
 1.41736
0.687438
0.578615
0.332066
0.185159
0.291628
 1.41321
0.686168
0.582699
0.332066
0.185159
0.291628
 1.41321
0.686168
0.582699
0.331601
0.186713
 0.29162
 1.40909
0.684845
0.586739
0.331601
0.186713
 0.29162
 1.40909
0.684845
0.586739
 0.33114
0.188259
0.291606
 1.40483
0.683429
 0.59088
 0.33114
0.188259
0.291606
 1.40483
0.683429
 0.59088
 0.33062
0.189772
0.291683
 1.40013
 0.68165
0.595106
 0.33062
0.189772
0.291683
 1.40013
 0.68165
0.595106
0.329885
0.192073
0.291722
 1.39304
0.678991
0.601799
0.329885
0.192073
0.291722
 1.39304
0.678991
0.601799
 0.32966
0.192834
0.291714
 1.39104
0.678252
0.603783
 0.32966
0.192834
0.291714
 1.39104
0.678252
0.603783
 0.32966
0.192834
0.291714
 1.39104
0.678252
0.603783
0.329164
0.194342
 0.29176
 1.38654
 0.67648
0.607991
0.328668
 0.19589
0.291784
 1.38127
0.674411
0.613011
0.328668
 0.19589
0.291784
 1.38127
0.674411
0.613011
0.328175
0.197429
0.291808
 1.37613
0.672366
0.617926
0.328175
0.197429
0.291808
 1.37613
0.672366
0.617926
0.327681
0.198968
 0.29183
 1.37101
0.670318
0.622819
0.327681
0.198968
 0.29183
 1.37101
0.670318
0.622819
0.327188
0.200506
0.291852
 1.36589
0.668261
0.627703
0.327188
0.200506
0.291852
 1.36589
0.668261
0.627703
0.326696
0.202036
0.291874
 1.36098
0.666278
0.632398
0.326696
0.202036
0.291874
 1.36098
0.666278
0.632398
0.326243
0.203586
0.291835
 1.35632
0.664485
0.637041
0.326243
0.203586
0.291835
 1.35632
0.664485
0.637041
0.325718
0.205078
0.291916
 1.35147
0.662416
0.641464
0.325718
0.205078
0.291916
 1.35147
0.662416
0.641464
0.325228
0.206598
0.291937
 1.34665
0.660443
0.646059
0.325228
0.206598
0.291937
 1.34665
0.660443
0.646059
0.324739
0.208118
0.291956
  1.3418
0.658457
0.650704
0.324739
0.208118
0.291956
  1.3418
0.658457
0.650704
0.324739
0.208118
0.291956
  1.3418
0.658457
0.650704
0.324246
0.209646
0.291976
 1.33674
0.656371
0.655568
0.323749
0.211188
0.291995
 1.33147
0.654204
0.660634
0.323749
0.211188
0.291995
 1.33147
0.654204
0.660634
0.323256
0.212715
0.292013
 1.32641
0.652113
0.665492
0.323256
0.212715
0.292013
 1.32641
0.652113
0.665492
0.322764
0.214241
0.292032
 1.32136
0.650023
0.670336
0.322764
0.214241
0.292032
 1.32136
0.650023
0.670336
0.322764
0.214241
0.292032
 1.32136
0.650023
0.670336
0.322271
0.215767
 0.29205
 1.31632
0.647932
 0.67518
0.321776
0.217299
0.292068
 1.31109
0.645767
 0.68021
0.321776
0.217299
0.292068
 1.31109
0.645767
 0.68021
0.321283
0.218824
0.292086
 1.30607
0.643676
0.685043
0.321283
0.218824
0.292086
 1.30607
0.643676
0.685043
0.320793
0.220341
0.292104
 1.30124
0.641669
 0.68968
0.320793
0.220341
0.292104
 1.30124
0.641669
 0.68968
0.320793
0.220341
0.292104
 1.30124
0.641669
 0.68968
  0.3203
0.221865
0.292121
 1.29621
0.639569
 0.69452
0.319805
0.223397
0.292139
 1.29097
0.637391
0.699562
0.319805
0.223397
0.292139
 1.29097
0.637391
0.699562
0.319312
 0.22492
0.292156
 1.28594
0.635288
0.704406
0.319312
 0.22492
0.292156
 1.28594
0.635288
0.704406
0.318822
0.226436
0.292174
 1.28111
 0.63327
0.709054
0.318822
0.226436
0.292174
 1.28111
 0.63327
0.709054
0.318332
0.227951
0.292191
 1.27626
0.631243
 0.71372
0.318332
0.227951
0.292191
 1.27626
0.631243
 0.71372
0.317842
0.229467
0.292209
 1.27138
0.629202
0.718417
0.317842
0.229467
0.292209
 1.27138
0.629202
0.718417
0.317352
0.230982
0.292227
 1.26648
0.627147
 0.72314
0.317352
0.230982
0.292227
 1.26648
0.627147
 0.72314
0.316862
0.232497
0.292244
 1.26156
0.625082
0.727886
0.316862
0.232497
0.292244
 1.26156
0.625082
0.727886
0.316862
0.232497
0.292244
 1.26156
0.625082
0.727886
0.316367
0.234028
0.292262
 1.25643
0.622927
0.732834
0.316367
0.234028
0.292262
 1.25643
0.622927
0.732834
0.315872
0.235558
 0.29228
 1.25111
0.620696
0.737976
0.315374
0.237096
0.292299
  1.2458
0.618471
0.743104
0.315374
0.237096
0.292299
  1.2458
0.618471
0.743104
0.315374
0.237096
0.292299
  1.2458
0.618471
0.743104
0.314885
0.238611
0.292317
 1.24093
0.616424
0.747803
0.314388
0.240148
0.292336
 1.23552
0.614147
0.753033
0.314388
0.240148
0.292336
 1.23552
0.614147
0.753033
0.314388
0.240148
0.292336
 1.23552
0.614147
0.753033
0.313893
0.241677
0.292355
 1.23031
0.611944
0.758074
0.313893
0.241677
0.292355
 1.23031
0.611944
0.758074
0.313397
0.243214
0.292374
 1.22493
0.609684
0.763084
0.312903
0.244743
0.292394
 1.21976
0.607513
0.768075
0.312903
0.244743
0.292394
 1.21976
0.607513
0.768075
0.312412
0.246263
0.292414
 1.21485
0.605436
0.772853
0.312412
0.246263
0.292414
 1.21485
0.605436
0.772853
0.311924
0.247776
0.292434
 1.21013
 0.60344
0.777445
0.311924
0.247776
0.292434
 1.21013
 0.60344
0.777445
0.311436
0.249289
0.292455
 1.20538
0.601428
0.782067
0.311436
0.249289
0.292455
 1.20538
0.601428
0.782067
0.310948
0.250803
0.292476
 1.20059
0.599397
0.786728
0.310948
0.250803
0.292476
 1.20059
0.599397
0.786728
0.310458
0.252324
0.292498
 1.19557
0.597267
0.791605
0.310458
0.252324
0.292498
 1.19557
0.597267
0.791605
 0.30997
0.253837
 0.29252
 1.19072
 0.59521
0.796316
 0.30997
0.253837
 0.29252
 1.19072
 0.59521
0.796316
0.309483
0.255351
0.292543
 1.18586
0.593146
0.801039
0.309483
0.255351
0.292543
 1.18586
0.593146
0.801039
0.308996
0.256865
0.292567
 1.18097
0.591071
0.805786
0.308996
0.256865
0.292567
 1.18097
0.591071
0.805786
0.308507
0.258387
 0.29259
 1.17588
0.588901
0.810737
0.308507
0.258387
 0.29259
 1.17588
0.588901
0.810737
0.308018
0.259909
0.292615
 1.17097
0.586812
0.815508
0.308018
0.259909
0.292615
 1.17097
0.586812
0.815508
0.307532
0.261393
0.292625
 1.16602
0.584663
0.820351
0.307532
0.261393
0.292625
 1.16602
0.584663
0.820351
0.307532
0.261393
0.292625
 1.16602
0.584663
0.820351
0.307045
0.262845
0.292616
 1.16084
0.582359
0.825463
0.306553
 0.26427
0.292586
 1.15544
0.579917
0.830834
0.306553
 0.26427
0.292586
 1.15544
0.579917
0.830834
0.306086
0.265654
0.292501
 1.15047
0.577709
0.835851
0.306086
0.265654
0.292501
 1.15047
0.577709
0.835851
0.305609
0.266986
0.292419
 1.14556
0.575455
0.840904
0.305609
0.266986
0.292419
 1.14556
0.575455
0.840904
0.305124
0.268264
 0.29234
 1.14064
0.573109
0.845924
0.305124
0.268264
 0.29234
 1.14064
0.573109
0.845924
0.304627
0.269498
 0.29226
 1.13548
0.570564
0.850934
0.304627
0.269498
 0.29226
 1.13548
0.570564
0.850934
0.304117
0.270683
0.292185
 1.13044
0.568034
0.856023
0.304117
0.270683
0.292185
 1.13044
0.568034
0.856023
0.303652
0.271865
0.292007
 1.12567
0.565812
0.860966
0.303652
0.271865
0.292007
 1.12567
0.565812
0.860966
0.303172
0.272987
0.291842
 1.12095
0.563532
 0.86584
0.303172
0.272987
0.291842
 1.12095
0.563532
 0.86584
0.302691
0.274075
0.291657
 1.11615
0.561198
0.870813
0.302691
0.274075
0.291657
 1.11615
0.561198
0.870813
 0.30221
0.275122
0.291453
 1.11156
0.558954
0.875579
 0.30221
0.275122
0.291453
 1.11156
0.558954
0.875579
0.301729
 0.27613
 0.29123
 1.10691
0.556678
0.880416
0.301729
 0.27613
 0.29123
 1.10691
0.556678
0.880416
0.301252
0.277092
0.290988
 1.10249
0.554499
0.885043
0.301252
0.277092
0.290988
 1.10249
0.554499
0.885043
0.301252
0.277092
0.290988
 1.10249
0.554499
0.885043
0.300776
0.278014
0.290728
 1.09815
0.552355
0.889597
0.300257
0.278867
0.290447
  1.0934
0.549894
0.894513
0.300257
0.278867
0.290447
  1.0934
0.549894
0.894513
0.300257
0.278867
0.290447
  1.0934
0.549894
0.894513
 0.29977
0.279702
0.290147
 1.08912
0.547752
0.899006
0.299304
0.280535
0.289824
 1.08468
0.545616
0.903743
0.299304
0.280535
0.289824
 1.08468
0.545616
0.903743
0.298822
0.281392
 0.28949
 1.08068
0.543811
0.907883
0.298822
0.281392
 0.28949
 1.08068
0.543811
0.907883
0.298383
0.282066
0.289125
 1.07693
0.541856
0.912089
0.298383
0.282066
0.289125
 1.07693
0.541856
0.912089
0.297895
0.282762
0.288751
 1.07311
0.539944
0.916122
0.297895
0.282762
0.288751
 1.07311
0.539944
0.916122
 0.29743
0.283399
0.288355
  1.0695
0.538112
0.920039
 0.29743
0.283399
0.288355
  1.0695
0.538112
0.920039
 0.29697
0.283994
0.287937
 1.06587
0.536271
0.924001
 0.29697
0.283994
0.287937
 1.06587
0.536271
0.924001
 0.29652
0.284542
0.287495
 1.06235
0.534468
0.927921
 0.29652
0.284542
0.287495
 1.06235
0.534468
0.927921
0.296016
0.285092
0.287052
 1.05896
0.532776
0.931427
0.296016
0.285092
0.287052
 1.05896
0.532776
0.931427
0.296016
0.285092
0.287052
 1.05896
0.532776
0.931427
 0.29559
0.285542
0.286569
 1.05564
0.531054
0.935232
 0.29507
0.286027
0.286086
 1.05217
0.529319
0.938806
 0.29507
0.286027
0.286086
 1.05217
0.529319
0.938806
0.294601
0.286432
0.285578
  1.0491
0.527748
0.942156
0.294601
0.286432
0.285578
  1.0491
0.527748
0.942156
0.294131
0.286799
0.285049
 1.04606
0.526189
0.945498
0.294131
0.286799
0.285049
 1.04606
0.526189
0.945498
0.293664
0.287124
0.284504
 1.04319
0.524705
0.948677
0.293664
0.287124
0.284504
 1.04319
0.524705
0.948677
0.293197
0.287419
0.283944
 1.04042
0.523278
0.951744
0.293197
0.287419
0.283944
 1.04042
0.523278
0.951744
 0.29273
0.287665
0.283361
 1.03772
 0.52187
0.954754
 0.29273
0.287665
0.283361
 1.03772
 0.52187
0.954754
0.292265
0.287871
0.282759
 1.03511
0.520501
0.957682
0.292265
0.287871
0.282759
 1.03511
0.520501
0.957682
  0.2918
0.288037
0.282138
 1.03259
0.519171
0.960521
  0.2918
0.288037
0.282138
 1.03259
0.519171
0.960521
0.291333
0.288165
0.281495
 1.03009
0.517856
0.963329
0.291333
0.288165
0.281495
 1.03009
0.517856
0.963329
0.290869
0.288253
0.280837
 1.02776
0.516609
0.965984
0.290869
0.288253
0.280837
 1.02776
0.516609
0.965984
0.290405
0.288301
0.280159
 1.02552
0.515406
0.968542
0.290405
0.288301
0.280159
 1.02552
0.515406
0.968542
 0.28994
0.288309
 0.27946
 1.02333
0.514223
0.971055
 0.28994
0.288309
 0.27946
 1.02333
0.514223
0.971055
0.289477
0.288288
 0.27875
  1.0213
0.513119
0.973399
0.289477
0.288288
 0.27875
  1.0213
0.513119
0.973399
0.289477
0.288288
 0.27875
  1.0213
0.513119
0.973399
0.289015
0.288218
0.278017
 1.01935
0.512041
0.975672
0.288549
0.288107
0.277257
 1.01734
0.510922
0.978023
0.288549
0.288107
0.277257
 1.01734
0.510922
0.978023
0.288086
0.287957
0.276483
 1.01559
 0.50993
0.980095
0.288086
0.287957
0.276483
 1.01559
 0.50993
0.980095
0.287651
0.287743
0.275679
 1.01392
0.508957
0.982223
0.287651
0.287743
0.275679
 1.01392
0.508957
0.982223
0.287162
0.287538
0.274878
 1.01235
0.508061
0.983973
0.287162
0.287538
0.274878
 1.01235
0.508061
0.983973
0.286751
0.287233
0.274041
 1.01094
0.507191
0.985909
0.286751
0.287233
0.274041
 1.01094
0.507191
0.985909
0.286751
0.287233
0.274041
 1.01094
0.507191
0.985909
0.286244
0.286964
0.273207
 1.00955
0.506379
0.987398
0.285812
0.286591
0.272328
 1.00821
 0.50553
0.989193
0.285812
0.286591
0.272328
 1.00821
 0.50553
0.989193
0.285342
0.286212
0.271453
 1.00696
0.504797
0.990553
0.285342
0.286212
0.271453
 1.00696
0.504797
0.990553
0.284889
0.285784
0.270551
 1.00594
0.504101
0.991959
0.284889
0.285784
0.270551
 1.00594
0.504101
0.991959
0.284465
0.285291
0.269629
 1.00493
0.503443
0.993283
0.284465
0.285291
0.269629
 1.00493
0.503443
0.993283
0.283931
0.284823
0.268677
 1.00376
0.502926
0.994042
0.283931
0.284823
0.268677
 1.00376
0.502926
0.994042
 0.28332
0.284343
0.267672
 1.00236
 0.50252
0.994331
 0.28332
0.284343
0.267672
 1.00236
 0.50252
0.994331
0.282618
0.283869
0.266628
 1.00072
0.502213
 0.99414
0.282618
0.283869
0.266628
 1.00072
0.502213
 0.99414
0.282618
0.283869
0.266628
 1.00072
0.502213
 0.99414
0.281826
0.283397
0.265541
0.998822
0.501931
0.993497
0.280925
0.282924
0.264393
0.996514
0.501574
0.992352
0.280925
0.282924
0.264393
0.996514
0.501574
0.992352
0.279943
0.282448
0.263206
0.994032
0.501131
0.990818
0.279943
0.282448
0.263206
0.994032
0.501131
0.990818
0.278823
0.282034
0.261988
0.991518
 0.50065
0.988829
0.278823
0.282034
0.261988
0.991518
 0.50065
0.988829
0.278823
0.282034
0.261988
0.991518
 0.50065
0.988829
0.277674
0.281554
0.260719
0.988674
0.500125
0.986879
0.276424
0.281068
0.259394
0.985234
0.499357
0.984219
0.276424
0.281068
0.259394
0.985234
0.499357
0.984219
0.275068
0.280623
0.258044
0.981998
0.498559
0.981492
0.275068
0.280623
0.258044
0.981998
0.498559
0.981492
 0.27369
0.280112
0.256651
0.978299
0.497601
0.978487
 0.27369
0.280112
0.256651
0.978299
0.497601
0.978487
0.272122
 0.27969
0.255207
0.974604
 0.49636
0.975099
0.272122
 0.27969
0.255207
0.974604
 0.49636
0.975099
0.272122
 0.27969
0.255207
0.974604
 0.49636
0.975099
 0.27051
0.279223
0.253719
 0.97062
 0.49478
0.971488
0.268817
0.278728
0.252172
0.965876
0.493073
0.967286
0.268817
0.278728
0.252172
0.965876
0.493073
0.967286
0.267001
0.278286
0.250596
  0.9614
0.491311
0.963111
0.267001
0.278286
0.250596
  0.9614
0.491311
0.963111
0.265129
0.277822
0.248985
0.956761
0.489479
0.958835
0.265129
0.277822
0.248985
0.956761
0.489479
0.958835
0.263167
0.277359
 0.24733
0.951938
 0.48737
0.954332
0.263167
0.277359
 0.24733
0.951938
 0.48737
0.954332
0.261115
0.276897
0.245632
0.946897
0.485008
 0.94958
0.261115
0.276897
0.245632
0.946897
0.485008
 0.94958
0.258974
0.276434
 0.24389
0.941632
0.482405
 0.94458
0.258974
0.276434
 0.24389
0.941632
0.482405
 0.94458
0.256731
 0.27597
0.242095
0.935977
 0.47939
0.939168
0.256731
 0.27597
0.242095
0.935977
 0.47939
0.939168
0.254399
0.275506
0.240256
0.930111
0.476133
0.933523
0.254399
0.275506
0.240256
0.930111
0.476133
0.933523
0.251989
0.275044
0.238383
0.924231
0.472833
0.927844
0.251989
0.275044
0.238383
0.924231
0.472833
0.927844
0.249478
 0.27458
0.236457
0.917958
0.469098
0.921751
0.249478
 0.27458
0.236457
0.917958
0.469098
0.921751
0.246876
0.274116
0.234487
0.911485
0.465116
0.915435
0.246876
0.274116
0.234487
0.911485
0.465116
0.915435
0.244185
0.273652
0.232473
0.904821
0.460894
0.908907
0.244185
0.273652
0.232473
0.904821
0.460894
0.908907
0.239981
0.272954
0.229369
0.894451
0.454124
0.898702
0.239981
0.272954
0.229369
0.894451
0.454124
0.898702
0.238563
0.272735
0.228337
 0.89138
0.452119
 0.89568
0.238563
0.272735
0.228337
 0.89138
0.452119
 0.89568
0.235618
0.272279
0.226204
0.884352
0.447313
 0.88873
0.235618
0.272279
0.226204
0.884352
0.447313
 0.88873
0.232568
0.271815
0.224015
0.876842
0.442031
 0.88127
0.232568
0.271815
0.224015
0.876842
0.442031
 0.88127
0.229445
0.271352
0.221793
 0.86939
0.436745
0.873845
0.229445
0.271352
0.221793
 0.86939
0.436745
0.873845
0.226201
0.270885
0.219505
0.861245
0.430677
0.865697
0.226201
0.270885
0.219505
0.861245
0.430677
0.865697
0.226201
0.270885
0.219505
0.861245
0.430677
0.865697
0.222884
 0.27042
0.217185
 0.85319
0.424622
0.857614
0.219445
0.269949
0.214797
0.844392
0.417881
0.848777
0.219445
0.269949
0.214797
0.844392
0.417881
0.848777
 0.21591
0.269347
0.212693
0.836552
0.410877
0.840915
 0.21591
0.269347
0.212693
0.836552
0.410877
0.840915
0.212014
0.268219
0.211628
0.829104
0.400679
0.833683
0.212014
0.268219
0.211628
0.829104
0.400679
0.833683
0.212014
0.268219
0.211628
0.829104
0.400679
0.833683
0.208686
0.267839
0.211456
0.821956
0.391657
0.826474
0.206668
0.269331
0.211544
0.814035
0.387312
0.817706
0.206668
0.269331
0.211544
0.814035
0.387312
0.817706
0.204651
0.270795
0.211636
0.806928
0.383605
0.809781
0.204651
0.270795
0.211636
0.806928
0.383605
0.809781
0.202605
0.272262
0.211721
0.799534
0.379053
0.801668
0.202605
0.272262
0.211721
0.799534
0.379053
0.801668
0.199493
0.274469
0.211828
0.788112
0.370998
0.789298
0.199493
0.274469
0.211828
0.788112
0.370998
0.789298
0.198466
0.275192
0.211855
0.784938
0.368651
  0.7859
0.198466
0.275192
0.211855
0.784938
0.368651
  0.7859
0.196373
0.276653
0.211901
0.777732
0.362963
0.778223
0.196373
0.276653
0.211901
0.777732
0.362963
0.778223
0.194264
0.278113
0.211934
0.770482
0.356982
0.770512
0.194264
0.278113
0.211934
0.770482
0.356982
0.770512
0.192126
0.279581
0.211952
0.762907
0.350432
0.762502
0.192126
0.279581
0.211952
0.762907
0.350432
0.762502
0.190005
0.281024
0.211955
 0.75519
0.343655
0.754509
0.190005
0.281024
0.211955
 0.75519
0.343655
0.754509
0.187805
 0.28251
 0.21194
0.748029
0.336985
0.746842
0.187805
 0.28251
 0.21194
0.748029
0.336985
0.746842
0.185634
0.283966
0.211908
0.740645
0.330168
0.739181
0.185634
0.283966
0.211908
0.740645
0.330168
0.739181
0.183418
 0.28544
0.211857
 0.73335
0.323181
0.731504
0.183418
 0.28544
0.211857
 0.73335
0.323181
0.731504
0.181182
0.286918
0.211785
 0.72571
0.315784
0.723516
0.181182
0.286918
0.211785
 0.72571
0.315784
0.723516
0.178934
0.288393
0.211692
0.718028
0.308297
0.715532
0.178934
0.288393
0.211692
0.718028
0.308297
0.715532
 0.17668
0.289863
0.211579
0.710646
0.301027
0.707868
 0.17668
0.289863
0.211579
0.710646
0.301027
0.707868
0.174407
0.291334
0.211443
0.703252
0.293691
0.700203
0.174407
0.291334
0.211443
0.703252
0.293691
0.700203
0.172117
0.292809
0.211283
0.695824
0.286278
0.692512
0.172117
0.292809
0.211283
0.695824
0.286278
0.692512
0.169809
0.294286
0.211098
0.688362
0.278799
0.684796
0.169809
0.294286
0.211098
0.688362
0.278799
0.684796
0.167473
0.295775
0.210882
0.680585
0.270992
0.676761
0.167473
0.295775
0.210882
0.680585
0.270992
0.676761
 0.16513
0.297259
0.210643
0.673091
0.263426
0.669022
 0.16513
0.297259
0.210643
0.673091
0.263426
0.669022
 0.16513
0.297259
0.210643
0.673091
0.263426
0.669022
 0.16277
0.298746
0.210376
0.665591
0.255836
0.661286
0.160373
0.300257
0.210066
0.657487
0.247657
0.652963
0.160373
0.300257
0.210066
0.657487
0.247657
0.652963
 0.15797
0.301762
0.209731
 0.64969
0.239762
0.644926
 0.15797
0.301762
0.209731
 0.64969
0.239762
0.644926
0.155559
 0.30326
0.209372
0.646541
0.234529
0.636936
0.155559
 0.30326
0.209372
0.646541
0.234529
0.636936
0.155559
 0.30326
0.209372
0.646541
0.234529
0.636936
0.153115
0.304784
 0.20896
 0.63383
0.223834
0.628947
0.150646
0.306328
0.208496
0.624803
 0.21503
0.620401
0.150646
0.306328
0.208496
0.624803
 0.21503
0.620401
0.148175
0.307843
0.208035
  0.6175
0.207498
0.612781
0.148175
0.307843
0.208035
  0.6175
0.207498
0.612781
0.145699
0.309354
0.207541
0.610258
0.199995
0.605188
0.145699
0.309354
0.207541
0.610258
0.199995
0.605188
0.143199
0.310882
0.206999
0.602654
0.192175
0.597242
0.143199
0.310882
0.206999
0.602654
0.192175
0.597242
0.140683
0.312414
0.206417
   0.595
0.184315
0.589269
0.140683
0.312414
0.206417
   0.595
0.184315
0.589269
0.138159
0.313937
0.205808
 0.58766
0.176704
0.581652
0.138159
0.313937
0.205808
 0.58766
0.176704
0.581652
0.135689
0.315434
0.205162
0.580293
0.168819
0.574046
0.135689
0.315434
0.205162
0.580293
0.168819
0.574046
0.133274
0.316895
0.204492
0.573221
0.160969
0.566788
0.133274
0.316895
0.204492
0.573221
0.160969
0.566788
0.130904
0.318326
  0.2038
0.566441
0.153201
0.559871
0.130904
0.318326
  0.2038
0.566441
0.153201
0.559871
0.128612
0.319702
0.203104
0.560216
 0.14576
0.553557
0.128612
0.319702
0.203104
0.560216
 0.14576
0.553557
0.126371
0.321053
0.202379
0.554028
0.138287
0.547467
0.126371
0.321053
0.202379
0.554028
0.138287
0.547467
0.124184
0.322379
0.201624
 0.54777
0.130627
0.541038
0.124184
0.322379
0.201624
 0.54777
0.130627
0.541038
0.122063
0.323655
0.200872
0.542043
0.123371
0.535233
0.122063
0.323655
0.200872
0.542043
0.123371
0.535233
0.119986
0.324903
0.200109
0.536563
0.116395
0.529913
0.119986
0.324903
0.200109
0.536563
0.116395
0.529913
0.117984
0.326096
0.199356
0.531588
0.109759
0.525067
0.117984
0.326096
0.199356
0.531588
0.109759
0.525067
0.116049
0.327258
0.198587
0.526625
0.103126
0.520243
0.116049
0.327258
0.198587
0.526625
0.103126
0.520243
0.116049
0.327258
0.198587
0.526625
0.103126
0.520243
 0.114174
 0.328391
 0.197802
 0.521681
0.0965298
 0.515457
 0.112357
 0.329498
 0.196999
 0.516794
0.0898892
 0.510787
 0.112357
 0.329498
 0.196999
 0.516794
0.0898892
 0.510787
 0.110615
 0.330542
 0.196235
 0.512564
0.0839342
 0.506792
 0.110615
 0.330542
 0.196235
 0.512564
0.0839342
 0.506792
 0.108942
 0.331537
 0.195492
 0.508756
0.0783681
 0.503264
 0.108942
 0.331537
 0.195492
 0.508756
0.0783681
 0.503264
 0.106551
 0.332969
 0.194371
 0.503171
0.0701795
 0.498137
 0.106551
 0.332969
 0.194371
 0.503171
0.0701795
 0.498137
 0.105791
 0.333411
 0.194028
 0.501667
0.0678904
 0.496811
 0.105791
 0.333411
 0.194028
 0.501667
0.0678904
 0.496811
 0.104312
 0.334299
 0.193302
 0.498251
0.0628765
 0.493743
 0.104312
 0.334299
 0.193302
 0.498251
0.0628765
 0.493743
 0.104312
 0.334299
 0.193302
 0.498251
0.0628765
 0.493743
0.102906
0.335139
0.192598
0.495201
0.058118
0.491077
 0.101552
 0.335968
 0.191871
 0.491985
0.0531733
 0.488285
 0.101552
 0.335968
 0.191871
 0.491985
0.0531733
 0.488285
  0.10028
 0.336737
 0.191192
 0.489244
0.0487785
 0.485968
  0.10028
 0.336737
 0.191192
 0.489244
0.0487785
 0.485968
0.0990747
  0.33747
 0.190525
  0.48663
 0.044552
 0.483795
0.0990747
  0.33747
 0.190525
  0.48663
 0.044552
 0.483795
0.0979415
 0.338158
 0.189891
 0.484354
0.0406496
 0.481993
0.0979415
 0.338158
 0.189891
 0.484354
0.0406496
 0.481993
0.0968787
 0.338805
 0.189282
  0.48231
0.0369901
 0.480447
0.0968787
 0.338805
 0.189282
  0.48231
0.0369901
 0.480447
0.0968787
 0.338805
 0.189282
  0.48231
0.0369901
 0.480447
0.0958891
 0.339407
 0.188706
 0.480567
0.0336279
  0.47923
0.0949659
 0.339983
 0.188136
 0.478893
0.0302749
  0.47813
0.0949659
 0.339983
 0.188136
 0.478893
0.0302749
  0.47813
0.0941192
 0.340506
 0.187614
 0.477564
0.0273691
 0.477359
0.0941192
 0.340506
 0.187614
 0.477564
0.0273691
 0.477359
0.0933426
 0.340993
 0.187117
  0.47639
0.0246549
 0.476753
0.0933426
 0.340993
 0.187117
  0.47639
0.0246549
 0.476753
0.0926369
 0.341444
 0.186646
 0.475382
0.0221331
 0.476326
0.0926369
 0.341444
 0.186646
 0.475382
0.0221331
 0.476326
0.0920078
 0.341848
 0.186216
 0.474697
0.0199139
 0.476243
0.0920078
 0.341848
 0.186216
 0.474697
0.0199139
 0.476243
0.0914495
 0.342214
 0.185819
 0.474225
0.0179211
 0.476388
0.0914495
 0.342214
 0.185819
 0.474225
0.0179211
 0.476388
0.0909649
 0.342543
 0.185451
 0.473921
0.0161178
 0.476709
0.0909649
 0.342543
 0.185451
 0.473921
0.0161178
 0.476709
0.0905572
 0.342828
 0.185123
 0.473888
0.0145751
 0.477311
0.0905572
 0.342828
 0.185123
 0.473888
0.0145751
 0.477311
0.0902226
 0.343074
 0.184831
  0.47407
0.0132597
 0.478141
0.0902226
 0.343074
 0.184831
  0.47407
0.0132597
 0.478141
0.0898206
 0.343376
 0.184465
 0.472539
0.0128561
 0.478238
0.0898206
 0.343376
 0.184465
 0.472539
0.0128561
 0.478238
0.0897127
 0.343458
 0.184364
 0.471502
0.0132037
 0.477848
0.0897127
 0.343458
 0.184364
 0.471502
0.0132037
 0.477848
0.0895317
 0.343602
 0.184185
 0.468258
0.0146077
 0.476307
0.0895317
 0.343602
 0.184185
 0.468258
0.0146077
 0.476307
0.0894009
 0.343715
 0.184036
 0.463864
0.0168271
 0.473931
0.0894009
 0.343715
 0.184036
 0.463864
0.0168271
 0.473931
0.0893216
 0.343799
 0.183918
 0.458318
0.0198307
 0.470635
0.0893216
 0.343799
 0.183918
 0.458318
0.0198307
 0.470635
0.0892945
 0.343853
  0.18383
 0.451445
0.0236586
 0.466209
0.0892945
 0.343853
  0.18383
 0.451445
0.0236586
 0.466209
0.0893204
 0.343879
  0.18377
 0.443418
0.0281823
 0.460783
0.0893204
 0.343879
  0.18377
 0.443418
0.0281823
 0.460783
0.0893994
 0.343876
 0.183737
 0.434569
0.0332007
 0.454651
0.0893994
 0.343876
 0.183737
 0.434569
0.0332007
 0.454651
0.0895392
 0.343839
 0.183737
 0.424603
0.0387908
 0.447473
0.0895392
 0.343839
 0.183737
 0.424603
0.0387908
 0.447473
0.0896514
  0.34381
 0.183737
 0.413367
0.0449949
  0.43884
0.0896514
  0.34381
 0.183737
 0.413367
0.0449949
  0.43884
0.0896514
  0.34381
 0.183737
 0.413367
0.0449949
  0.43884
0.0899313
 0.343693
 0.183819
 0.401166
0.0516896
 0.429745
0.0902261
 0.343553
 0.183937
 0.387135
0.0592021
 0.419032
0.0902261
 0.343553
 0.183937
 0.387135
0.0592021
 0.419032
0.0905434
 0.343394
 0.184078
 0.373139
0.0666774
 0.407998
0.0905434
 0.343394
 0.184078
 0.373139
0.0666774
 0.407998
0.0905434
 0.343394
 0.184078
 0.373139
0.0666774
 0.407998
0.0909883
 0.343171
 0.184274
 0.357428
0.0747495
 0.395497
0.0913869
 0.342923
 0.184537
 0.340255
0.0834194
 0.381525
0.0913869
 0.342923
 0.184537
 0.340255
0.0834194
 0.381525
0.0918796
 0.342634
 0.184829
 0.323201
0.0918852
 0.367485
0.0918796
 0.342634
 0.184829
 0.323201
0.0918852
 0.367485
0.0924117
 0.342304
 0.185176
 0.305372
 0.100547
 0.352571
0.0924117
 0.342304
 0.185176
 0.305372
 0.100547
 0.352571
0.0929419
 0.341947
  0.18557
 0.287053
 0.109197
 0.336769
0.0929419
 0.341947
  0.18557
 0.287053
 0.109197
 0.336769
0.0934753
 0.341584
 0.185971
 0.269601
 0.117302
  0.32137
0.0934753
 0.341584
 0.185971
 0.269601
 0.117302
  0.32137
0.0940128
 0.341204
 0.186397
 0.252379
  0.12518
 0.305845
0.0940128
 0.341204
 0.186397
 0.252379
  0.12518
 0.305845
0.0945424
 0.340797
 0.186872
 0.234767
 0.133116
 0.289653
0.0945424
 0.340797
 0.186872
 0.234767
 0.133116
 0.289653
0.0950763
 0.340387
 0.187348
 0.217943
 0.140653
 0.273941
0.0950763
 0.340387
 0.187348
 0.217943
 0.140653
 0.273941
0.0956072
 0.339951
  0.18787
 0.200702
  0.14832
 0.257626
0.0956072
 0.339951
  0.18787
 0.200702
  0.14832
 0.257626
0.0961449
 0.339514
 0.188385
   0.1842
  0.15567
   0.2418
0.0961449
 0.339514
 0.188385
   0.1842
  0.15567
   0.2418
0.0969533
 0.338824
 0.189211
 0.158755
 0.166829
 0.217126
0.0969533
 0.338824
 0.189211
 0.158755
 0.166829
 0.217126
0.0972415
 0.338612
 0.189442
 0.151586
 0.170485
 0.209968
0.0972415
 0.338612
 0.189442
 0.151586
 0.170485
 0.209968
0.0978058
 0.338167
 0.189945
 0.136001
 0.177879
 0.194452
0.0978058
 0.338167
 0.189945
 0.136001
 0.177879
 0.194452
0.0983779
 0.337712
 0.190459
 0.119691
 0.185275
 0.178182
0.0983779
 0.337712
 0.190459
 0.119691
 0.185275
 0.178182
0.0989636
 0.337251
 0.190971
 0.102761
 0.192916
 0.161201
0.0989636
 0.337251
 0.190971
 0.102761
 0.192916
 0.161201
0.0995753
 0.336815
 0.191422
0.0864665
  0.20042
 0.144652
0.0995753
 0.336815
 0.191422
0.0864665
  0.20042
 0.144652
 0.100218
 0.336397
 0.191821
0.0701804
 0.208036
 0.127957
 0.100218
 0.336397
 0.191821
0.0701804
 0.208036
 0.127957
 0.100218
 0.336397
 0.191821
0.0701804
 0.208036
 0.127957
 0.100887
 0.335994
 0.192177
0.0532941
 0.215982
 0.110529
 0.101594
 0.335608
 0.192479
0.0351083
  0.22448
0.0916154
 0.101594
 0.335608
 0.192479
0.0351083
  0.22448
0.0916154
 0.101594
 0.335608
 0.192479
0.0351083
  0.22448
0.0916154
 0.102323
 0.335287
 0.192653
0.0188353
 0.232355
0.0743593
  0.103045
  0.335028
  0.192717
0.00336362
  0.240123
 0.0574161
  0.103045
  0.335028
  0.192717
0.00336362
  0.240123
 0.0574161
  0.103751
  0.334831
  0.192681
-0.0100357
  0.247217
 0.0423988
  0.103751
  0.334831
  0.192681
-0.0100357
  0.247217
 0.0423988
  0.104436
  0.334687
  0.192561
-0.0215964
  0.253662
  0.029105
  0.104436
  0.334687
  0.192561
-0.0215964
  0.253662
  0.029105
  0.105092
  0.334582
  0.192387
-0.0323975
  0.259866
 0.0165159
  0.105092
  0.334582
  0.192387
-0.0323975
  0.259866
 0.0165159
  0.105713
   0.33451
  0.192172
-0.0419804
  0.265567
 0.0051701
  0.105713
   0.33451
  0.192172
-0.0419804
  0.265567
 0.0051701
  0.105713
   0.33451
  0.192172
-0.0419804
  0.265567
 0.0051701
   0.106297
   0.334466
   0.191927
 -0.0507153
    0.27092
-0.00531634
  0.106837
  0.334443
  0.191665
-0.0581469
  0.275748
-0.0145052
  0.106837
  0.334443
  0.191665
-0.0581469
  0.275748
-0.0145052
  0.107322
   0.33444
    0.1914
-0.0640055
  0.279809
-0.0218863
  0.107322
   0.33444
    0.1914
-0.0640055
  0.279809
-0.0218863
  0.107322
   0.33444
    0.1914
-0.0640055
  0.279809
-0.0218863
  0.107748
  0.334452
  0.191139
 -0.068388
  0.283206
-0.0277304
  0.108121
   0.33448
   0.19088
-0.0719999
  0.286356
-0.0328834
  0.108121
   0.33448
   0.19088
-0.0719999
  0.286356
-0.0328834
  0.108429
  0.334522
  0.190632
-0.0741986
  0.288772
-0.0364652
  0.108429
  0.334522
  0.190632
-0.0741986
  0.288772
-0.0364652
  0.108674
  0.334578
  0.190393
-0.0753177
  0.290697
-0.0389542
  0.108674
  0.334578
  0.190393
-0.0753177
  0.290697
-0.0389542
  0.108674
  0.334578
  0.190393
-0.0753177
  0.290697
-0.0389542
  0.108856
  0.334649
  0.190164
-0.0753867
  0.292152
-0.0404022
  0.108856
  0.334649
  0.190164
-0.0753867
  0.292152
-0.0404022
  0.108974
  0.334736
  0.189945
 -0.074506
  0.293273
-0.0410306
  0.109023
  0.334837
  0.189738
-0.0724364
  0.293838
-0.0405069
  0.109023
  0.334837
  0.189738
-0.0724364
  0.293838
-0.0405069
  0.109005
  0.334956
  0.189537
-0.0694631
  0.293841
-0.0390047
  0.109005
  0.334956
  0.189537
-0.0694631
  0.293841
-0.0390047
  0.108983
  0.335076
  0.189337
-0.0663997
  0.293743
-0.0372545
  0.108983
  0.335076
  0.189337
-0.0663997
  0.293743
-0.0372545
   0.10898
  0.335192
  0.189135
-0.0636374
  0.293727
-0.0355993
   0.10898
  0.335192
  0.189135
-0.0636374
  0.293727
-0.0355993
  0.108993
  0.335302
  0.188932
-0.0610779
   0.29381
-0.0339646
  0.108993
  0.335302
  0.188932
-0.0610779
   0.29381
-0.0339646
  0.109025
  0.335406
  0.188728
 -0.058731
  0.293972
-0.0324026
  0.109025
  0.335406
  0.188728
 -0.058731
  0.293972
-0.0324026
  0.109075
  0.335504
  0.188526
-0.0564938
  0.294229
-0.0308084
  0.109075
  0.335504
  0.188526
-0.0564938
  0.294229
-0.0308084
  0.109141
  0.335595
  0.188326
-0.0543334
  0.294574
-0.0291803
  0.109141
  0.335595
  0.188326
-0.0543334
  0.294574
-0.0291803
  0.109225
  0.335679
  0.188127
-0.0522219
     0.295
-0.0275025
  0.109225
  0.335679
  0.188127
-0.0522219
     0.295
-0.0275025
  0.109328
  0.335755
  0.187931
-0.0501647
  0.295489
-0.0258104
  0.109328
  0.335755
  0.187931
-0.0501647
  0.295489
-0.0258104
  0.109448
  0.335824
  0.187738
-0.0480932
  0.296059
-0.0240374
  0.109448
  0.335824
  0.187738
-0.0480932
  0.296059
-0.0240374
  0.109448
  0.335824
  0.187738
-0.0480932
  0.296059
-0.0240374
  0.109584
  0.335884
  0.187551
-0.0459419
  0.296731
-0.0221109
  0.109737
  0.335933
  0.187374
-0.0435694
  0.297519
-0.0199285
  0.109737
  0.335933
  0.187374
-0.0435694
  0.297519
-0.0199285
  0.109908
  0.335976
  0.187196
 -0.041306
  0.298348
-0.0178068
  0.109908
  0.335976
  0.187196
 -0.041306
  0.298348
-0.0178068
  0.110099
  0.336012
  0.187019
-0.0390402
   0.29922
-0.0156641
  0.110099
  0.336012
  0.187019
-0.0390402
   0.29922
-0.0156641
  0.110306
  0.336038
  0.186851
-0.0366091
  0.300205
-0.0133195
  0.110306
  0.336038
  0.186851
-0.0366091
  0.300205
-0.0133195
  0.110306
  0.336038
  0.186851
-0.0366091
  0.300205
-0.0133195
  0.110531
  0.336054
  0.186689
-0.0340754
  0.301268
-0.0108422
   0.110772
   0.336058
   0.186539
 -0.0312265
    0.30247
-0.00801726
   0.110772
   0.336058
   0.186539
 -0.0312265
    0.30247
-0.00801726
   0.111034
   0.336058
   0.186383
 -0.0285611
   0.303641
-0.00538851
   0.111034
   0.336058
   0.186383
 -0.0285611
   0.303641
-0.00538851
   0.111313
   0.336047
   0.186237
 -0.0257032
   0.304931
-0.00257433
   0.111313
   0.336047
   0.186237
 -0.0257032
   0.304931
-0.00257433
   0.111611
   0.336028
   0.186093
 -0.0227923
   0.306253
0.000325357
   0.111611
   0.336028
   0.186093
 -0.0227923
   0.306253
0.000325357
  0.111927
  0.335999
  0.185955
-0.0197576
  0.307652
0.00335078
  0.111927
  0.335999
  0.185955
-0.0197576
  0.307652
0.00335078
   0.11226
  0.335958
  0.185828
-0.0164688
  0.309181
0.00663933
   0.11226
  0.335958
  0.185828
-0.0164688
  0.309181
0.00663933
  0.112609
  0.335912
  0.185701
-0.0131997
  0.310721
0.00991746
  0.112609
  0.335912
  0.185701
-0.0131997
  0.310721
0.00991746
    0.11298
   0.335853
   0.185582
-0.00974224
   0.312352
  0.0133733
    0.11298
   0.335853
   0.185582
-0.00974224
   0.312352
  0.0133733
   0.113369
   0.335783
   0.185471
-0.00612516
   0.314061
   0.016995
   0.113369
   0.335783
   0.185471
-0.00612516
   0.314061
   0.016995
   0.113775
     0.3357
   0.185372
-0.00222003
   0.315909
  0.0209076
   0.113775
     0.3357
   0.185372
-0.00222003
   0.315909
  0.0209076
 0.114201
 0.335607
 0.185279
 0.001846
 0.317831
0.0249677
 0.114201
 0.335607
 0.185279
 0.001846
 0.317831
0.0249677
  0.114644
    0.3355
  0.185199
0.00614874
  0.319895
  0.029305
  0.114644
    0.3355
  0.185199
0.00614874
  0.319895
  0.029305
  0.114644
    0.3355
  0.185199
0.00614874
  0.319895
  0.029305
 0.115108
 0.335386
 0.185119
0.0104499
 0.321956
0.0336168
 0.115592
 0.335256
 0.185051
0.0150645
 0.324135
0.0382451
 0.115592
 0.335256
 0.185051
0.0150645
 0.324135
0.0382451
 0.116093
 0.335123
 0.184978
0.0194787
 0.326255
0.0426351
 0.116093
 0.335123
 0.184978
0.0194787
 0.326255
0.0426351
 0.116614
 0.334979
 0.184912
0.0240438
 0.328447
0.0471637
 0.116614
 0.334979
 0.184912
0.0240438
 0.328447
0.0471637
 0.117153
 0.334823
 0.184854
0.0287654
 0.330717
0.0518589
 0.117153
 0.334823
 0.184854
0.0287654
 0.330717
0.0518589
 0.117711
 0.334655
 0.184805
0.0336694
 0.333063
0.0567251
 0.117711
 0.334655
 0.184805
0.0336694
 0.333063
0.0567251
 0.118287
 0.334474
 0.184763
0.0387389
 0.335485
0.0617572
 0.118287
 0.334474
 0.184763
0.0387389
 0.335485
0.0617572
 0.118881
 0.334278
 0.184738
0.0441549
 0.338069
 0.067147
 0.118881
 0.334278
 0.184738
0.0441549
 0.338069
 0.067147
 0.119549
 0.334039
 0.184738
0.0494937
 0.340751
0.0726206
 0.119549
 0.334039
 0.184738
0.0494937
 0.340751
0.0726206
 0.120125
 0.333847
 0.184712
0.0554645
 0.343437
 0.078377
 0.120125
 0.333847
 0.184712
0.0554645
 0.343437
 0.078377
 0.120759
 0.333618
 0.184711
0.0615565
 0.346273
0.0843685
 0.120759
 0.333618
 0.184711
0.0615565
 0.346273
0.0843685
 0.120759
 0.333618
 0.184711
0.0615565
 0.346273
0.0843685
 0.121414
 0.333381
 0.184712
0.0675577
 0.349078
0.0902661
 0.122131
 0.333093
 0.184757
0.0741169
  0.35221
0.0968862
 0.122131
 0.333093
 0.184757
0.0741169
  0.35221
0.0968862
 0.122808
 0.332844
 0.184757
0.0801708
 0.354988
 0.102744
 0.122808
 0.332844
 0.184757
0.0801708
 0.354988
 0.102744
0.123564
0.332544
0.184794
0.086307
 0.35796
0.108881
0.123564
0.332544
0.184794
0.086307
 0.35796
0.108881
 0.124308
 0.332248
 0.184828
0.0926592
 0.360941
 0.115126
 0.124308
 0.332248
 0.184828
0.0926592
 0.360941
 0.115126
 0.124308
 0.332248
 0.184828
0.0926592
 0.360941
 0.115126
 0.125068
 0.331933
 0.184881
0.0994364
 0.364098
 0.121799
0.125846
0.331592
0.184964
0.106914
0.367514
0.129187
0.125846
0.331592
0.184964
0.106914
0.367514
0.129187
0.126643
0.331253
0.185027
0.113745
0.370669
0.135878
0.126643
0.331253
0.185027
0.113745
0.370669
0.135878
0.127458
  0.3309
0.185099
0.120705
0.373885
0.142681
0.127458
  0.3309
0.185099
0.120705
0.373885
0.142681
 0.12829
0.330531
0.185184
0.127861
0.377171
0.149673
 0.12829
0.330531
0.185184
0.127861
0.377171
0.149673
0.129137
0.330141
 0.18529
0.135468
0.380649
0.157132
0.129137
0.330141
 0.18529
0.135468
0.380649
0.157132
0.130002
0.329736
0.185408
0.143253
0.384188
0.164757
0.130002
0.329736
0.185408
0.143253
0.384188
0.164757
0.130875
0.329327
 0.18552
0.150756
0.387637
0.172091
0.130875
0.329327
 0.18552
0.150756
0.387637
0.172091
0.131753
0.328912
0.185635
0.158356
0.391167
0.179327
0.131753
0.328912
0.185635
0.158356
0.391167
0.179327
0.132638
0.328489
0.185753
0.165545
0.394613
0.186678
0.132638
0.328489
0.185753
0.165545
0.394613
0.186678
0.133521
0.328055
0.185887
  0.1731
0.398252
0.194253
0.133521
0.328055
0.185887
  0.1731
0.398252
0.194253
0.134408
0.327609
0.186035
0.181173
0.402112
0.201984
0.134408
0.327609
0.186035
0.181173
0.402112
0.201984
  0.1353
0.327164
0.186173
0.188742
0.405799
0.209416
  0.1353
0.327164
0.186173
0.188742
0.405799
0.209416
0.136196
0.326718
0.186302
0.195967
0.409364
0.216504
0.136196
0.326718
0.186302
0.195967
0.409364
0.216504
0.136196
0.326718
0.186302
0.195967
0.409364
0.216504
0.137097
0.326266
0.186434
0.203178
0.412944
0.223579
0.137999
0.325788
0.186602
0.211223
0.416872
0.231527
0.137999
0.325788
0.186602
0.211223
0.416872
0.231527
0.138909
0.325322
0.186741
0.218404
0.420458
0.238577
0.138909
0.325322
0.186741
0.218404
0.420458
0.238577
0.139819
0.324852
 0.18688
0.225541
 0.42405
 0.24557
0.139819
0.324852
 0.18688
0.225541
 0.42405
 0.24557
0.140732
0.324375
0.187023
  0.2327
 0.42766
0.252589
0.140732
0.324375
0.187023
  0.2327
 0.42766
0.252589
0.141647
0.323885
0.187182
0.240151
  0.4314
0.259916
0.141647
0.323885
0.187182
0.240151
  0.4314
0.259916
0.142564
0.323389
0.187343
0.247607
0.435145
0.267246
0.142564
0.323389
0.187343
0.247607
0.435145
0.267246
0.143484
0.322887
0.187506
0.255047
0.438887
0.274553
0.143484
0.322887
0.187506
0.255047
0.438887
0.274553
0.144411
0.322383
0.187661
0.262206
0.442504
0.281564
0.144411
0.322383
0.187661
0.262206
0.442504
0.281564
0.145336
0.321869
0.187829
0.269636
0.446251
 0.28885
0.145336
0.321869
0.187829
0.269636
0.446251
 0.28885
0.146264
0.321349
   0.188
0.277076
0.449999
0.296144
0.146264
0.321349
   0.188
0.277076
0.449999
0.296144
0.147195
0.320828
0.188162
0.284239
0.453628
0.303143
0.147195
0.320828
0.188162
0.284239
0.453628
0.303143
0.148129
0.320302
0.188327
0.291409
0.457263
0.310146
0.148129
0.320302
0.188327
0.291409
0.457263
0.310146
0.149063
0.319763
0.188505
0.298873
0.461023
0.317453
0.149063
0.319763
0.188505
0.298873
0.461023
0.317453
0.150001
0.319223
0.188675
 0.30608
0.464669
0.324488
0.150001
0.319223
0.188675
 0.30608
0.464669
0.324488
0.150001
0.319223
0.188675
 0.30608
0.464669
0.324488
 0.15094
0.318678
0.188848
0.313293
0.468318
0.331523
0.151882
0.318113
0.189045
0.321082
0.472188
0.339144
0.151882
0.318113
0.189045
0.321082
0.472188
0.339144
0.152825
 0.31755
0.189232
0.328567
0.475953
0.346456
0.152825
 0.31755
0.189232
0.328567
0.475953
0.346456
0.153774
0.316986
0.189409
0.335752
0.479587
 0.35345
0.153774
0.316986
0.189409
0.335752
0.479587
 0.35345
 0.15472
0.316411
0.189599
0.343207
0.483345
0.360718
 0.15472
0.316411
0.189599
0.343207
0.483345
0.360718
 0.15472
0.316411
0.189599
0.343207
0.483345
0.360718
0.155668
0.315831
 0.18979
0.350673
0.487104
0.367994
0.156618
0.315231
0.190006
0.358702
0.491077
0.375836
0.156618
0.315231
0.190006
0.358702
0.491077
0.375836
 0.15757
0.314641
0.190197
0.366111
0.494812
0.383039
 0.15757
0.314641
0.190197
0.366111
0.494812
0.383039
 0.15757
0.314641
0.190197
0.366111
0.494812
0.383039
0.158526
0.314051
0.190378
0.373211
0.498417
0.389916
0.159482
0.313435
0.190594
0.381138
0.502355
0.397631
0.159482
0.313435
0.190594
0.381138
0.502355
0.397631
 0.16044
0.312834
0.190777
0.388247
0.505957
0.404512
 0.16044
0.312834
0.190777
0.388247
0.505957
0.404512
  0.1614
0.312227
0.190962
0.395339
0.509555
0.411371
  0.1614
0.312227
0.190962
0.395339
0.509555
0.411371
  0.1614
0.312227
0.190962
0.395339
0.509555
0.411371
0.162361
0.311614
0.191148
0.402477
0.513167
0.418277
0.163323
0.310981
0.191359
0.410202
0.517002
0.425773
0.163323
0.310981
0.191359
0.410202
0.517002
0.425773
0.164284
0.310351
 0.19156
0.417645
0.520737
 0.43299
0.164284
0.310351
 0.19156
0.417645
0.520737
 0.43299
0.165248
0.309721
 0.19175
0.424804
 0.52435
0.439909
0.165248
0.309721
 0.19175
0.424804
 0.52435
0.439909
0.166213
0.309086
0.191941
 0.43198
0.527967
0.446843
0.166213
0.309086
0.191941
 0.43198
0.527967
0.446843
0.167176
0.308439
0.192145
0.439455
0.531711
0.454081
0.167176
0.308439
0.192145
0.439455
0.531711
0.454081
0.168142
0.307792
0.192339
0.446685
0.535341
0.461066
0.168142
0.307792
0.192339
0.446685
0.535341
0.461066
0.169112
0.307138
0.192535
0.453928
0.538968
0.468061
0.169112
0.307138
0.192535
0.453928
0.538968
0.468061
0.170076
0.306469
0.192751
 0.46172
 0.54284
0.475614
0.170076
0.306469
0.192751
 0.46172
 0.54284
0.475614
0.170076
0.306469
0.192751
 0.46172
 0.54284
0.475614
0.171044
0.305806
0.192948
0.468982
0.546475
 0.48262
0.172013
0.305124
0.193165
0.476784
0.550318
0.490158
0.172013
0.305124
0.193165
0.476784
0.550318
0.490158
 0.17298
 0.30444
0.193381
0.484544
0.554173
0.497664
 0.17298
 0.30444
0.193381
0.484544
0.554173
0.497664
0.173948
0.303751
0.193596
0.492258
0.558009
0.505116
0.173948
0.303751
0.193596
0.492258
0.558009
0.505116
0.174919
0.303064
0.193799
0.499673
0.561712
0.512259
0.174919
0.303064
0.193799
0.499673
0.561712
0.512259
0.175888
0.302366
0.194011
0.507331
0.565522
0.519644
0.175888
0.302366
0.194011
0.507331
0.565522
0.519644
0.176861
0.301674
0.194204
0.514459
0.569092
0.526489
0.176861
0.301674
0.194204
0.514459
0.569092
0.526489
0.177829
0.300983
0.194391
  0.5214
0.572692
0.533183
0.177829
0.300983
0.194391
  0.5214
0.572692
0.533183
0.178784
  0.3003
0.194572
0.528123
0.576351
0.539709
0.178784
  0.3003
0.194572
0.528123
0.576351
0.539709
0.179728
0.299622
0.194747
0.534637
 0.58005
0.546072
0.179728
0.299622
0.194747
0.534637
 0.58005
0.546072
0.180663
 0.29895
0.194915
0.540951
0.583772
0.552274
0.180663
 0.29895
0.194915
0.540951
0.583772
0.552274
0.181585
 0.29828
0.195085
0.547308
 0.58761
0.558558
0.181585
 0.29828
0.195085
0.547308
 0.58761
0.558558
0.182499
 0.29762
0.195239
0.553226
0.591333
 0.56443
0.182499
 0.29762
0.195239
0.553226
0.591333
 0.56443
0.183403
0.296967
0.195386
0.558945
0.595039
0.570131
0.183403
0.296967
0.195386
0.558945
0.595039
0.570131
0.184296
0.296321
0.195527
0.564489
0.598727
0.575684
0.184296
0.296321
0.195527
0.564489
0.598727
0.575684
0.185177
0.295674
0.195675
0.570288
0.602584
0.581521
0.185177
0.295674
0.195675
0.570288
0.602584
0.581521
0.185177
0.295674
0.195675
0.570288
0.602584
0.581521
0.186051
0.295035
 0.19581
0.575736
0.606283
0.587011
0.186915
0.294395
 0.19595
 0.58131
0.610175
0.592672
0.186915
0.294395
 0.19595
 0.58131
0.610175
0.592672
0.187767
0.293771
0.196073
0.586448
0.613859
0.597905
0.187767
0.293771
0.196073
0.586448
0.613859
0.597905
 0.18861
0.293163
0.196173
0.590969
0.617288
0.602535
 0.18861
0.293163
0.196173
0.590969
0.617288
0.602535
0.189443
0.292563
0.196267
0.595219
0.620723
0.606956
0.189443
0.292563
0.196267
0.595219
0.620723
0.606956
0.190264
0.291966
0.196361
 0.59972
0.624083
 0.61156
0.190264
0.291966
0.196361
 0.59972
0.624083
 0.61156
0.191075
0.291381
0.196442
0.603689
0.627422
0.615735
0.191075
0.291381
0.196442
0.603689
0.627422
0.615735
0.191878
0.290801
0.196519
0.607772
 0.63058
0.619943
0.191878
0.290801
0.196519
0.607772
 0.63058
0.619943
0.192669
0.290231
0.196588
0.611517
0.633771
0.623899
0.192669
0.290231
0.196588
0.611517
0.633771
0.623899
0.193447
0.289667
0.196656
0.615317
 0.63697
 0.62791
0.193447
0.289667
0.196656
0.615317
 0.63697
 0.62791
0.194215
0.289114
0.196712
0.618829
0.640016
0.631636
0.194215
0.289114
0.196712
0.618829
0.640016
0.631636
0.194971
0.288567
0.196767
0.622358
0.643055
0.635385
0.194971
0.288567
0.196767
0.622358
0.643055
0.635385
0.195717
 0.28803
0.196814
0.625501
0.646165
0.638851
0.195717
 0.28803
0.196814
0.625501
0.646165
0.638851
0.196453
0.287503
 0.19685
0.628596
 0.64898
0.642179
0.196453
0.287503
 0.19685
0.628596
 0.64898
0.642179
 0.19718
0.286981
0.196886
0.631495
0.651927
0.645405
 0.19718
0.286981
0.196886
0.631495
0.651927
0.645405
0.197895
0.286473
0.196909
0.634305
0.654596
0.648466
0.197895
0.286473
0.196909
0.634305
0.654596
0.648466
0.198598
0.285972
0.196929
 0.63678
0.657443
0.651324
0.198598
0.285972
0.196929
 0.63678
0.657443
0.651324
0.199256
0.285514
0.196929
0.639387
0.660023
0.654071
0.199256
0.285514
0.196929
0.639387
0.660023
0.654071
0.199931
0.285042
0.196929
 0.64139
0.662686
0.656471
0.199931
0.285042
0.196929
 0.64139
0.662686
0.656471
0.200654
0.284518
 0.19695
 0.64375
0.665124
0.659348
0.200654
0.284518
 0.19695
 0.64375
0.665124
0.659348
0.201331
 0.28404
 0.19695
0.645582
0.667698
0.661688
0.201331
 0.28404
 0.19695
0.645582
0.667698
0.661688
0.201955
0.283613
0.196926
0.647553
0.669988
0.663862
0.201955
0.283613
0.196926
0.647553
0.669988
0.663862
0.202594
0.283172
0.196905
0.649026
0.672421
0.665787
0.202594
0.283172
0.196905
0.649026
0.672421
0.665787
0.203223
 0.28274
0.196877
0.650676
 0.67457
0.667785
0.203223
 0.28274
0.196877
0.650676
 0.67457
0.667785
0.203841
0.282319
0.196843
0.651842
0.676841
0.669431
0.203841
0.282319
0.196843
0.651842
0.676841
0.669431
0.204449
0.281906
0.196804
0.653231
0.678887
0.671198
0.204449
0.281906
0.196804
0.653231
0.678887
0.671198
0.205046
0.281506
0.196755
0.654089
0.680996
0.672553
0.205046
0.281506
0.196755
0.654089
0.680996
0.672553
0.205633
0.281117
0.196699
0.655034
0.682869
0.673912
0.205633
0.281117
0.196699
0.655034
0.682869
0.673912
 0.20621
0.280738
0.196636
0.655601
0.684804
0.674986
 0.20621
0.280738
0.196636
0.655601
0.684804
0.674986
0.206776
 0.28037
0.196566
0.656197
0.686548
0.676031
0.206776
 0.28037
0.196566
0.656197
0.686548
0.676031
0.207332
0.280015
0.196487
0.656563
0.688205
0.676864
0.207332
0.280015
0.196487
0.656563
0.688205
0.676864
0.207878
0.279669
0.196403
 0.65681
0.689824
0.677597
0.207878
0.279669
0.196403
 0.65681
0.689824
0.677597
0.208413
0.279335
0.196311
0.656675
0.691512
0.678041
0.208413
0.279335
0.196311
0.656675
0.691512
0.678041
0.208938
0.279012
0.196212
0.656569
0.693008
0.678457
0.208938
0.279012
0.196212
0.656569
0.693008
0.678457
0.209454
0.278701
0.196105
0.656248
0.694427
0.678678
0.209454
0.278701
0.196105
0.656248
0.694427
0.678678
0.209959
0.278401
0.195991
0.655785
  0.6958
0.678775
0.209959
0.278401
0.195991
0.655785
  0.6958
0.678775
0.210454
0.278112
 0.19587
 0.65514
 0.69711
0.678708
0.210454
0.278112
 0.19587
 0.65514
 0.69711
0.678708
0.210939
0.277836
0.195741
0.654627
0.698147
0.678674
0.210939
0.277836
0.195741
0.654627
0.698147
0.678674
0.211416
0.277568
0.195605
0.653645
0.699342
0.678306
0.211416
0.277568
0.195605
0.653645
0.699342
0.678306
0.211882
0.277315
 0.19546
0.652797
0.700249
0.677968
0.211882
0.277315
 0.19546
0.652797
0.700249
0.677968
0.212338
0.277074
0.195306
0.651413
0.701315
 0.67724
0.212338
0.277074
0.195306
0.651413
0.701315
 0.67724
 0.21279
0.276837
 0.19515
0.650481
0.702015
0.676781
 0.21279
0.276837
 0.19515
0.650481
0.702015
0.676781
 0.21324
0.276601
0.194993
 0.64949
0.702695
0.676271
 0.21324
0.276601
0.194993
 0.64949
0.702695
0.676271
0.213688
0.276367
0.194836
0.648605
0.703269
0.675817
0.213688
0.276367
0.194836
0.648605
0.703269
0.675817
0.214134
0.276133
0.194677
0.647821
0.703744
 0.67542
0.214134
0.276133
0.194677
0.647821
0.703744
 0.67542
0.214134
0.276133
0.194677
0.647821
0.703744
 0.67542
0.214579
  0.2759
0.194518
0.647126
0.704137
0.675072
0.215025
0.275667
0.194357
0.646449
0.704488
0.674735
0.215025
0.275667
0.194357
0.646449
0.704488
0.674735
0.215466
0.275437
0.194194
0.645888
0.704755
0.674461
0.215466
0.275437
0.194194
0.645888
0.704755
0.674461
0.215905
0.275208
0.194031
0.645384
0.704974
0.674217
0.215905
0.275208
0.194031
0.645384
0.704974
0.674217
0.216342
 0.27498
0.193866
0.644918
0.705155
0.673994
0.216342
 0.27498
0.193866
0.644918
0.705155
0.673994
0.216779
0.274754
0.193699
0.644488
0.705303
0.673789
0.216779
0.274754
0.193699
0.644488
0.705303
0.673789
0.216779
0.274754
0.193699
0.644488
0.705303
0.673789
0.217214
0.274529
 0.19353
0.644085
0.705426
  0.6736
0.217651
0.274303
0.193359
0.643672
0.705532
0.673406
0.217651
0.274303
0.193359
0.643672
0.705532
0.673406
0.218084
0.274081
0.193187
0.643313
0.705615
 0.67324
0.218084
0.274081
0.193187
0.643313
0.705615
 0.67324
0.218516
 0.27386
0.193013
0.642972
0.705683
0.673082
0.218516
 0.27386
0.193013
0.642972
0.705683
0.673082
0.218946
 0.27364
0.192836
0.642644
0.705738
0.672931
0.218946
 0.27364
0.192836
0.642644
0.705738
0.672931
0.219376
0.273422
0.192657
0.642325
0.705784
0.672785
0.219376
0.273422
0.192657
0.642325
0.705784
0.672785
0.219804
0.273205
0.192477
0.642016
0.705821
0.672644
0.219804
0.273205
0.192477
0.642016
0.705821
0.672644
0.220232
0.272989
0.192294
0.641713
0.705851
0.672506
0.220232
0.272989
0.192294
0.641713
0.705851
0.672506
0.220232
0.272989
0.192294
0.641713
0.705851
0.672506
 0.22066
0.272774
0.192109
0.641414
0.705876
 0.67237
0.221089
0.272558
0.191921
0.641093
0.705892
0.672223
0.221089
0.272558
0.191921
0.641093
0.705892
0.672223
0.221515
0.272346
0.191732
0.640802
0.705908
 0.67209
0.221515
0.272346
0.191732
0.640802
0.705908
 0.67209
 0.22194
0.272135
 0.19154
0.640516
0.705921
 0.67196
 0.22194
0.272135
 0.19154
0.640516
0.705921
 0.67196
0.222365
0.271925
0.191345
 0.64023
0.705931
 0.67183
0.222365
0.271925
0.191345
 0.64023
0.705931
 0.67183
0.222789
0.271716
0.191148
0.639944
0.705939
0.671699
0.222789
0.271716
0.191148
0.639944
0.705939
0.671699
0.223213
0.271509
0.190949
0.639658
0.705945
0.671568
0.223213
0.271509
0.190949
0.639658
0.705945
0.671568
0.223636
0.271302
0.190747
0.639373
0.705949
0.671438
0.223636
0.271302
0.190747
0.639373
0.705949
0.671438
0.224059
0.271096
0.190543
0.639087
0.705952
0.671306
0.224059
0.271096
0.190543
0.639087
0.705952
0.671306
0.224481
0.270892
0.190337
  0.6388
0.705954
0.671174
0.224481
0.270892
0.190337
  0.6388
0.705954
0.671174
0.224903
0.270689
0.190127
 0.63851
0.705955
0.671041
0.224903
0.270689
0.190127
 0.63851
0.705955
0.671041
0.225326
0.270486
0.189915
0.638221
0.705955
0.670908
0.225326
0.270486
0.189915
0.638221
0.705955
0.670908
0.225747
0.270285
0.189701
0.637933
0.705953
0.670774
0.225747
0.270285
0.189701
0.637933
0.705953
0.670774
0.226169
0.270084
0.189484
0.637643
0.705952
 0.67064
0.226169
0.270084
0.189484
0.637643
0.705952
 0.67064
0.226591
0.269885
0.189264
0.637351
0.705949
0.670504
0.226591
0.269885
0.189264
0.637351
0.705949
0.670504
0.227013
0.269686
0.189042
0.637058
0.705947
0.670368
0.227013
0.269686
0.189042
0.637058
0.705947
0.670368
0.227434
0.269489
0.188817
0.636763
0.705944
 0.67023
0.227434
0.269489
0.188817
0.636763
0.705944
 0.67023
0.227856
0.269292
0.188589
0.636465
0.705941
 0.67009
0.227856
0.269292
0.188589
0.636465
0.705941
 0.67009
0.228278
0.269096
0.188358
0.636165
0.705937
 0.66995
0.228278
0.269096
0.188358
0.636165
0.705937
 0.66995
  0.2287
0.268901
0.188125
0.635865
0.705934
0.669809
  0.2287
0.268901
0.188125
0.635865
0.705934
0.669809
0.229122
0.268706
0.187889
0.635564
 0.70593
0.669667
0.229122
0.268706
0.187889
0.635564
 0.70593
0.669667
0.229545
0.268513
 0.18765
0.635261
0.705925
0.669523
0.229545
0.268513
 0.18765
0.635261
0.705925
0.669523
0.229968
 0.26832
0.187408
0.634954
0.705921
0.669378
0.229968
 0.26832
0.187408
0.634954
0.705921
0.669378
0.230391
0.268128
0.187163
0.634645
0.705917
0.669232
0.230391
0.268128
0.187163
0.634645
0.705917
0.669232
0.230814
0.267936
0.186915
0.634335
0.705912
0.669084
0.230814
0.267936
0.186915
0.634335
0.705912
0.669084
0.231238
0.267746
0.186664
0.634024
0.705907
0.668936
0.231238
0.267746
0.186664
0.634024
0.705907
0.668936
0.231663
0.267555
 0.18641
0.633712
0.705902
0.668787
0.231663
0.267555
 0.18641
0.633712
0.705902
0.668787
0.231663
0.267555
 0.18641
0.633712
0.705902
0.668787
0.232088
0.267366
0.186153
0.633398
0.705897
0.668637
0.232517
0.267174
0.185893
0.633056
0.705884
0.668471
0.232517
0.267174
0.185893
0.633056
0.705884
0.668471
0.232943
0.266986
 0.18563
0.632739
 0.70588
0.668319
0.232943
0.266986
 0.18563
0.632739
 0.70588
0.668319
 0.23337
0.266798
0.185364
0.632422
0.705875
0.668165
 0.23337
0.266798
0.185364
0.632422
0.705875
0.668165
0.233797
0.266611
0.185095
0.632103
0.705871
0.668011
0.233797
0.266611
0.185095
0.632103
0.705871
0.668011
0.234226
0.266424
0.184822
0.631782
0.705866
0.667856
0.234226
0.266424
0.184822
0.631782
0.705866
0.667856
0.234655
0.266237
0.184546
0.631458
0.705862
0.667699
0.234655
0.266237
0.184546
0.631458
0.705862
0.667699
0.235085
0.266051
0.184267
0.631132
0.705857
 0.66754
0.235085
0.266051
0.184267
0.631132
0.705857
 0.66754
0.235731
0.265772
0.183843
0.628094
0.706627
0.664938
0.235731
0.265772
0.183843
0.628094
0.706627
0.664938
0.235731
0.265772
0.183843
0.628094
0.706627
0.664938
0.235945
0.265679
0.183704
0.630661
0.705771
0.667392
0.236373
 0.26549
0.183426
0.630693
0.705614
0.667569
0.236373
 0.26549
0.183426
0.630693
0.705614
0.667569
0.236808
0.265306
0.183132
0.630306
0.705635
0.667355
0.236808
0.265306
0.183132
0.630306
0.705635
0.667355
0.237244
0.265122
0.182834
0.629895
0.705668
0.667119
0.237244
0.265122
0.182834
0.629895
0.705668
0.667119
0.237681
0.264938
0.182533
0.629493
0.705696
0.666891
0.237681
0.264938
0.182533
0.629493
0.705696
0.666891
0.238119
0.264754
0.182229
0.629098
0.705717
0.666671
0.238119
0.264754
0.182229
0.629098
0.705717
0.666671
0.238558
 0.26457
0.181921
0.628708
0.705734
0.666456
0.238558
 0.26457
0.181921
0.628708
0.705734
0.666456
0.238998
0.264387
 0.18161
0.628326
0.705746
0.666249
0.238998
0.264387
 0.18161
0.628326
0.705746
0.666249
 0.23944
0.264203
0.181295
 0.62795
0.705755
0.666047
 0.23944
0.264203
0.181295
 0.62795
0.705755
0.666047
0.239882
0.264019
0.180977
0.627574
 0.70576
0.665847
0.239882
0.264019
0.180977
0.627574
 0.70576
0.665847
0.240327
0.263835
0.180656
0.628318
0.705097
0.666374
0.240327
0.263835
0.180656
0.628318
0.705097
0.666374
0.240773
0.263652
0.180329
0.626751
0.705822
0.665403
0.240773
0.263652
0.180329
0.626751
0.705822
0.665403
0.241221
0.263468
0.179998
0.626306
0.705873
0.665161
0.241221
0.263468
0.179998
0.626306
0.705873
0.665161
0.241669
0.263284
0.179666
0.625954
 0.70586
 0.66498
0.241669
0.263284
0.179666
0.625954
 0.70586
 0.66498
0.242119
  0.2631
 0.17933
0.625608
0.705843
0.664803
0.242119
  0.2631
 0.17933
0.625608
0.705843
0.664803
0.242571
0.262915
 0.17899
0.625259
0.705827
0.664625
0.242571
0.262915
 0.17899
0.625259
0.705827
0.664625
0.243024
0.262731
0.178646
0.624906
0.705813
0.664444
0.243024
0.262731
0.178646
0.624906
0.705813
0.664444
0.243479
0.262546
0.178298
0.624551
0.705801
0.664262
0.243479
0.262546
0.178298
0.624551
0.705801
0.664262
0.243935
 0.26236
0.177947
0.624195
 0.70579
0.664079
0.243935
 0.26236
0.177947
0.624195
 0.70579
0.664079
0.244394
0.262175
0.177591
0.623835
0.705781
0.663894
0.244394
0.262175
0.177591
0.623835
0.705781
0.663894
0.244854
0.261989
0.177231
0.623472
0.705773
0.663707
0.244854
0.261989
0.177231
0.623472
0.705773
0.663707
0.245316
0.261802
0.176867
0.623106
0.705766
0.663518
0.245316
0.261802
0.176867
0.623106
0.705766
0.663518
0.245781
0.261615
0.176499
0.622739
 0.70576
0.663328
0.245781
0.261615
0.176499
0.622739
 0.70576
0.663328
0.246247
0.261428
0.176127
0.622372
0.705754
0.663137
0.246247
0.261428
0.176127
0.622372
0.705754
0.663137
0.246715
 0.26124
 0.17575
0.622002
0.705749
0.662945
0.246715
 0.26124
 0.17575
0.622002
0.705749
0.662945
0.247185
0.261051
0.175369
0.621628
0.705745
 0.66275
0.247185
0.261051
0.175369
0.621628
0.705745
 0.66275
0.247657
0.260862
0.174984
0.621254
0.705741
0.662554
0.247657
0.260862
0.174984
0.621254
0.705741
0.662554
0.248132
0.260671
0.174595
0.620878
0.705738
0.662358
0.248132
0.260671
0.174595
0.620878
0.705738
0.662358
0.248609
0.260481
0.174201
0.620501
0.705735
 0.66216
0.248609
0.260481
0.174201
0.620501
0.705735
 0.66216
0.249088
0.260289
0.173803
0.620121
0.705733
 0.66196
0.249088
0.260289
0.173803
0.620121
0.705733
 0.66196
0.249569
0.260097
  0.1734
0.619741
0.705731
0.661759
0.249569
0.260097
  0.1734
0.619741
0.705731
0.661759
0.250053
0.259903
0.172992
0.619356
 0.70573
0.661556
0.250053
0.259903
0.172992
0.619356
 0.70573
0.661556
0.250539
0.259709
0.172581
0.618972
0.705729
0.661352
0.250539
0.259709
0.172581
0.618972
0.705729
0.661352
0.251028
0.259514
0.172164
0.618585
0.705729
0.661147
0.251028
0.259514
0.172164
0.618585
0.705729
0.661147
0.251519
0.259317
0.171743
0.618196
0.705729
 0.66094
0.251519
0.259317
0.171743
0.618196
0.705729
 0.66094
0.252012
 0.25912
0.171317
0.617806
0.705729
0.660731
0.252012
 0.25912
0.171317
0.617806
0.705729
0.660731
0.252509
0.258921
0.170886
0.617415
 0.70573
0.660522
0.252509
0.258921
0.170886
0.617415
 0.70573
0.660522
0.253007
0.258721
 0.17045
0.617021
0.705732
0.660311
0.253007
0.258721
 0.17045
0.617021
0.705732
0.660311
0.253509
 0.25852
 0.17001
0.616627
0.705734
0.660099
0.253509
 0.25852
 0.17001
0.616627
0.705734
0.660099
0.254013
0.258318
0.169564
0.616231
0.705736
0.659885
0.254013
0.258318
0.169564
0.616231
0.705736
0.659885
 0.25452
0.258114
0.169114
0.615833
0.705739
 0.65967
 0.25452
0.258114
0.169114
0.615833
0.705739
 0.65967
 0.25503
0.257908
0.168659
0.615433
0.705743
0.659453
 0.25503
0.257908
0.168659
0.615433
0.705743
0.659453
0.255542
0.257702
0.168198
0.615032
0.705747
0.659235
0.255542
0.257702
0.168198
0.615032
0.705747
0.659235
0.256058
0.257493
0.167733
 0.61463
0.705751
0.659016
0.256058
0.257493
0.167733
 0.61463
0.705751
0.659016
0.256576
0.257284
0.167262
0.614227
0.705757
0.658795
0.256576
0.257284
0.167262
0.614227
0.705757
0.658795
0.257097
0.257072
0.166786
0.613822
0.705762
0.658573
0.257097
0.257072
0.166786
0.613822
0.705762
0.658573
0.257622
0.256859
0.166305
0.613414
0.705769
 0.65835
0.257622
0.256859
0.166305
0.613414
0.705769
 0.65835
0.258149
0.256643
0.165819
0.613008
0.705776
0.658126
0.258149
0.256643
0.165819
0.613008
0.705776
0.658126
 0.25868
0.256426
0.165327
0.612599
0.705783
  0.6579
 0.25868
0.256426
0.165327
0.612599
0.705783
  0.6579
0.259213
0.256207
 0.16483
0.612189
0.705791
0.657673
0.259213
0.256207
 0.16483
0.612189
0.705791
0.657673
 0.25975
0.255986
0.164327
0.611777
0.705801
0.657444
 0.25975
0.255986
0.164327
0.611777
0.705801
0.657444
